0 0.9796294865168755 0.7931641109047702 0.04074102696624889 0.10602416721391593
0 0.8256674266404018 0.30156508057281084 0.08229069822254342 0.6031301611456217
0 0.8375249716999599 0.6666734791411909 0.022691440104523276 0.12287676976904523
0 0.8253559851260752 0.8558738397926872 0.06298878282076784 0.25231542203300084
0 0.5814883061259025 0.8526589857389032 0.023060206394883733 0.26915608541923297
0 0.337589315488257 0.8484181398930531 0.049029825717934544 0.2813809508408546
0 0.3382472842969016 0.9623688942412784 0.025172904494087985 0.053216780428657774
0 0.3142621227446556 0.28957383907598777 0.08344227827619641 0.5791476781519755
0 0.5616045674873308 0.022259725427591054 0.01298219465178363 0.04451945085518211
0 0.5623325573519509 0.09059356814695656 0.011259182920873795 0.016666591219899163
0 0.5688840873647653 0.26327233855576604 0.02168075100625939 0.25750430010469344
0 0.562239448456495 0.4739051047361146 0.012384658530061748 0.08709414927061292
0 0.5741109402346753 0.5773273098634882 0.0176154681542981 0.023649806527107485
0 0.5697150847832334 0.8700453889935386 0.012688209362210977 0.08026614315907261
0 0.5491467343374532 0.9352081953251676 0.008936891728414229 0.04121875921608984
0 0.5956003347364432 0.8951101645192002 0.00797492483942515 0.04324686446242596
0 0.3277787601685451 0.6193456384273249 0.012262898659826516 0.016006475029650365
0 0.3296487645442411 0.6470235384753027 0.010151095057012316 0.013906734769928928
0 0.3305672392434389 0.6771192977092287 0.008143663579107107 0.015226967150426369