0 0.4532275390625 0.16838331160365058 0.010185546875 0.3267926988265971
0 0.4521435546875 0.4871251629726206 0.0104296875 0.1511864406779661
0 0.451240234375 0.6321838331160365 0.012236328125 0.1048109517601043
0 0.3321337890625 0.5729661016949152 0.0112109375 0.011440677966101695
0 0.26900390625 0.5945306388526728 0.0085986328125 0.013305084745762712
0 0.68908203125 0.36959582790091267 0.021669921875 0.017385919165580185
0 0.507099609375 0.13882659713168188 0.0210205078125 0.020228161668839634
0 0.35544921875 0.08743807040417209 0.010078125 0.014556714471968707
0 0.2194580078125 0.37985658409387224 0.019091796875 0.01664276401564537
0 0.67634765625 0.7973728813559322 0.0168017578125 0.03132333767926988
0 0.07376953125 0.9801955671447197 0.030556640625 0.0394393741851369
0 0.2264599609375 0.8146284224250326 0.016708984375 0.020717079530638855
0 0.802939453125 0.842464146023468 0.0134228515625 0.023285528031290744
0 0.8008544921875 0.9404237288135593 0.00994140625 0.01848109517601043
0 0.8620849609375 0.9145241199478489 0.0097509765625 0.018715775749674056
0 0.8668017578125 0.8151043024771838 0.0126220703125 0.01683181225554107
0 0.610546875 0.9664146023468058 0.0102099609375 0.018996088657105607
0 0.561982421875 0.5119361147327248 0.0106494140625 0.09528683181225553
0 0.5656298828125 0.3194784876140808 0.0094189453125 0.07714471968709256
0 0.5668603515625 0.23166883963494134 0.0099853515625 0.034335071707953066
0 0.4869580078125 0.2654367666232073 0.008388671875 0.013324641460234682