0 0.8383142814138419 0.8782978393995744 0.03467944206042747 0.24340432120085118
0 0.712649423615604 0.7703003956496576 0.06587095430053584 0.4593992087006849
0 0.510344551315653 0.7108683811044687 0.01971117257643162 0.0385950540460538
0 0.2910889949415449 0.6940156354464384 0.013844104435173189 0.014418988091221694
0 0.2709890997302917 0.7269261648802046 0.022590872613404075 0.061835967911517735
0 0.2446865659129349 0.6457097220861697 0.012283652544022442 0.0247749121704221
0 0.21387081589169146 0.5998430014638594 0.011738333907020426 0.02341132402026165
0 0.19534186663284822 0.5600455870949193 0.021582035796010944 0.03614426830677465
0 0.115664165754016 0.41576101186600073 0.021814844292332405 0.04207312206171536
0 0.07850069798126814 0.34600154095951474 0.043345144866938565 0.07689986731183651
0 0.04489473515438458 0.28543477379323484 0.0193231584158957 0.028713631121152768
0 0.5489496535979042 0.4729354852971515 0.018467428450465104 0.019444904631071375
0 0.5666442019456753 0.45391193816136866 0.012675864329061924 0.00971552720592086
0 0.5280468130487511 0.49165960932513936 0.015531795567584022 0.01982727559835653