0 0.4758154296875 0.25964797913950455 0.3118896484375 0.06277053455019557
0 0.31376953125 0.18920469361147327 0.0166162109375 0.3766362451108214
0 0.3972705078125 0.08386571056062582 0.079853515625 0.030573663624511083
0 0.412138671875 0.16258800521512387 0.0138232421875 0.13208604954367667
0 0.4130810546875 0.03361799217731421 0.01185546875 0.05810299869621903
0 0.5244482421875 0.019198174706649283 0.0686767578125 0.03515645371577575
0 0.7662158203125 0.011323337679269883 0.0243212890625 0.022646675358539765
0 0.7733251953125 0.21814211212516296 0.05529296875 0.03273794002607562
0 0.7175 0.23013689700130377 0.03796875 0.022874837027379403
0 0.69390625 0.09571056062581486 0.0250830078125 0.0645632333767927
0 0.2760400390625 0.10770534550195567 0.0257763671875 0.02526727509778357
0 0.24302734375 0.10940026075619295 0.00912109375 0.018350717079530638
0 0.0925341796875 0.09328552803129074 0.081923828125 0.025860495436766624
0 0.0959912109375 0.17987614080834421 0.0980615234375 0.12104302477183834
0 0.089560546875 0.0224380704041721 0.090078125 0.03488917861799218
0 0.021826171875 0.009048239895697523 0.04365234375 0.016342894393741852
0 0.012705078125 0.19553455019556715 0.01857421875 0.3157170795306389
0 0.168994140625 0.4883050847457627 0.013671875 0.04471316818774446
0 0.413623046875 0.7497848761408084 0.0097607421875 0.23996088657105608
0 0.392705078125 0.6420143415906128 0.0203271484375 0.033370273794002606
0 0.4591552734375 0.7471642764015646 0.01548828125 0.017040417209908735
0 0.4230126953125 0.7229595827900912 0.00810546875 0.07896349413298566
0 0.5516455078125 0.7383181225554106 0.020439453125 0.029172099087353326
0 0.455732421875 0.9590873533246415 0.022333984375 0.019419817470664926
0 0.4129638671875 0.3782920469361147 0.0088427734375 0.11625162972620601
0 0.4218212890625 0.3975293350717079 0.01048828125 0.048363754889178615
0 0.4105810546875 0.5030247718383312 0.01021484375 0.10528031290743155
0 0.4231982421875 0.4503585397653194 0.0084765625 0.011870925684485008
0 0.4630615234375 0.5432333767926989 0.0143701171875 0.013735332464146023
0 0.3442578125 0.09997392438070406 0.05244140625 0.010984354628422425
0 0.9237353515625 0.11317470664928293 0.025927734375 0.2201825293350717
0 0.8566259765625 0.14925684485006518 0.023896484375 0.29036505867014345
0 0.6124462890625 0.41237288135593225 0.363349609375 0.0750651890482399
0 0.51796875 0.14820730117340286 0.0725146484375 0.1041851368970013