0 0.5253962097771733 0.5904838072939741 0.041199990336004515 0.24285165040042153
0 0.5705201674749141 0.25761365135872477 0.055176078535693826 0.34703839619542576
0 0.5017608541894941 0.048628575885311845 0.03531324307732244 0.04429795355290276
0 0.4624887067635291 0.04468439572522397 0.02971514310724601 0.04040208267707849
0 0.6584528007797199 0.08570293364118683 0.03545258782537334 0.07518971102214395
0 0.6461889670395866 0.177900549341232 0.01936983145751024 0.1044803111953244
0 0.34561844131734115 0.16876824576443483 0.07942187165554869 0.23415840485621214
0 0.23295421919308829 0.1900983201316765 0.13926955514133152 0.3602341930415956
0 0.1560196819581557 0.19675128614366197 0.026831282459639665 0.11278701826184986
0 0.5914494475006852 0.5705916065070356 0.13094048512808742 0.25132714152123714
0 0.6550317630378475 0.7659252297807305 0.056397759999192824 0.036826682012972185
0 0.7119400116181052 0.14426087466731302 0.04556940214110012 0.03551909011723144
0 0.33973177877180194 0.9658857011774075 0.04291403882750265 0.06822859764518513
0 0.23248471884111863 0.46541598048600175 0.02931511352951482 0.0712644836062878
0 0.31626106561300715 0.6481176783939322 0.17500824236386256 0.4404671317294456
0 0.26980065769854483 0.38939693115706014 0.038222518292406193 0.03871040403228782
0 0.1188278326735937 0.46609548748274077 0.022801113304816652 0.02278809445430586