0 0.5924646579384252 0.9340775908445047 0.024933727153745346 0.03585022745700889
0 0.5473482493495903 0.941495898168183 0.05567004162302768 0.07914594355999374
0 0.6142485122302281 0.915397312630112 0.031076016969365815 0.03858899862641076
0 0.51907684389621 0.846467622647081 0.016692448571142167 0.016276023252994907
0 0.545979053867056 0.8661159893024175 0.010163504896014969 0.016898074539978703
0 0.5710936752549647 0.8851051112769591 0.016950681047969252 0.023678445864031245
0 0.4419923425089696 0.7901869070628498 0.02702028322513806 0.0378847303636331
0 0.3816292868646438 0.7435366898172079 0.020115728674625875 0.027739621489109186
0 0.3410885138985493 0.7159167030340048 0.012636714826914412 0.01557175499021755
0 0.3045447854774035 0.6872559742329767 0.014078384561973311 0.01356465774219109
0 0.31677689225716044 0.6982676034385235 0.013117271405267302 0.014902722574208424