0 0.21439943066807435 0.4384287626129028 0.11994136311509801 0.24389133659990805
0 0.0567329421026174 0.1941569568562596 0.05138379736355735 0.09423152169096866
0 0.11651216600239905 0.2868246568393986 0.059299495072148156 0.10127294500470649
0 0.181070395666023 0.6457224493895503 0.08064188480051404 0.07181641350804921
0 0.27199536101913563 0.7315372266775504 0.036032130774009276 0.07886858053436316
0 0.26645041988944773 0.8282642808919152 0.0424457753061042 0.08254189949315784
0 0.38199197471606733 0.6938856830674786 0.04138344487949952 0.07330654464578186
0 0.5299265509810993 0.9210593414431787 0.04881369860649359 0.08097275449389221
0 0.49732058769016957 0.7604810714777672 0.05459433746977568 0.23721075038965214
0 0.4642034622248086 0.5976397449910895 0.017122332002314493 0.04953052126515292
0 0.43140621332874934 0.44330216170606723 0.05196708717307992 0.2173989032450002
0 0.3726509669863467 0.15813369722947304 0.06488044765199359 0.29090112717271566
0 0.40479531190949797 0.018126342732191308 0.035763518537738674 0.036252685464382615
0 0.4756651062792067 0.03986325182506435 0.058402904110476335 0.0797265036501287
0 0.5805235870936651 0.29896914790815693 0.03576923369170191 0.048724412775516354
0 0.6917012403471878 0.5376062277393494 0.03333629862975502 0.051193037452620625
0 0.6978357025982751 0.649343419508844 0.04043541753215908 0.0771773496935569
0 0.695408998848205 0.7373530802988573 0.04894514714764744 0.09604483837331554
0 0.8581026909517662 0.7410119448012787 0.030977660569330077 0.06218066606157302
0 0.710754022702739 0.13023893780933868 0.10858755145758762 0.2366362630634741