0 0.531032789963808 0.5554534875447387 0.09768907520864274 0.8890930249105227
0 0.589618742236086 0.13003137668995557 0.01689957108699355 0.0272698457298741
0 0.5914507679323425 0.040803683831332954 0.012919316334811769 0.019962145843344
0 0.557052122808937 0.07518146792696147 0.006476887673262656 0.013933642091632484
0 0.5814261280310999 0.2320052693541789 0.0069618563359313945 0.011965022891019198
0 0.5324380563044815 0.2595693093277138 0.007449696582909781 0.010655165218732734
0 0.2980593238385 0.3293763294696442 0.014882163659962902 0.017357761267504993
0 0.30229482050859435 0.28201448788942135 0.016058855055581304 0.06085135290580412
0 0.3074629239080036 0.22215150803972433 0.012569312134687333 0.05289255687531428
0 0.3289869267962083 0.23467204053373306 0.01785515049078413 0.020038799687013838
0 0.3269294817316596 0.2721869534187061 0.010913395245018819 0.01268510749428186
0 0.5396287423146338 0.9991755999426207 0.010408325492183772 0.0016488001147584655
0 0.6681108143673569 0.4171335126371965 0.010488729852848558 0.02848771878975673
0 0.6691681704713185 0.3766388421060191 0.010537546786109225 0.03968666477131156
0 0.7856380628385641 0.37482468441083067 0.006451043414477611 0.008004788336691698
0 0.7924893631785817 0.36142738846127026 0.010428426582349968 0.014653726694895218
0 0.7872134108247534 0.3399371522547976 0.0064539149987870355 0.008663549865018593
0 0.7873094443563057 0.305356004709827 0.008445478167032752 0.012646780572446874
0 0.7933099781198277 0.3232345505870529 0.008939061582629988 0.012654445956813901
0 0.7938967234826678 0.2880023068981225 0.011409850244925367 0.013351534406975632