0 0.25801271359450306 0.9501412701759288 0.04659948127344239 0.07618822322421533
0 0.29523287218069116 0.9690430406537291 0.04214854045008292 0.03470357551307441
0 0.21660772921244928 0.5752430289040323 0.03285186790734428 0.08195179871795812
0 0.19565422106883415 0.3869160310492421 0.06064708757502977 0.2405282062436789
0 0.2539107607867801 0.4365056283330141 0.0678341492277186 0.041595453672336455
0 0.16575187798548915 0.10079588176271036 0.0238392159479271 0.05377606345309481
0 0.22627686641732989 0.15775218598187213 0.030768853474579548 0.054099403911351776
0 0.24605618029074858 0.10772391866210215 0.0368060888780858 0.064344509655233
0 0.26276747188950483 0.05036625292135675 0.02486764777929407 0.02108714771839059
0 0.5335971343354061 0.21884967491654309 0.03153718705638489 0.03705513150322028
0 0.56676381711778 0.22584216202962412 0.01914058372914 0.02864830978077724
0 0.5996043561946336 0.49616843393192606 0.03385548603044324 0.047838381558752495
0 0.5643734921043233 0.5006590114151563 0.019103363166737615 0.026511557644025102
0 0.6281862606872063 0.7969394675054828 0.06327243809166078 0.054904366118614135
0 0.5328338537680403 0.7060246384794845 0.11830724311452309 0.523617348821801
0 0.5278917641827408 0.4240773694165197 0.0280539808554844 0.05112603934763461
0 0.732128631345214 0.5170283114332145 0.02386447534344945 0.08580247316143398
0 0.790438104939611 0.762325184356804 0.051558211741791 0.08567133356996043
0 0.7389377296340673 0.7070828024443659 0.04606643223293055 0.07616335088127252
0 0.6954827173527359 0.6486183325387826 0.04351284871757882 0.08244924557681493
0 0.7533110339539206 0.31001094291951947 0.022822299596185817 0.025973413332374153
0 0.622297311391412 0.0031982899438949782 0.024062093635086584 0.0063965798877899565
0 0.6096647549919922 0.025639785290030612 0.022016745451978334 0.040880933603753486
0 0.5970135883113715 0.06394870075553226 0.025834936714499077 0.04604079499010838
0 0.5819202769589789 0.10486241925715419 0.02748371125257053 0.04896441486793975
0 0.5675272843342809 0.15143683494236757 0.018285402168396244 0.04070682720315363
0 0.5556322672249585 0.19220131938633242 0.025921784693437734 0.0510265499758634
0 0.5068376641442902 0.33325410211124845 0.028103608272020915 0.053975042196637533
0 0.5201335415526295 0.2885100578925476 0.02523985340331671 0.042454669085911896
0 0.5332805367113597 0.25231302222085517 0.023603485719379386 0.040243299920331356
0 0.4554877309937454 0.17066879923577655 0.076008037665814 0.3413375984715531
0 0.45815052491640584 0.3305441665047633 0.05205404021990059 0.08355945377615101
0 0.4958660662934491 0.38215972506021084 0.0535783005293769 0.04875865824763739
0 0.4756157376501892 0.4286516111616701 0.029529059435678785 0.04407814925395605
0 0.4445240831244962 0.5165704877334593 0.02685140737898602 0.04324153682699117
0 0.45808648505309135 0.471814007343287 0.024681990654536846 0.04100529531846783
0 0.4323501346407838 0.5580596590611463 0.02677696625418149 0.038968032553486895
0 0.4610660994434253 0.5912358397434496 0.05429745238190007 0.059467291274341035
0 0.4683479952511367 0.6624190788375608 0.05862387897666429 0.06322752357913733
0 0.4387755118259886 0.7089901055843943 0.023157284657806195 0.04520418256314338
0 0.42488455110646717 0.7573202757072917 0.027558152377375057 0.05323791914144394
0 0.3531059136386159 0.9642076393076789 0.024632363238000454 0.03815629246946498
0 0.3643686268743538 0.9291660329046625 0.019748073894456254 0.03294668639722415
0 0.37806107792772986 0.8922318741777766 0.024186162176427384 0.04311717511227717
0 0.3969976170945387 0.8294328387233795 0.0181613336270552 0.03358432008064646
0 0.3874395092404756 0.8583456970434362 0.016524965943117757 0.03137295091506592
0 0.410603220168976 0.7974844349822485 0.02359107886524526 0.03953104920808081
0 0.3439966809696512 0.8144699305675211 0.03182254470146888 0.053436897884986664
0 0.38972924235909695 0.6810325782074232 0.02754574552324093 0.05252566842919323
0 0.3988409625024519 0.23438920076886957 0.037351544772731594 0.06508163271042655
0 0.26914121606552927 0.3418542895708777 0.04336396646796971 0.0739022370298063