0 0.2390156588582464 0.030311464948523516 0.028365270769647885 0.0289692284497401
0 0.23759277391655723 0.07522058729844021 0.031118398354615703 0.04336355260724163
0 0.23039284678370267 0.2833284414490746 0.04581919849978251 0.34404533561140765
0 0.21719830275414664 0.6228278882709044 0.03210137396923128 0.09029744465954502
0 0.21356848259557368 0.7122340163974297 0.028028518403042723 0.08220139447793433
0 0.26582043189329524 0.7462560832193283 0.03315745480322446 0.041376110382977
0 0.20963320534905536 0.7841153471175689 0.022217054852675475 0.034219304410283743
0 0.2329968520836477 0.7939673030848733 0.010552069103709618 0.03482260131610515
0 0.2636937417697911 0.7950452570085021 0.033726807745911164 0.030054753943209094
0 0.21350237565982158 0.885477398811933 0.012058076511806652 0.032797831613718575
0 0.22852877450413145 0.9026042004421677 0.013807199158043156 0.048542002239478056
0 0.25596577421993993 0.9675501918014879 0.03194614111350111 0.0648996163970242
0 0.49523595069130166 0.763750063975275 0.05086124734761015 0.142736647763373
0 0.5324951763813739 0.7860058732478801 0.03269125882100618 0.10383020819230857
0 0.5208569747025802 0.9180739034671725 0.055762343087711885 0.12106747794294076
0 0.45810453478138324 0.8918896231079677 0.03339531271033497 0.07121598534126278
0 0.5365741769915094 0.5391005333326109 0.049680980229032924 0.18880897919093817
0 0.5425959682562735 0.2169594245795869 0.04104328387432025 0.22228779129465775
0 0.552989429716197 0.07051573394185387 0.031547793019631475 0.0654059972088919
0 0.4492258889122576 0.046817781848209956 0.03545014115203062 0.033015739226577384
0 0.4340371173382155 0.12541253174548422 0.015059576665942785 0.05289016146922578
0 0.4011927569119659 0.16133428738077063 0.006732843437718224 0.02035362220236003
0 0.9080423635795131 0.9845846202796731 0.03262440576271262 0.030830759440653728
0 0.8166428537903532 0.9946474426610751 0.07334294417756825 0.010705114677849915
0 0.9225697789178622 0.6872253980005255 0.03767448219746048 0.18157751826200175
0 0.8979700240834845 0.791594848340188 0.018128427293400026 0.06233605811909413
0 0.9587625507022599 0.273964617726753 0.07607831010933938 0.4164618575084412
0 0.7683198224609287 0.3620769290018376 0.012968941737099816 0.029311233008708665
0 0.6659691493516481 0.3427644636160634 0.09769922794915578 0.5954950500022866
0 0.6213546220826144 0.8864988503471173 0.0700710473000931 0.22700229930576546
0 0.7522057987964519 0.22270732583926903 0.04611588187826647 0.09482921265196599