0 0.37427734375 0.4429530638852673 0.0219873046875 0.8633050847457627
0 0.421796875 0.09855280312907432 0.07796875 0.06151238591916558
0 0.42326171875 0.3941981747066493 0.0516015625 0.05741199478487614
0 0.2330078125 0.9090221642764016 0.051953125 0.12226205997392439
0 0.474072265625 0.8767209908735333 0.0389599609375 0.10125814863103
0 0.4842919921875 0.9567861799217732 0.018525390625 0.08642764015645372
0 0.7256591796875 0.9515775749674055 0.041884765625 0.0968187744458931
0 0.680009765625 0.6881355932203389 0.0520361328125 0.02885919165580183
0 0.7525732421875 0.7010299869621904 0.030888671875 0.3123924380704042
0 0.636474609375 0.26190352020860497 0.1843994140625 0.3519295958279009
0 0.76779296875 0.11223598435462842 0.0218701171875 0.11279661016949152
0 0.28673828125 0.48606910039113427 0.0101904296875 0.06346153846153846
0 0.4584326171875 0.7660756192959584 0.0161328125 0.045528031290743155
0 0.266875 0.07046284224250327 0.05837890625 0.12174054758800522
0 0.554384765625 0.5400847457627118 0.1192626953125 0.2145567144719687