0 0.7836073575854291 0.8204894723692442 0.1361673553915781 0.3590210552615117
0 0.8164325719779241 0.3822702134890313 0.14404191143398176 0.5067404270915988
0 0.3567459304254483 0.653434942252972 0.2129057060251573 0.6700841337518144
0 0.4143815010291235 0.18117508141382319 0.128239441848823 0.3078539210969906
0 0.11237795930115711 0.20605147193741385 0.15459885053948702 0.4066451737762419
0 0.061618347241704376 0.5904572902140064 0.07477197769762846 0.38790758742101983
0 0.161340119202613 0.7642052733170605 0.07228308145642744 0.11697931533828516
0 0.544387957508138 0.9974104058830053 0.0261244801534901 0.005179188233989306
0 0.5463440132196109 0.733258210622279 0.08030734957106803 0.15449027830483758
0 0.4833304688808953 0.46527724461629055 0.09984994229303845 0.19289729307862039
0 0.45051216287643214 0.31622124935763024 0.04728049134922298 0.08301937955599206
0 0.6095979687402935 0.9781827588908438 0.0716206880556713 0.043634482218312384