0 0.1298291015625 0.4972359843546284 0.0832275390625 0.9944719687092568
0 0.4961474609375 0.0965645371577575 0.0324951171875 0.13689700130378096
0 0.5111474609375 0.016877444589308996 0.05484375 0.03375488917861799
0 0.5046337890625 0.5867666232073012 0.05484375 0.8119491525423729
0 0.7897705078125 0.8652737940026075 0.0521923828125 0.26944589308996086
0 0.8127197265625 0.34463494132985656 0.048388671875 0.6892633637548892
0 0.30478515625 0.46458279009126463 0.032744140625 0.04172750977835724
0 0.284130859375 0.23166232073011733 0.0246728515625 0.0611864406779661
0 0.29357421875 0.1772555410691004 0.050244140625 0.039400260756192955
0 0.2993408203125 0.7447783572359844 0.040048828125 0.04747066492829204
0 0.5400244140625 0.101251629726206 0.031650390625 0.15964797913950457
0 0.3554150390625 0.05363102998696219 0.025166015625 0.09788135593220339
0 0.29984375 0.30360495436766627 0.044189453125 0.08679269882659713
0 0.427119140625 0.14196219035202087 0.0114453125 0.25445893089960886
0 0.428125 0.4836440677966101 0.0134521484375 0.33975228161668836