0 0.4183935546875 0.11000651890482399 0.0118994140625 0.21239243807040417
0 0.4166259765625 0.6479074315514993 0.005654296875 0.7041851368970014
0 0.5365185546875 0.8646284224250326 0.0081298828125 0.08685788787483703
0 0.659833984375 0.9430378096479791 0.008955078125 0.09515645371577575
0 0.4299658203125 0.6396284224250326 0.0095703125 0.07748370273794003
0 0.5659521484375 0.4801890482398957 0.030439453125 0.058487614080834416
0 0.634677734375 0.1540547588005215 0.0179736328125 0.047705345501955675
0 0.3633984375 0.07257496740547588 0.01099609375 0.04103650586701434
0 0.3515625 0.15782268578878747 0.0174462890625 0.033311603650586705
0 0.4354638671875 0.2808930899608866 0.0168603515625 0.019178617992177314
0 0.42298828125 0.2555475880052151 0.0083349609375 0.011629726205997393
0 0.4064111328125 0.25558018252933506 0.0101416015625 0.013820078226857888
0 0.410751953125 0.2279335071707953 0.01458984375 0.027835723598435464
0 0.44931640625 0.18595827900912645 0.0207275390625 0.03772490221642764
0 0.453447265625 0.1521186440677966 0.00939453125 0.014119947848761407
0 0.4068896484375 0.13097783572359842 0.006328125 0.010032594524119948
0 0.1627880859375 0.25097131681877444 0.0086767578125 0.01379400260756193
0 0.2077099609375 0.4627770534550195 0.0116455078125 0.020189048239895698
0 0.2114990234375 0.6747196870925685 0.011806640625 0.02136245110821382
0 0.3606982421875 0.9362190352020862 0.0139990234375 0.02636245110821382
0 0.46505859375 0.9803780964797915 0.006123046875 0.0121251629726206