0 0.5784244267770486 0.9135338351012053 0.02679018020646204 0.17293232979758935
0 0.5842814138398998 0.6690013330821359 0.028703999345895927 0.2619066375425534
0 0.5890570390970399 0.48218836656676667 0.012677405228011673 0.05715963705309546
0 0.5952146820152981 0.2801801722418173 0.03338832138152739 0.3049855696784949
0 0.6000072765602932 0.0648433034290478 0.009177904598025092 0.03996272923589387
0 0.598279351609489 0.0959773995224228 0.027005146102740168 0.0607678826036649
0 0.7321202499258195 0.2669661940839208 0.04611580174497395 0.03343213715697254
0 0.7057123706022359 0.28739577593900195 0.013878384776834372 0.02531358466819154
0 0.8587625172926737 0.3570259019206042 0.016779818274713795 0.03907744775848994
0 0.9042479464109107 0.6094497418960483 0.023676982224106417 0.030677488901121597
0 0.870006196643053 0.5927168934073236 0.04531083699645091 0.041532034097723894
0 0.7375820872916787 0.592626429123862 0.028088130197804734 0.043856132430633174
0 0.7796892234372158 0.6088299742809473 0.03233440899411174 0.08962446881926346
0 0.7823441643136853 0.7006825510661676 0.040705726554260434 0.0792787461834209
0 0.8112203007638843 0.8719312829915362 0.0385155103576386 0.092725767446864
0 0.787071325933018 0.7940224087998172 0.026111279191560307 0.06546641900019871
0 0.7673545132953619 0.7398205537333415 0.02208483315959198 0.04755755489146754
0 0.6956818487625571 0.564889942299122 0.028899562520289288 0.05545244246365878
0 0.6689490763687995 0.6117867680337301 0.028603762741216582 0.06358402358709576
0 0.6415180218217075 0.6708651233621508 0.033275149628924555 0.06727054177548328
0 0.6149630537532642 0.7245646701851941 0.028497080146027653 0.05950239093403454
0 0.5942780294790478 0.7694607537310763 0.02001261241672875 0.046070273943038594
0 0.7053527386034021 0.44867524414517224 0.04439434436813125 0.08426244022412457
0 0.7113697819342147 0.5135704100381354 0.07398409917843954 0.04942879730770615
0 0.5415753778341261 0.4062233805157303 0.0584602240394965 0.0389544623033304
0 0.4673641779644354 0.3870033236861905 0.02148029845352308 0.02442830319078758
0 0.5050690563525401 0.39036836136818603 0.0229011107666848 0.020441723085783067
0 0.48597785739082255 0.9978479461619761 0.021166718241918844 0.004304107676047612
0 0.28154726784502515 0.5418359481198066 0.026413546544594758 0.07703104485053885
0 0.29558080964658195 0.3980469353301272 0.03307956487107869 0.05978754857820437
0 0.2779685448298714 0.3368448019428796 0.026093498759028895 0.06478614689135503
0 0.2614812925472495 0.2797876695740642 0.016608481523360967 0.0519709336438316
0 0.24711071208881966 0.22591849842578693 0.02064624041389896 0.05086386288762882
0 0.2328023631442498 0.174430279658462 0.02069958171149331 0.05290467921415951
0 0.2216112355302406 0.12551311836820278 0.01799373297145987 0.04662380932113994
0 0.19857596037489322 0.0707651800598495 0.03984095293418153 0.06564161982386472
0 0.3225374597363361 0.41806185976855104 0.03854460364873991 0.07439010469077412
0 0.33941505959824664 0.35391220998759376 0.03496266843005779 0.07348804330313184
0 0.35438046261007683 0.2943977282377991 0.027022926535271812 0.06144815471250843
0 0.36816185536093887 0.23820539657550824 0.022878485049545236 0.05847359281565
0 0.3833228431306149 0.18617390802299247 0.02382569325831968 0.05581587274564686
0 0.40002910624117266 0.13491774412737687 0.02749653063965909 0.06011929467750694
0 0.41465425839260145 0.08183416322891027 0.024352638660301195 0.05652782903717598
0 0.4316805692887251 0.04282289729247836 0.02323893898478219 0.03336689315381016
0 0.11299180521767373 0.17071015123465602 0.08334465338638725 0.057482105793324884
0 0.1669609448791639 0.9422049044852856 0.03903598818565861 0.07374151676461589
0 0.19628318205682388 0.8679630055299702 0.047189095270821865 0.09394467066136174
0 0.2199245926241413 0.7903113560753181 0.04792293828921903 0.08312368528523639
0 0.23884450879313712 0.7167804755926362 0.047431553752300334 0.08377227321139415
0 0.2609729710976548 0.6298659422118824 0.04205057185268824 0.1112832194817528
0 0.7248643082891746 0.8937241721060498 0.05110076884428627 0.029667346330766772
0 0.20188966394178612 0.9657721582451312 0.03147448065864099 0.03727520062099639
0 0.22235890038332126 0.9320688803124817 0.024541755844185376 0.044314615260677814
0 0.2435385429814372 0.8963723123273302 0.02547118362042835 0.04097662308183137
0 0.2625158453796849 0.8639345260643111 0.023854786549420873 0.03748020998955697
0 0.2819134105847255 0.8281270634397602 0.03070507677518089 0.046735641779434976
0 0.3002748654183344 0.7915759603409944 0.02292535877317784 0.040818202168403414
0 0.3189620244667942 0.7577617877689458 0.025382281457771178 0.03757526253761369
0 0.336044910447493 0.7306394416459329 0.019514760305848547 0.027022654895419544
0 0.34664200506932635 0.7082072419643346 0.015441440550247732 0.026769181433935176
0 0.3944000633894281 0.716952025970603 0.017057837621255206 0.03026559452620958
0 0.43104783877004127 0.9229822358588251 0.021682350785330574 0.0516075033618436
0 0.41710964512165083 0.875931627890326 0.015797049200876417 0.040374623610805925
0 0.40531802773323033 0.8429374927925186 0.014589602078091972 0.05252446902193288
0 0.3964537033468094 0.7955234545420314 0.02048621652111603 0.04474141390803699
0 0.3849223248723988 0.7530371941031002 0.02092425976044037 0.042052009655348305
0 0.374610517524019 0.7085893277943525 0.019450106149684416 0.0439977734338222
0 0.36349940185640134 0.662733390993889 0.02013707544444886 0.05083217870494335
0 0.34659512055396746 0.6188940384734943 0.025364501025239652 0.03689499042877015
0 0.3413248553894753 0.5825703011519597 0.01836065448065845 0.04121331663307711
0 0.33120863279894147 0.5456054280404907 0.015601464443030661 0.03289163041352701
0 0.32377158829964386 0.5139010166587759 0.016602013949399454 0.032274726670054564
0 0.3044548353939453 0.47500528404128006 0.033019755999522706 0.038050525277896645