0 0.412451171875 0.5329465449804432 0.0249365234375 0.9244850065189049
0 0.47625 0.024895697522816167 0.0093115234375 0.04393089960886571
0 0.4757177734375 0.31453715775749674 0.008818359375 0.4554758800521513
0 0.4779931640625 0.6580312907431551 0.008349609375 0.17863754889178615
0 0.47705078125 0.7998370273794003 0.01017578125 0.05367666232073012
0 0.4778564453125 0.9002086049543677 0.00609375 0.09123207301173403
0 0.537021484375 0.8725423728813559 0.0555029296875 0.036766623207301175
0 0.5897509765625 0.88132333767927 0.0189306640625 0.01867014341590613
0 0.7009521484375 0.8364146023468056 0.018759765625 0.06005215123859192
0 0.8509912109375 0.19347457627118644 0.0134326171875 0.061323337679269875
0 0.888251953125 0.016069100391134288 0.01353515625 0.012490221642764015
0 0.830888671875 0.029380704041720992 0.01333984375 0.04988265971316819
0 0.8429052734375 0.07842894393741852 0.016708984375 0.04706649282920469
0 0.851796875 0.12242503259452413 0.015849609375 0.043552803129074315
0 0.862578125 0.1668187744458931 0.0152392578125 0.04623207301173403
0 0.6016259765625 0.08473272490221642 0.0172802734375 0.13288787483702738
0 0.5693896484375 0.06691003911342894 0.01982421875 0.09591916558018251
0 0.6783349609375 0.03474576271186441 0.029345703125 0.06007822685788787
0 0.3502880859375 0.0560625814863103 0.0549267578125 0.03489569752281617
0 0.3539208984375 0.3473728813559322 0.0516943359375 0.04039113428943938
0 0.3557177734375 0.6233050847457627 0.0486962890625 0.04329204693611473
0 0.3560107421875 0.8845110821382007 0.04693359375 0.04423728813559322
0 0.5399365234375 0.2561342894393742 0.021337890625 0.041251629726205996
0 0.602021484375 0.33029986962190355 0.022939453125 0.06129074315514993
0 0.62013671875 0.24028683181225555 0.025869140625 0.07065189048239895