0 0.4100234820059464 0.315460753156518 0.06404022440759155 0.171074034792083
0 0.36849514215938556 0.3230201475393166 0.045237589973706076 0.13137330044117154
0 0.2595116546476534 0.252120064129161 0.05095483345580861 0.10311578497895091
0 0.24771874486434295 0.4241102528628916 0.10465946591269874 0.5720120316630999
0 0.47309498590401416 0.12964148606354517 0.05898601162882463 0.25928297212709034
0 0.5272384066164247 0.5227795508847122 0.0894907688134349 0.44387171261972036
0 0.5722283439705194 0.8660394739367834 0.051028415173199934 0.1964526396398036
0 0.6738684627814696 0.5713160133752453 0.06261821788831377 0.05974044976681946
0 0.704703834634805 0.8359791740511564 0.03689448199252343 0.038599255700439955
0 0.631652600137819 0.26189036809112065 0.04517605549148824 0.03872800871254583
0 0.8172023721109156 0.06645752519961452 0.056636800769956516 0.1322418987650442
0 0.8407126273552448 0.36545766284309017 0.04423766945429035 0.07397357706634436
0 0.721452631855969 0.8993253401336715 0.03957885159233968 0.0441719944745375
0 0.7202636341084308 0.7150922187329019 0.06804762603259712 0.10407290099864663
0 0.3975914196052562 0.5686975158320164 0.03735227692912357 0.06487864712505943
0 0.47328922121215755 0.42648001820692966 0.054012234577225655 0.10039781562958346
0 0.043324208279629475 0.245801855519256 0.03422345793423058 0.12290555692606032
0 0.29071959010843046 0.9706655367998818 0.03346404934950548 0.049607933173272736
0 0.7901293107302964 0.5809162125242465 0.056684556941867956 0.10527899147145432
0 0.12227581016000674 0.25840191348552854 0.15793292422528205 0.3626620772243719
0 0.557799972972015 0.16451752148426468 0.03240562372935372 0.10766703122730015
0 0.37099746977987064 0.8328707746649598 0.175386268319715 0.32490776316587805