0 0.08187457074922563 0.4903587112094168 0.15556045936454765 0.9807174224188336
0 0.48679960044647114 0.4910696440708878 0.15045689403693902 0.9821392881417756
0 0.825972809414301 0.4842985056551525 0.131931683062135 0.968597011310305
0 0.28692767486380144 0.5447262810369619 0.040576845834513105 0.04903882493150912
0 0.2591278514839052 0.6921472000479004 0.054448659083967656 0.03519561150387213
0 0.2396799450630605 0.9740780842774566 0.03884861196785816 0.01301577017646573
0 0.42794943630385374 0.2760482603447667 0.03169435303871481 0.2903171483659013
0 0.4124591854376489 0.47548634918527366 0.01550276994141962 0.05381723968135769
0 0.39856936181165936 0.6471762042259829 0.032981316551206286 0.23859069245644138
0 0.37831963755637954 0.9514309007652514 0.01790221998587964 0.05894432045437909
0 0.2930856787304134 0.0853302884815124 0.04521016619100586 0.03339831360757908
0 0.20384820243042953 0.1836083018415463 0.1726703696806728 0.3672166036830926
0 0.710411850934376 0.947512804288994 0.08851203147445313 0.049463634379079656