0 0.3893949709196305 0.18967917345036114 0.178789941839261 0.3746976098059931
0 0.514807063022417 0.19412923469482202 0.20773912604483383 0.38187423055675984
0 0.30185387611542097 0.2835429161160578 0.06331342448858734 0.10268248593090262
0 0.1785134902594854 0.12964639742506062 0.10588452090551304 0.20728937158889965
0 0.22090233314510088 0.26588231403616414 0.051556877133540624 0.0838214466916606
0 0.1831613535030754 0.009417286692382006 0.05694770700615083 0.01643138082029428
0 0.31170774727504785 0.13346173505837014 0.06958299985882567 0.1986652893517954
0 0.32316389353668185 0.45576417654025136 0.20773496122617394 0.2504861889210996
0 0.32883863725689033 0.6514999219756058 0.06827345425766965 0.18058057597918706
0 0.6359192780151918 0.08210414068526097 0.0763949279963685 0.10417445098324885
0 0.7049296946818584 0.08264020636672939 0.06050718591240525 0.07415852661975318
0 0.9154618358229949 0.206278749444279 0.028721428043426537 0.03776253626576473
0 0.9801035139134797 0.17827871847841384 0.018552578925077747 0.03142697384128064
0 0.9960274569590927 0.20903051092126243 0.00794508608181464 0.0745262288348524