0 0.5105907706716153 0.8612345407877221 0.07410284329524304 0.2775309184245557
0 0.47505608009122324 0.5450932431471168 0.0464487786949526 0.1649829712595754
0 0.44860451331828877 0.3593940950341369 0.05368995440084639 0.1922413779572701
0 0.41308532664115893 0.04176406994597866 0.016145789169647255 0.028262192276280625
0 0.34065552419016465 0.059067352153683486 0.05204581078670512 0.041499995987198376
0 0.24342211081356824 0.10376773194401809 0.06283173449327413 0.08797749502312184
0 0.36809216921061166 0.3015254157181205 0.059478890163148695 0.05889614776278413
0 0.4117139655419575 0.3051980685502079 0.04028947290386603 0.0601248802388697
0 0.3823344695634933 0.57150164416664 0.02408334778520935 0.029886403377608967
0 0.40999902106766295 0.5475133622423969 0.03300807323196581 0.03154895048452151
0 0.445198504600424 0.8189629923379103 0.02761887962640264 0.03265562551046126
0 0.40928381891212356 0.8380140875163993 0.015471197907021523 0.0223141705185476
0 0.2911493811372937 0.9862559070269393 0.023417972682065438 0.027488185946121346
0 0.26522742258586435 0.7249143095656766 0.07573781473537244 0.04242006012122247
0 0.6595264334525586 0.9611734238237755 0.03776121987687031 0.05805275563992853
0 0.6301008126912151 0.9214474582435462 0.03033735665990867 0.05710647406971929
0 0.6055963620146013 0.8904866565608826 0.02643980912465839 0.04247954442698588
0 0.5803314242315887 0.8601558644023571 0.027587871819878138 0.04778797265918422
0 0.5504595715964543 0.8593255809975942 0.01624634908466311 0.031555999917914225
0 0.5440505236891326 0.8102705398567402 0.022450917833874293 0.0410086773479949
0 0.5703256687020446 0.7994191524934479 0.03058959627946776 0.04922050373259053
0 0.48134865526062437 0.6788949806919184 0.056285262033009174 0.06732587161148652
0 0.6464505621356554 0.07028316835510681 0.03977409784122622 0.091687929590177
0 0.6748718324985028 0.07006780545900317 0.029328398181671628 0.08865035541823443
0 0.697704943987642 0.6008969656901249 0.07540512718380049 0.0476709843450444
0 0.7672725571084067 0.6530642727167035 0.05026755796222949 0.14473387590657566
0 0.054304684612309875 0.3012114414549732 0.015471197907021495 0.022314170518547748
0 0.04139063696239173 0.19815106370941868 0.016579036636234955 0.026305075694092593