0 0.8843952331979458 0.5424155432311126 0.23120953360410845 0.6075502737363794
0 0.7782974133127377 0.10169275531049443 0.11000427632041644 0.2030189865248302
0 0.46665132984319235 0.07402116952866741 0.05352123892135736 0.14804233905733483
0 0.520145207574758 0.046912018110674164 0.055026918043581965 0.09382403622134833
0 0.4366372428241831 0.30466622977619 0.060079261297142035 0.23397152303383278
0 0.4017264720249216 0.603138531690121 0.05463923764289667 0.20524870701904416
0 0.27778906012820603 0.5132039027231031 0.04210225060552089 0.07075585694088843
0 0.3309171333727403 0.39047966894907754 0.0420689956521543 0.06059422674225134
0 0.19533481024010432 0.01706562294073075 0.049686013922831604 0.0341312458814615
0 0.5531522403967523 0.7180246475705324 0.025526228402356632 0.037539697376974816
0 0.6421043050049179 0.4819733443393721 0.03388042674736962 0.050524688007134944
0 0.7575726211167652 0.3262210682956759 0.10462261016621353 0.20405219813219175
0 0.7930808088429984 0.4343726571006001 0.04004947806926018 0.11123257199937257