0 0.5383478108107825 0.10717870594651806 0.1127908079794304 0.160500767420253
0 0.5439563006165014 0.2566076296871054 0.026174862731484 0.14530969413484904
0 0.4150453527225848 0.052273533980581086 0.06673992010485548 0.06300234943744848
0 0.4197502180988553 0.14822020138465244 0.023282848852796318 0.13257980994756086
0 0.1934158383968434 0.08072288855059892 0.1281929333381894 0.1473695830334924
0 0.19249864788523255 0.18264982472865035 0.022374408719591878 0.06687403853327023
0 0.4699913497070343 0.6301060494230407 0.025542209299706735 0.0202488462399243
0 0.4139551732524592 0.626357856486403 0.01396294850758426 0.016824768403269005
0 0.6825420012015669 0.7370153115075813 0.01836470682975132 0.026842932753279647
0 0.6269752788597922 0.7668193049773897 0.012590310479888213 0.025830194534253018
0 0.6260352372788841 0.8676972901064899 0.015177643434612255 0.02457406473552707
0 0.6841969095984821 0.8369868171876063 0.019920153411825386 0.026229115013904347
0 0.5880498017429621 0.7203478723735997 0.04877690111494275 0.030593505409738066
0 0.6413414890770753 0.7061356730381814 0.020952039784475365 0.02558680295455386