0 0.40197389444030357 0.027735750665610633 0.02497278138415866 0.0069947018223399235
0 0.3878796890168698 0.1649913579196818 0.03931005982604485 0.2601994429531164
0 0.36494881303222904 0.40172417615944156 0.031400059651601 0.19713914619922784
0 0.3355761870787355 0.7142672603974509 0.054333897871379634 0.43727707625878787
0 0.5616006605132321 0.8368522540791031 0.07488381575365806 0.32629549184179374
0 0.5967442599139701 0.5627866450111745 0.05958186707963424 0.23969810277754502
0 0.6347756525832533 0.2501019197699757 0.08215135037744357 0.39616256344934986
0 0.8922625623443876 0.1252702634042201 0.01848989959765373 0.03787532445423056
0 0.8751607628664605 0.2514514118206814 0.04256021768757176 0.18831238869450032
0 0.8370732574666955 0.5185420636780204 0.02469763299060733 0.06070451423829396
0 0.7867478496521609 0.8216505623671365 0.08118634067102656 0.3566988752657269
0 0.6785751331684077 0.9519964564137804 0.008756520475342271 0.023667882806334476
0 0.5890480033641906 0.9266921491046621 0.023703000932811028 0.06608332274367101
0 0.6745862836309261 0.4060221728376941 0.009834095117001767 0.03733669334857632
0 0.7890218743319647 0.14980659736277852 0.09427880140641096 0.14188431138284746