0 0.10119141990349971 0.773862241920608 0.016130638568164442 0.017651211582189973
0 0.10312069752649784 0.7179361789793643 0.019490071256325913 0.039841581792868265
0 0.2592034448317575 0.40337047079942956 0.012062174409594756 0.01962933017179859
0 0.4486578811422456 0.31173977348667786 0.02620608240122734 0.024796195146253582
0 0.5062544769982338 0.1614083698827902 0.03735367449336198 0.30007445600018484
0 0.501847233736473 0.6284220610327703 0.056217026680167564 0.5741506601279219
0 0.4680643663187515 0.6162326753565117 0.0727360865278422 0.1578624885481801
0 0.45212741662846023 0.9945585472669086 0.019705611913353103 0.0108829054661828
0 0.5040552901512644 0.9836568952395534 0.008199337816466246 0.03268620952089339
0 0.7051570779511879 0.800731263847511 0.02003605847744768 0.12968440660293687
0 0.6847444218042138 0.3486862461543202 0.021439926979545897 0.036432052235270046