0 0.830386964936776 0.38178347172204125 0.15184711993098202 0.27561062156319455
0 0.9225801368433317 0.35585687074728845 0.0628778404679808 0.16975684999263133
0 0.5846497441966594 0.2287805845611961 0.102545171800856 0.4575611691223922
0 0.5175800454438146 0.11806705150411502 0.09728607272948789 0.20171701241934542
0 0.34366211097195604 0.701773291943792 0.031170150816337745 0.06722922392636273
0 0.5271098087252795 0.5923041599864006 0.04324242203416187 0.12710713370043214
0 0.49905135487480357 0.5928823495758601 0.04685229092229304 0.13938012143736703
0 0.6229096494281587 0.5984024498233242 0.050536328943358015 0.20711603893695846
0 0.6752976216905254 0.4366503107575 0.030595056525419405 0.11908565669347815
0 0.746062818263388 0.5916830944941472 0.050423710642626136 0.044329555124493394
0 0.7343005428997829 0.7916550593450224 0.023928435220461702 0.04196278735739214
0 0.7747192860026879 0.8720134761534007 0.05276893715771245 0.03282313520306322
0 0.2019714729053174 0.4853467092334265 0.027502584143456497 0.10609639938147908
0 0.5000998659996084 0.4347704798414773 0.0432506577082538 0.18040868017778597
0 0.37653464909619616 0.7731867221039417 0.04663618370710624 0.06158708924662047
0 0.44305711260609887 0.201119414818065 0.03535144301443367 0.09823420013592024
0 0.6435396002490925 0.8413401103779571 0.06019927567773097 0.24104477472728641
0 0.5572666734597491 0.4080356360264595 0.08016163220309852 0.13531722910903798
0 0.5045842589461088 0.3054435217508354 0.0411444580062605 0.04065599380836507