0 0.369404296875 0.10505215123859192 0.013251953125 0.21010430247718384
0 0.37287109375 0.48223598435462844 0.01361328125 0.40119295958279005
0 0.3815283203125 0.8041134289439374 0.0228662109375 0.09739895697522816
0 0.5204345703125 0.08746414602346805 0.041123046875 0.17478487614080834
0 0.5116552734375 0.5471316818774445 0.0268798828125 0.7195501955671447
0 0.6886865234375 0.7283963494132984 0.0114599609375 0.026140808344198175
0 0.70064453125 0.8811212516297263 0.01494140625 0.017099087353324643
0 0.7405126953125 0.8441199478487614 0.0085302734375 0.011473272490221644
0 0.627275390625 0.953102998696219 0.0234033203125 0.024295958279009128
0 0.897783203125 0.8207561929595828 0.033154296875 0.05672099087353325
0 0.874287109375 0.7825684485006519 0.010009765625 0.009230769230769232
0 0.9753515625 0.9580769230769232 0.031005859375 0.0526857887874837