0 0.17360332879868304 0.2127449162792015 0.02062178294207676 0.0775219648886026
0 0.18738871922841244 0.42268136587842714 0.029562277866121228 0.18243131510273808
0 0.21235095969763976 0.7526712233643853 0.02105723048042681 0.15347305057158328
0 0.5229190253159868 0.9471350245816604 0.011610637447806221 0.029199938255096817
0 0.5016194433775382 0.9557222304945264 0.0076259503930263366 0.015086726932627728
0 0.526820726015175 0.8979770483197655 0.007994023739349113 0.04893303165775227
0 0.6124125903543951 0.8389971826662682 0.015969972546249107 0.09717450038327771
0 0.5682548703584164 0.7568517558094693 0.05707549172720682 0.04930171762569703
0 0.5544670061893311 0.45752243266002585 0.05273588072078391 0.04137229373927965
0 0.5497305383373987 0.1373926238271836 0.04907654245008834 0.03970721519689382
0 0.5687222790399113 0.05406597223746092 0.07740315021232795 0.10813194447492185
0 0.44473532177779107 0.32712125031655875 0.031875847278669385 0.053552115270213675
0 0.45108205292491205 0.2226819287877035 0.025574292492200203 0.04961095316119586
0 0.3855015138120108 0.15433056931246697 0.022950150908875352 0.048026432526790674
0 0.4198166304505872 0.048407747200361964 0.01888166388918953 0.050470452623775544
0 0.3710202494534605 0.041208805050052186 0.0607545540899219 0.08241761010010437
0 0.7351581712769636 0.9216101958496906 0.020127185068609763 0.0388347196378904
0 0.7402141829430702 0.7181766776274225 0.03469881311893486 0.0627438281591141
0 0.7074444072060688 0.22837195400888483 0.08089651577183975 0.03183106636089036
0 0.6825742015291288 0.07057785629021215 0.01233363474577202 0.05686245554416989
0 0.25478165518305523 0.3024039813860912 0.05904893574236239 0.02598997269993648
0 0.3101268899033847 0.34625845448386905 0.015324200515849136 0.032939705594162864
0 0.2948076258957761 0.38521742134092607 0.019844560846763434 0.047784758802848805
0 0.27474288948142406 0.4311288861170459 0.023985347596245953 0.048106990434771346
0 0.2515939252860793 0.48802138954361873 0.03277301920378676 0.06811521580096742
0 0.35291339974305536 0.5743806681143194 0.03250189521704961 0.05774177181756493
0 0.4331272129216964 0.9347193820426368 0.029516254984741863 0.04232599253862301
0 0.46628390666489933 0.9432266753798818 0.018285191118367777 0.02764887586028999
0 0.22115589262831561 0.8514271566910522 0.015179601056255916 0.027407202136348126
0 0.31987012501420126 0.9670938916162168 0.0201929101010667 0.021585925286209843