0 0.1076953125 0.5013037809647979 0.065 0.9973924380704041
0 0.500078125 0.5045632333767927 0.05875 0.9908735332464146
0 0.79220703125 0.5 0.073349609375 1
0 0.4159912109375 0.11335723598435463 0.017353515625 0.16397001303780964
0 0.4128515625 0.42378748370273794 0.01107421875 0.022105606258148627
0 0.41759765625 0.6559191655801825 0.0157421875 0.16408735332464147
0 0.4147021484375 0.8673011734028684 0.0099462890625 0.19367666232073014
0 0.2943359375 0.8514341590612776 0.052451171875 0.033024771838331156
0 0.3416455078125 0.7094328552803129 0.0183251953125 0.04121903520208605
0 0.2861279296875 0.5819556714471968 0.0392578125 0.024765319426336377
0 0.2850830078125 0.30265971316818774 0.0387744140625 0.020488917861799218
0 0.3224951171875 0.2587092568448501 0.0218701171875 0.04216427640156454
0 0.3434130859375 0.2374380704041721 0.0186474609375 0.11563885267275097
0 0.4462451171875 0.1785658409387223 0.0150927734375 0.07094524119947848
0 0.44455078125 0.3038005215123859 0.0197607421875 0.050704041720990876
0 0.443505859375 0.3807953063885267 0.012841796875 0.07363754889178617
0 0.4450341796875 0.5776010430247718 0.017509765625 0.20082790091264668
0 0.4422998046875 0.8407496740547589 0.008818359375 0.23940677966101695