0 0.1197900390625 0.03158409387222947 0.0197509765625 0.055599739243807046
0 0.1227978515625 0.16951108213820076 0.018515625 0.197509778357236
0 0.129521484375 0.2999739243807041 0.0148876953125 0.06526075619295958
0 0.1390771484375 0.532529335071708 0.028642578125 0.39977183833116037
0 0.15328125 0.8511929595827901 0.019091796875 0.1189439374185137
0 0.3255126953125 0.5626662320730117 0.043359375 0.7050586701434158
0 0.3193994140625 0.10033246414602347 0.0428125 0.19185788787483704
0 0.6370263671875 0.01696870925684485 0.0239404296875 0.02889830508474576
0 0.5497900390625 0.0260625814863103 0.0840185546875 0.047086049543676664
0 0.6311865234375 0.291238591916558 0.0228759765625 0.025352020860495438
0 0.63255859375 0.3910365058670144 0.014013671875 0.009204693611473271
0 0.6183349609375 0.7139048239895698 0.0383935546875 0.5721838331160365
0 0.5631689453125 0.658761408083442 0.019150390625 0.048728813559322036
0 0.482431640625 0.7354889178617993 0.035849609375 0.059713168187744456
0 0.523642578125 0.749328552803129 0.0290966796875 0.022268578878748366
0 0.5464013671875 0.7282007822685789 0.008291015625 0.02003259452411995
0 0.584404296875 0.7779595827900914 0.025458984375 0.029022164276401568
0 0.7718017578125 0.9324054758800521 0.0231005859375 0.026825293350717077
0 0.64392578125 0.8679400260756194 0.018212890625 0.028161668839634942
0 0.688408203125 0.925019556714472 0.0405322265625 0.05714471968709257
0 0.7236669921875 0.9766036505867014 0.0127001953125 0.017073011734028684
0 0.423056640625 0.7229661016949153 0.02896484375 0.07091916558018253
0 0.4229248046875 0.5671968709256845 0.0319091796875 0.09823989569752281
0 0.4162939453125 0.46945893089960883 0.01705078125 0.07296610169491526