0 0.32932911387362773 0.6994929404296001 0.0501824260474885 0.07120311949870516
0 0.3119979013534217 0.8458909226526801 0.030419662357339436 0.049508051908320805
0 0.2833814781429544 0.8604750464835459 0.04899959574575407 0.066273544240371
0 0.2671983892544217 0.967946076353244 0.06696966554719974 0.029185762591474575
0 0.4061687122515464 0.947380168146033 0.027124257648188554 0.04301808132004037
0 0.3798828141591683 0.8341849040506837 0.03610972136422986 0.1175914408311625
0 0.35635627399615416 0.6753377289634918 0.039299673491692506 0.12062359675830847
0 0.3021236111811928 0.29238807389129007 0.10549860837360489 0.547733237085337
0 0.4031888307195985 0.5603888752690036 0.051598109659574565 0.2699743876826745
0 0.45381808613637 0.8677231826783 0.04155635873982492 0.19462083050657955
0 0.43129905847518635 0.733404333001974 0.01565273202176122 0.03927684753092389
0 0.33896450119549565 0.15610691896025988 0.044681277931450464 0.22937624658341374
0 0.3177557276274846 0.013702143464205866 0.006569718901964376 0.012288378244333877
0 0.4794327027306895 0.07404962836954876 0.03894289610077573 0.0750690779640838
0 0.46276277057956605 0.19958992920989096 0.021990455244010915 0.04395803352076254
0 0.44084129986035864 0.15293105992575184 0.015811791587705747 0.027564595049440813
0 0.41372011310772455 0.15698662899090898 0.014027000876935283 0.01982445069582622
0 0.40634278973104443 0.23839574055642468 0.04165743091722833 0.07944004238931046
0 0.3890524487347832 0.30955971648421426 0.03498225943357572 0.06369384948384241
0 0.3699641296893466 0.4238664984083063 0.07066050590629488 0.15020927573117043
0 0.7032587586381027 0.7343867356503859 0.03459120418791639 0.06779890971083057
0 0.7494730736557768 0.8288881719344388 0.0756466746961088 0.14442838300486036
0 0.6239422879736868 0.8902521794316042 0.040474600615493773 0.07451046713097648
0 0.59340227043498 0.5184479385849209 0.03521425511329028 0.07130104173833757
0 0.5515501925883339 0.43085337415826475 0.024695325495706813 0.031084242006691586
0 0.5301529138820141 0.35884166443191334 0.03163500912699242 0.0385759970918108
0 0.6019057923591336 0.02733317889704165 0.04891347229357958 0.0546663577940833
0 0.6426277661948894 0.0905849030295489 0.03347164543519506 0.06494402324917668
0 0.7148344734630377 0.25462450394591424 0.024524839978181126 0.059349687495245405
0 0.7807618737127963 0.6126516210633347 0.10714719142159246 0.5340792479062928