0 0.2323583984375 0.3545306388526728 0.0782666015625 0.21573663624511083
0 0.13197265625 0.05702737940026076 0.035595703125 0.08116036505867015
0 0.1700537109375 0.16996740547588007 0.0430419921875 0.08488265971316819
0 0.1589697265625 0.5395306388526727 0.07359375 0.042731421121251625
0 0.2280029296875 0.6583963494132986 0.02212890625 0.07104302477183834
0 0.2031884765625 0.7486636245110821 0.028251953125 0.07243155149934812
0 0.33966796875 0.6666623207301173 0.02927734375 0.062385919165580186
0 0.4341845703125 0.9436440677966101 0.0358984375 0.06734680573663625
0 0.435703125 0.7770078226857888 0.00591796875 0.23898956975228164
0 0.437041015625 0.6075945241199479 0.0076513671875 0.04711212516297262
0 0.4370654296875 0.4469035202086049 0.008125 0.21758800521512384
0 0.43900390625 0.1498174706649283 0.0052978515625 0.2946153846153846
0 0.4984521484375 0.02322685788787484 0.0289697265625 0.03695567144719687
0 0.5641455078125 0.05820078226857888 0.0375341796875 0.10856584093872229
0 0.6073779296875 0.36879400260756195 0.0290185546875 0.037666232073011736
0 0.6646484375 0.6418318122555411 0.025625 0.04140808344198175
0 0.6481689453125 0.7514146023468058 0.027255859375 0.06742503259452412
0 0.628095703125 0.8347588005215124 0.032802734375 0.08436766623207301
0 0.781533203125 0.9035723598435462 0.0205078125 0.05441981747066493
0 0.764736328125 0.25966101694915256 0.0671142578125 0.21274445893089963