0 0.4786147104931874 0.9319159759917283 0.04724284760791514 0.13616804801654356
0 0.45132794333139015 0.9991456363683486 0.06595239512452972 0.0017087272633028421
0 0.38110369163130764 0.8968700733302544 0.2579437822090724 0.17421641223588857
0 0.3535793854309691 0.992583854131556 0.06898919346505433 0.014832291736887939
0 0.25795348677601015 0.9972122445867225 0.047939403473384976 0.005575510826554891
0 0.29304156088614647 0.6796367880154217 0.2363261837756782 0.18824313533646814
0 0.3361615125737147 0.2258912305755416 0.059793342351402844 0.13940245077996102
0 0.2822529749009102 0.2523699863110221 0.05433335600877136 0.06286155925282184
0 0.1801162371150634 0.2092329022620215 0.04165549783530764 0.040608530912166825
0 0.12634133928479893 0.18908657479727908 0.053220076788039736 0.05350515804517221
0 0.24680471358919176 0.1749171635504911 0.26476450035982313 0.20324494061541334
0 0.16839217223204705 0.1083416829591825 0.03347655844146334 0.021386460323816473
0 0.23993330112295325 0.12306217255897152 0.026044740517320634 0.021412126763132075
0 0.01952278099567742 0.6026529459779641 0.01824676484214772 0.03132912902246384
0 0.04146701169597297 0.5188647707445627 0.022944823747436352 0.04959187485423871
0 0.011828398653389784 0.2983611434360325 0.016314587456021375 0.035132882898555005
0 0.06607534915068669 0.8049116151831399 0.10332266285101606 0.3901767696337201
0 0.15367677321203438 0.9534858475867788 0.1168593308077717 0.07019563003674338
0 0.14350322999958853 0.8953947381008611 0.11957326272893336 0.08828861981083472
0 0.1584999424047857 0.7918283381595326 0.06678609925756572 0.06789604454711931
0 0.37527014455382546 0.8107053132892822 0.07637269892747867 0.1189910726345104
0 0.4841708871848835 0.6722331496766977 0.14526613661784057 0.6555337006466047
0 0.49272113417106517 0.4903293893428593 0.03267861394501783 0.11194518108732486
0 0.46671842970289895 0.491081473536093 0.03354946170841303 0.10275853593735874
0 0.6551382819248972 0.3500932868617997 0.024842368068228943 0.04313911435563098
0 0.8281479493889501 0.6410762765117041 0.16389022804237754 0.6735483121759949
0 0.7624089370721026 0.5964226984332359 0.187821482425594 0.15432522643432922
0 0.7822160084224108 0.7849941566531994 0.11842283987784227 0.1139891173371084
0 0.8030041031446796 0.8780612261996462 0.05809130101999701 0.08501293698952955
0 0.7964399304220222 0.9803688003852759 0.06448161641910133 0.039262399229448346
0 0.6637501830760173 0.9810158021957722 0.06266199649530971 0.03796839560845549
0 0.5774336424164414 0.5650512516541644 0.056666324211261686 0.05181547617923107
0 0.6583732225310904 0.12380258248908085 0.18480200061773644 0.1507593340696581
0 0.8261852909187969 0.18777340452111102 0.026713937590021226 0.0346995988901357
0 0.9918448307032465 0.8569914144962009 0.016310338593506963 0.17236306523215494
0 0.9548262690638689 0.9317336024192141 0.03423233817749819 0.04129644900711157
0 0.9533859230018636 0.8026157490787426 0.0700332065551185 0.05097457460170812
0 0.17906218176489686 0.355998135725165 0.03965405431851375 0.03911427154322495
0 0.17221674409765866 0.3061298997005328 0.033753622964133465 0.04257851330394893