0 0.1778076171875 0.04940026075619296 0.0128466796875 0.05988917861799218
0 0.2039697265625 0.04436114732724902 0.0251611328125 0.08102998696219035
0 0.444462890625 0.3551303780964798 0.0102783203125 0.7043481095176011
0 0.4687060546875 0.6905019556714472 0.0176904296875 0.033709256844850065
0 0.4770068359375 0.530645371577575 0.00650390625 0.040632333767926986
0 0.4300927734375 0.5778161668839635 0.005947265625 0.009485006518904824
0 0.4303515625 0.5004041720990874 0.0063037109375 0.042112125162972615
0 0.44216796875 0.8878031290743156 0.0084521484375 0.211864406779661
0 0.456962890625 0.8422555410691004 0.01650390625 0.018533246414602345
0 0.3272607421875 0.9847718383311604 0.0073046875 0.006160365058670143
0 0.3798388671875 0.8831747066492829 0.0096435546875 0.00969361147327249
0 0.6723291015625 0.7372946544980443 0.020458984375 0.013226857887874836
0 0.1796923828125 0.26876792698826596 0.0139453125 0.0386897001303781