0 0.434537863354415 0.7985102932860749 0.07744923024302142 0.3511722963715486
0 0.5185270883178863 0.9510180812545269 0.059685372590756854 0.03489430368327484
0 0.47177693448361335 0.6508078417512302 0.08542960189286704 0.07741461175471942
0 0.37694834236916086 0.05766331069438525 0.06716114278380955 0.07542187214467402
0 0.3004154393841705 0.567983651941739 0.05439350690928587 0.10453175591160882
0 0.37949430102621456 0.4514726134900822 0.05448315775741359 0.24312482339525462
0 0.4098214283627787 0.353816528973984 0.07066118451816077 0.0828104442619363
0 0.7620259611032503 0.15824712877507444 0.08735664323654353 0.31649425755014887
0 0.687218813462491 0.19828723120739183 0.085464561313548 0.03741262274171745
0 0.2976570724210929 0.3469403241680188 0.12990354858549363 0.06552510850240958
0 0.7270038143254134 0.6979539276808058 0.2806469789165794 0.45754456993407816
0 0.9032768422794902 0.7894131704101351 0.029267824358370404 0.07777076016108098