0 0.510712890625 0.7869556714471969 0.0248193359375 0.4251173402868318
0 0.4441552734375 0.5714602346805737 0.056240234375 0.03994132985658409
0 0.4377685546875 0.8223728813559322 0.0529296875 0.040990873533246416
0 0.449599609375 0.3036831812255541 0.0434619140625 0.01939374185136897
0 0.451376953125 0.00788787483702738 0.039912109375 0.008233376792698827
0 0.52017578125 0.11069752281616689 0.0200927734375 0.2195045632333768
0 0.5967822265625 0.05242503259452412 0.0597509765625 0.10485006518904824
0 0.6443994140625 0.037105606258148634 0.03669921875 0.0659973924380704
0 0.5635888671875 0.1171838331160365 0.0359716796875 0.07134289439374185
0 0.5690966796875 0.18005215123859192 0.015732421875 0.05173402868318123
0 0.533662109375 0.2505019556714472 0.021513671875 0.037183833116036506
0 0.5528271484375 0.22246414602346806 0.016318359375 0.027555410691003913
0 0.583173828125 0.160625814863103 0.0136083984375 0.022366362451108214
0 0.73181640625 0.3079921773142112 0.0742431640625 0.023265971316818772
0 0.7924560546875 0.22040417209908736 0.019208984375 0.09610821382007823
0 0.7863623046875 0.396219035202086 0.022548828125 0.20445893089960887
0 0.76572265625 0.5748109517601043 0.043720703125 0.11142112125162972
0 0.7744140625 0.6779791395045632 0.0204150390625 0.0934289439374185
0 0.76796875 0.768174706649283 0.0179296875 0.0621251629726206
0 0.55275390625 0.9250521512385919 0.0359423828125 0.0646219035202086
0 0.578779296875 0.8864732724902216 0.01287109375 0.024335071707953064
0 0.5944189453125 0.8599282920469362 0.015869140625 0.02786831812255541
0 0.60849609375 0.8329335071707953 0.0117529296875 0.030534550195567146
0 0.6252392578125 0.8102216427640158 0.0196142578125 0.029934810951760104
0 0.641962890625 0.7795436766623207 0.01373046875 0.029928292046936113
0 0.6568994140625 0.7519556714471969 0.0153173828125 0.031408083441981746
0 0.6738427734375 0.7254106910039113 0.016064453125 0.025501955671447196
0 0.6890673828125 0.7036114732724902 0.01248046875 0.017770534550195567
0 0.7095263671875 0.667470664928292 0.0136181640625 0.032822685788787484
0 0.723916015625 0.6440026075619296 0.0123974609375 0.025860495436766624
0 0.514169921875 0.5251955671447197 0.0119384765625 0.09772490221642764
0 0.493984375 0.5151303780964798 0.009755859375 0.09716427640156454
0 0.4832763671875 0.5667275097783573 0.029814453125 0.04949152542372882
0 0.4851708984375 0.41896349413298567 0.0080029296875 0.048122555410691
0 0.52638671875 0.3394589308996089 0.023369140625 0.05260756192959583
0 0.5120849609375 0.2950912646675359 0.0463037109375 0.020684485006518906
0 0.4864892578125 0.2503650586701434 0.0305712890625 0.053057366362451105
0 0.486162109375 0.3448891786179921 0.0315478515625 0.06851368970013037
0 0.7943310546875 0.09395697522816167 0.0194189453125 0.08788787483702737
0 0.4250634765625 0.11395697522816167 0.0319580078125 0.060808344198174706
0 0.302265625 0.1327509778357236 0.028994140625 0.078122555410691
0 0.2659130859375 0.546910039113429 0.01755859375 0.10915906127770533
0 0.2458154296875 0.5384093872229465 0.008671875 0.10931551499348109
0 0.2885205078125 0.7671447196870925 0.0124609375 0.08623859191655801
0 0.295966796875 0.9136049543676662 0.01158203125 0.0366883963494133
0 0.48939453125 0.9553715775749674 0.0070849609375 0.07731421121251629