0 0.43693359375 0.02619947848761408 0.0487890625 0.02758800521512386
0 0.4286669921875 0.30698826597131684 0.041591796875 0.03795306388526727
0 0.43376953125 0.5703585397653194 0.051220703125 0.04113428943937419
0 0.434013671875 0.8231029986962191 0.0487890625 0.04007170795306388
0 0.3961767578125 0.9763754889178617 0.02759765625 0.04724250325945241
0 0.3652490234375 0.9191655801825294 0.0143798828125 0.02569100391134289
0 0.324990234375 0.8444198174706649 0.0292041015625 0.05153194263363755
0 0.2772216796875 0.7472946544980442 0.0285205078125 0.059902216427640154
0 0.2708740234375 0.6836310299869622 0.029931640625 0.053794002607561925
0 0.295048828125 0.634954367666232 0.0189306640625 0.050482398956975226
0 0.3183447265625 0.601805736636245 0.02369140625 0.048591916558018255
0 0.337919921875 0.5599087353324641 0.0137158203125 0.029771838331160365
0 0.3525341796875 0.5333572359843546 0.013271484375 0.021838331160365057
0 0.36447265625 0.5072555410691004 0.0103955078125 0.02988265971316819
0 0.37806640625 0.4770469361147327 0.0127734375 0.03444589308996089
0 0.3924609375 0.44983702737940023 0.014326171875 0.035606258148631026
0 0.40654296875 0.41847457627118645 0.0137890625 0.0346870925684485
0 0.4229296875 0.3864732724902217 0.016669921875 0.04417861799217731
0 0.437763671875 0.36187092568448503 0.0120166015625 0.027112125162972622
0 0.4511376953125 0.33398305084745766 0.0125 0.026388526727509777
0 0.4639013671875 0.3073598435462842 0.0103076171875 0.02508474576271186
0 0.47890625 0.27807692307692305 0.0164794921875 0.030397653194263366
0 0.4895361328125 0.24968709256844848 0.0113916015625 0.02841590612777054
0 0.5014697265625 0.22514341590612777 0.0421484375 0.013102998696219037
0 0.2958154296875 0.1731942633637549 0.01009765625 0.054348109517601044
0 0.275361328125 0.21323337679269885 0.058935546875 0.019126466753585397
0 0.27900390625 0.047992177314211217 0.01904296875 0.09598435462842243
0 0.402265625 0.01725554106910039 0.0197119140625 0.03451760104302477
0 0.42125 0.054693611473272494 0.0201025390625 0.03135593220338983
0 0.437158203125 0.10037809647979139 0.0103466796875 0.02026075619295958
0 0.447470703125 0.12001955671447198 0.0101806640625 0.021108213820078228
0 0.458759765625 0.14189700130378097 0.0115771484375 0.022170795306388526
0 0.469892578125 0.1669491525423729 0.0110546875 0.025840938722294655
0 0.485302734375 0.19504563233376793 0.01828125 0.03239895697522816
0 0.520390625 0.18705345501955672 0.02330078125 0.04550847457627119
0 0.54013671875 0.15342894393741852 0.0148193359375 0.035893089960886575
0 0.5548046875 0.1291199478487614 0.011376953125 0.025273794002607566
0 0.56505859375 0.10494784876140809 0.0090966796875 0.029856584093872228
0 0.5759912109375 0.08213168187744459 0.01376953125 0.03331812255541069
0 0.578193359375 0.025045632333767928 0.0289990234375 0.050084745762711866
0 0.5459912109375 0.037907431551499345 0.0101416015625 0.01966101694915254
0 0.546455078125 0.09105606258148631 0.01251953125 0.03202737940026076
0 0.5231591796875 0.2667666232073012 0.023642578125 0.04560625814863103
0 0.543603515625 0.3090547588005215 0.0185595703125 0.037855280312907434
0 0.5604736328125 0.3457431551499348 0.0155126953125 0.04344850065189049
0 0.5764990234375 0.38628422425032594 0.024384765625 0.03325945241199479
0 0.7717919921875 0.5024706649282921 0.028701171875 0.4703650586701434
0 0.7300732421875 0.2368057366362451 0.0658349609375 0.021232073011734028
0 0.78498046875 0.14601694915254237 0.01802734375 0.06967405475880052
0 0.7773095703125 0.23200130378096478 0.010361328125 0.020338983050847456
0 0.5363134765625 0.8652998696219034 0.011396484375 0.045058670143415906
0 0.5674658203125 0.9408800521512386 0.0248583984375 0.04829204693611473
0 0.5606005859375 0.8700977835723599 0.02259765625 0.041199478487614086
0 0.5816748046875 0.8360234680573664 0.0195068359375 0.04763363754889178
0 0.6006005859375 0.8029530638852673 0.0183544921875 0.045932203389830506
0 0.616533203125 0.7726662320730118 0.0121875 0.03647979139504563
0 0.6290380859375 0.7491460234680574 0.0139208984375 0.043696219035202086
0 0.644228515625 0.7272881355932204 0.01578125 0.03883311603650587
0 0.658779296875 0.6982007822685788 0.0111181640625 0.03222946544980443
0 0.6702001953125 0.6766297262059974 0.0113427734375 0.030736636245110822
0 0.683818359375 0.6542242503259452 0.015302734375 0.03353324641460235
0 0.71353515625 0.6676271186440679 0.022626953125 0.043917861799217736
0 0.69091796875 0.6250651890482399 0.0232763671875 0.04282268578878748
0 0.67005859375 0.5861994784876141 0.0174658203125 0.03477183833116037
0 0.6567333984375 0.5532268578878748 0.009697265625 0.032881355932203385
0 0.644130859375 0.5278422425032595 0.0135888671875 0.04864406779661017
0 0.629443359375 0.49926336375488917 0.015419921875 0.054146023468057365
0 0.6144482421875 0.4659778357235984 0.012958984375 0.05025423728813559
0 0.6032470703125 0.43513689700130376 0.011435546875 0.04234680573663624
0 0.5936083984375 0.41430899608865707 0.0084130859375 0.041988265971316815