0 0.7798453519408378 0.027135814943925435 0.06030423309704258 0.019870484549995137
0 0.7835304920238962 0.34562091424844676 0.061398192070268004 0.04597100809095174
0 0.8014023169416357 0.605341979388503 0.03207420766543345 0.05778555307846359
0 0.7951549110049159 0.6915977959309046 0.04540702437732503 0.046515739982550874
0 0.7694503024681726 0.746258147919502 0.042993969322494566 0.07258900461542427
0 0.7929611264973868 0.9384514002625792 0.058259245960035094 0.05196784556841043
0 0.6602826760673355 0.8667748385123952 0.039108146482400644 0.2664503229752096
0 0.6105457519368822 0.747699137902783 0.057645799430329756 0.04192768492583984
0 0.6553907190570453 0.6784689821607974 0.018127944423836077 0.059015205531805726
0 0.6499670670448463 0.49544816893645066 0.030949018237505496 0.25246342217144546
0 0.6412565810941727 0.17257533912108317 0.03428203637273926 0.32340610245282303
0 0.5780591112414264 0.031588629984942516 0.04060148651381347 0.049823518899479016
0 0.9723935005070162 0.11326424088053674 0.02190082662426227 0.047002059928257234
0 0.9391277603990552 0.20399323565272615 0.04380165324852431 0.09400411985651447
0 0.9069202465619589 0.29974815194079 0.042400846981953615 0.11205693836450992
0 0.8786083042312295 0.3854979547538195 0.03835193451457572 0.11135644128386225
0 0.8501531830340714 0.4852961942069949 0.041225095138100666 0.08461772673787746
0 0.9557364634410525 0.6192530669635081 0.08510887199989936 0.04883140835943551
0 0.6326661385082623 0.9007435519992885 0.02511132082487851 0.0503721449208046
0 0.6978627420439041 0.9448624551353583 0.03909831513046565 0.11027508972928343
0 0.7499979742012857 0.808995410914007 0.028526297202063348 0.05708895012754179
0 0.7314198382463517 0.8737465472316155 0.02755494484911711 0.06577874029525783
0 0.452872844769646 0.9127265990897508 0.027606086064674847 0.05841984995376549
0 0.4299138745601811 0.827916336065461 0.021389579840010282 0.05502640018286109
0 0.37731940503355416 0.6227855285789305 0.04308592428770395 0.09868173989692819
0 0.3492686219133817 0.5365976361717026 0.027340217892304997 0.0704602544653975
0 0.22819608535974562 0.04258429205477603 0.024037768726479086 0.04099743419134609
0 0.26884838234646935 0.21617804693339537 0.04275875280519451 0.09332698755422404
0 0.3026095059543455 0.32616075296404573 0.027902523206452604 0.08785930544945982
0 0.23641540065834604 0.5213364012568777 0.01675795518365884 0.02020103930665297
0 0.4907007285851201 0.02789900321981117 0.03450766959508986 0.04843810125708848