0 0.7495742847407223 0.6029135749784056 0.07526558424775147 0.0948836174938866
0 0.6090420421687148 0.22992750682742352 0.060954592673099016 0.13965146915536703
0 0.9717836008885574 0.23331419887505783 0.056432798222885085 0.24165483024699047
0 0.10485709200564823 0.5663114010140969 0.02620154378868149 0.0382559668618891
0 0.1173911595923694 0.4544149844589187 0.028395656306264384 0.07082071263042605
0 0.27175411069192124 0.9122828469548167 0.11842496432106811 0.058076772870030026
0 0.41292909919608023 0.9464803941925346 0.1076721233402504 0.06833930439374519
0 0.39016374107797425 0.6434643623270309 0.022678206670212926 0.028256213290366258
0 0.5025890970231511 0.9327202853379062 0.04763759879958398 0.10674105123303462
0 0.519833512425075 0.7962521642475556 0.0587503360384906 0.152299010674619
0 0.5360998764887812 0.6849477372196129 0.03848388498663919 0.07184067720521778
0 0.5285822938812208 0.6062415684255534 0.02371285934577032 0.02758192086936981