0 0.312314453125 0.17097783572359843 0.0165966796875 0.3325554106910039
0 0.4345703125 0.29951108213820077 0.0400244140625 0.5920925684485007
0 0.627021484375 0.41523468057366364 0.02552734375 0.037027379400260754
0 0.8619775390625 0.3719230769230769 0.0154052734375 0.04716427640156454
0 0.820869140625 0.408787483702738 0.0234228515625 0.01876792698826597
0 0.876474609375 0.42786179921773143 0.0193115234375 0.024282920469361147
0 0.926806640625 0.5186375488917861 0.018173828125 0.03955019556714472
0 0.942177734375 0.553794002607562 0.0089892578125 0.009002607561929596
0 0.431298828125 0.749908735332464 0.0352001953125 0.14571056062581486
0 0.462275390625 0.9328683181225554 0.063056640625 0.13426988265971318
0 0.585234375 0.8206844850065189 0.304853515625 0.08642764015645372
0 0.5816796875 0.9165645371577575 0.094462890625 0.06499348109517601
0 0.5921923828125 0.9625880052151238 0.0371923828125 0.028676662320730118
0 0.7933203125 0.508754889178618 0.0234375 0.026897001303780962
0 0.7853515625 0.591897001303781 0.0210595703125 0.10699478487614081
0 0.772099609375 0.6665254237288136 0.0233984375 0.09120599739243807
0 0.6380615234375 0.3677118644067797 0.019052734375 0.04189048239895698