0 0.2286767578125 0.021505867014341592 0.0283935546875 0.030840938722294656
0 0.2322705078125 0.06934810951760104 0.0279443359375 0.043552803129074315
0 0.2329931640625 0.2421251629726206 0.030810546875 0.2452933507170795
0 0.2369677734375 0.43561929595827903 0.0296044921875 0.11046936114732725
0 0.2366845703125 0.5578161668839635 0.0278369140625 0.11241199478487614
0 0.2355859375 0.666219035202086 0.0185546875 0.07477183833116037
0 0.23837890625 0.8600521512385919 0.0277685546875 0.2798956975228162
0 0.37189453125 0.11765319426336375 0.0283642578125 0.03322033898305085
0 0.4141845703125 0.1704954367666232 0.024580078125 0.0854367666232073
0 0.4538525390625 0.8614341590612777 0.0895654296875 0.2771316818774446
0 0.51802734375 0.8697327249022164 0.02 0.26053455019556715
0 0.6208544921875 0.8291655801825294 0.0476416015625 0.3416623207301174
0 0.643203125 0.1099413298565841 0.0616552734375 0.21232724902216427
0 0.6326708984375 0.4404432855280313 0.06544921875 0.40684485006518906
0 0.6966064453125 0.5809517601043025 0.061884765625 0.06095176010430248
0 0.92865234375 0.04889178617992177 0.0376611328125 0.08745762711864406
0 0.92091796875 0.19002607561929596 0.03931640625 0.168754889178618
0 0.922158203125 0.364993481095176 0.0230224609375 0.17942633637548894
0 0.9014111328125 0.38417209908735334 0.0168701171875 0.14402216427640158
0 0.9110791015625 0.6142764015645371 0.02515625 0.2576010430247719
0 0.889814453125 0.5857561929595828 0.0152099609375 0.17382007822685788
0 0.8956494140625 0.8950847457627118 0.023564453125 0.20983050847457627
0 0.769638671875 0.6301955671447197 0.0683056640625 0.0377509778357236
0 0.750830078125 0.7828422425032595 0.010048828125 0.018533246414602345