0 0.36537819546148737 0.254484956539079 0.5252769388681802 0.5057785903967634
0 0.415075139542618 0.5016070466731075 0.6646723016081604 0.15440811458740777
0 0.6394951681833758 0.33078480573972113 0.05454355027612999 0.642552601449799
0 0.03341376710055744 0.26338625770715746 0.06472005264157854 0.5267397838996339
0 0.05340881080652947 0.10450042690072328 0.10058461838274906 0.030379194167128698
0 0.10216179308292699 0.5962009636153119 0.1687905598765283 0.1741178203389221
0 0.0793462511285305 0.9605331728113538 0.025955247410903916 0.0789336543772924
0 0.3375033387949522 0.8968117897976602 0.4251541326244298 0.14155103422526685
0 0.8409438586754543 0.8455091140672721 0.1286820554993537 0.3089817718654556
0 0.9026800020548081 0.6068767605536202 0.027120141753496734 0.09811787792272056
0 0.970755217845613 0.4526033635486533 0.04681073933427158 0.3605881459040019
0 0.8862870070528543 0.2502753045754076 0.1699121080827614 0.05535295432956259
0 0.9673831536391252 0.14470104621290594 0.033817940576459 0.25987826618357734
0 0.9933340430085856 0.31072200449240955 0.01333191398282871 0.11707248818019164
0 0.7194581451195645 0.10219354057047862 0.11386753169267626 0.04885969014691635
0 0.7068529311511578 0.03522666079365221 0.12457526248945204 0.023723257781459138
0 0.7224267231440457 0.30044440526737165 0.1148346582924159 0.031303366771675285
0 0.7234249261887471 0.4195936202316371 0.12513966829377154 0.039897660031810764
0 0.6663620825516443 0.7687285421506351 0.09338020860394737 0.03518727802889558
0 0.7931126730734435 0.8019741108935162 0.07922832622546654 0.037076044946149515
0 0.770457207262082 0.673351435897255 0.028602595391963248 0.09532948703693098
0 0.7450988947809402 0.776628522436777 0.02333098613216004 0.03480219004620354
0 0.7472439508012576 0.9210982845365802 0.05137781370999916 0.03875205701797697
0 0.9503061565115603 0.9452436995973429 0.09938768697687952 0.040715455213644364
0 0.9669864387973578 0.9390565811235557 0.04649310194570686 0.12188683775288853
0 0.9493449577727819 0.986312303879807 0.014092712942211543 0.027375392240386168
0 0.9959230259863074 0.9568257825155209 0.008153948027385196 0.08634843496895828
0 0.21821329079814547 0.5793777469088438 0.021595953356014514 0.1359861840443113
0 0.9263507516595336 0.15500792815628942 0.14729849668093276 0.08954142847549804
0 0.846557332335853 0.12279315578326366 0.11566471735874492 0.2210867728278216
0 0.7193693909651602 0.1675575614983191 0.12848420966380933 0.030109651856201465