0 0.40042867263781284 0.5008108559574512 0.20479663621327895 0.970584206244727
0 0.3008490910020828 0.7306726600218186 0.06601108915937683 0.0785746797717248
0 0.24018059283823573 0.4232361087604504 0.047038684708514765 0.0470834767300958
0 0.19219268150514404 0.22101173541214203 0.029241608658864927 0.05169420670818339
0 0.11901477371667232 0.14005504836269975 0.0635422824257133 0.09614297647413386
0 0.061171738663021245 0.30605225141817666 0.08474355256406399 0.054963841997027266
0 0.4417547799161446 0.28421328870043416 0.054670234779990376 0.04607926689497763
0 0.49593197228280406 0.27045882478827693 0.036810951792443376 0.03640428258735093
0 0.6251891203540981 0.3651289236444591 0.07825804801670001 0.20225031085901068
0 0.6396996430348676 0.13039077162439225 0.034279938120882744 0.03968686500404566
0 0.4502647559264779 0.027154696026108947 0.03545526652209485 0.054309392052217895
0 0.4149325918997481 0.03512900006162675 0.0359792426672346 0.0702580001232535
0 0.5728625994834184 0.05806711581567147 0.08768039244952537 0.11613423163134294
0 0.8120684937408129 0.7109036446682713 0.12215913979893066 0.34712668188404355
0 0.5950905003508995 0.8210472967587313 0.04062393433018297 0.09371342910874024
0 0.1698674593857641 0.590835732804055 0.2393029690683887 0.4777367881518058
0 0.24573405825666683 0.9383878196436501 0.11805551874339176 0.1061678216004037
0 0.1370197619540856 0.8832436862434748 0.02977150927428071 0.05647986709559271
0 0.7358480775080634 0.3405743199951699 0.17134704932048836 0.4201555212522122