0 0.05075237590459929 0.6615717945332185 0.062457657384588944 0.07827076963088457
0 0.5998808152622149 0.5951232911800907 0.06167930222082129 0.46436412456163384
0 0.5428700464993955 0.143523983841507 0.03912992350726567 0.27891781796133946
0 0.9459578901597583 0.18837656563523122 0.09742425489578779 0.36281338063431207
0 0.8995062306011383 0.1798835952614981 0.16659720696498861 0.34708646104819824
0 0.8057550276521693 0.05752694576566628 0.046891411236542016 0.10289981143121796
0 0.6868486726824655 0.15807811453010273 0.025677234756253768 0.10061359276612727
0 0.7913317749820294 0.29112525666823946 0.05011171995364829 0.025139233382057886
0 0.6263692276553203 0.5147148945394752 0.01932398332568794 0.06025715986095019
0 0.3222043860029674 0.5827127234142203 0.010778125687798937 0.01422656053480852
0 0.3312587333500999 0.6676400695579009 0.011335522507070478 0.016352315718550312
0 0.37999397396659584 0.8508147938213085 0.02314523442644533 0.028465464414335732
0 0.3827459188540868 0.8992753817415661 0.014048544463901854 0.02132338300925394
0 0.38608895938330395 0.9321834426071672 0.011372503576833583 0.01918117003255314
0 0.38944586781368234 0.9661523238405195 0.017254246367919158 0.02346971043419408
0 0.5778886959304879 0.5535846616840908 0.012894088982771662 0.05455007785406785
0 0.5715044264502911 0.49059945149101086 0.009170652102069927 0.012799790033087934