0 0.37727214086383104 0.10261485301586082 0.029137999111167965 0.16150586063478975
0 0.3351880824754483 0.0350542489581241 0.06421529412441221 0.03560438002035536
0 0.29005204747533986 0.1795055089034863 0.25528336607467356 0.10113147743596936
0 0.2408710293956975 0.0784470199293084 0.06758296840833929 0.030998156567814482
0 0.14548496278281997 0.1055514474653444 0.046952794697267916 0.023356959369257548
0 0.2452902773551528 0.4144600988794211 0.23045151471012695 0.12337286310379672
0 0.37651560609344337 0.8366824069583668 0.046248568933897824 0.12982736391367616
0 0.3179531990856549 0.8276098732095999 0.050141643540572906 0.050026853022616814
0 0.22486420490040207 0.900265930323343 0.03964930900181302 0.02989854338920668
0 0.17560404537220123 0.9356378991559005 0.05036161746287202 0.039382136680052846
0 0.2977962012165362 0.9124426947308295 0.2590403520455793 0.13047223397446114
0 0.30116545325786115 0.9646327463234019 0.025308203852850736 0.01503448913012926
0 0.014424090616126263 0.9634320464375552 0.020324747310622508 0.07219076829451126
0 0.009396330077425394 0.8317395117564462 0.018737449211704702 0.10677253908855584
0 0.026982479358427066 0.6451238530590683 0.01813290744039823 0.04553636872033884
0 0.03865062717933423 0.8658913218530643 0.016770327101750828 0.031539516452071155
0 0.006392681099000518 0.915360621246784 0.012785362198001035 0.02625976699855213
0 0.005960685436058204 0.31879966394902315 0.011921370872116407 0.4822408851512213
0 0.05600103552983633 0.19416295853354365 0.11200207105967266 0.036425566217241495
0 0.05660754685644564 0.2527088984176449 0.11321509371289128 0.055725409057808054
0 0.09735158983387798 0.05971387708814028 0.022543483017054403 0.023643133390572387
0 0.08982256051923146 0.347663277887075 0.06312016835088786 0.0508940550134264
0 0.3012921281781326 0.2641831564110327 0.06695311912400086 0.10219777023802394
0 0.43315288646343186 0.34765179929839374 0.06647683003036357 0.6938273616421446
0 0.48030268779161917 0.5359234586941864 0.02080109979892657 0.10946664309246805
0 0.45446432921227137 0.5426473313663954 0.022533995341111872 0.09951094683006882
0 0.6689233249014612 0.6211720549134545 0.020915036436459342 0.03759350342128054
0 0.7833127280995467 0.3120294510099632 0.08641542116880302 0.6240589020199264
0 0.7272760715218144 0.35239807787795796 0.18258875184110349 0.10332930446227659
0 0.7099930189853872 0.16532604351003138 0.11279179156430368 0.082944876078653
0 0.712491089983426 0.06978676255130968 0.051713121802401237 0.07201305282750231
0 0.5521744274836481 0.01191537280656797 0.06015762559102887 0.02383074561313594
0 0.5498757244697365 0.43834353246809327 0.054280020714134625 0.036780997151259716
0 0.7218217476619524 0.8659225939528546 0.17226101122905185 0.16572659788221153
0 0.8702669024172014 0.724857165502276 0.02416085359853106 0.028326827239045897
0 0.923854620357561 0.05485989033932348 0.03763472738059075 0.10971978067864696
0 0.8764808637333578 0.09652064026666755 0.06909589002822558 0.031687176647979105
0 0.19515493427839337 0.7596398421625099 0.03762047473512135 0.028535997308064116
0 0.1980866103941057 0.8095074144298288 0.03081549352620683 0.03508532836760663