0 0.6069293197348649 0.1855305436906756 0.028503885988518687 0.3710610873813512
0 0.5503892012429997 0.02943886628234445 0.054001466835889335 0.0588777325646889
0 0.5499669443749545 0.3376839790495721 0.0743088189058025 0.0596962473057303
0 0.5531042747170568 0.9123471001538143 0.05651174365828525 0.06130838934711027
0 0.6971000954287451 0.4471713648812763 0.03998775919445986 0.09223560043413374
0 0.6069625490788548 0.5421877212555143 0.021327108889345477 0.2284148832957921
0 0.5649914520438765 0.6284276094407985 0.05911089054281765 0.06758925924013007
0 0.20276115717546017 0.7923882936043045 0.030883820053114262 0.3908265921235227
0 0.2850390538282575 0.7233574040519822 0.07956600266282536 0.02058899100234621
0 0.6680616319726009 0.6553290536889664 0.1199322273488019 0.039418572046749006
0 0.31997895470474486 0.24661057902671768 0.21667571186511952 0.3962688698241542
0 0.1693586695853219 0.12850144505884636 0.01893425532273248 0.0705283856787204