0 0.7179295864147738 0.16793354459314708 0.07340969068079096 0.278938744465835
0 0.7445780597648141 0.38205600345049273 0.050372118142098014 0.12937342081905404
0 0.7645112853061907 0.5171328730610403 0.04877093865520369 0.13081842556436532
0 0.7829318021432948 0.6361832380503212 0.0323254489450916 0.08696791591807769
0 0.8062339280718237 0.8164326504310992 0.06605085334819352 0.24827561475903373
0 0.5452268262008079 0.06393160951385198 0.03664498655738426 0.043278541499790164
0 0.5074030843058485 0.13275215810080115 0.040865653235174555 0.10015105545682715
0 0.5692801643152329 0.8678441473681083 0.13456677054185967 0.25682315756250973
0 0.4998881983672879 0.889523944901492 0.05367857129020883 0.21393000657679603
0 0.3804025499788409 0.8558231206077437 0.09702145276655631 0.283494259540085
0 0.24915258640921192 0.14313979184758094 0.09605345106977554 0.20478553917537795
0 0.3102593950088797 0.4834782738104481 0.1378385410744499 0.4652610064551893
0 0.2625197989933481 0.6537083049671144 0.07863995966288295 0.08222630916438325
0 0.018691175588670148 0.4842828016560346 0.016239065605287564 0.16117200601737686
0 0.051004494883881715 0.7060159177305015 0.044458342198791474 0.19564058582098318
0 0.09056562776342841 0.9645078493714219 0.04172261960175288 0.07028039473483952
0 0.1900729330972778 0.7257135708958973 0.08183537748079128 0.058203513835430425
0 0.23535961808109698 0.8897541414237241 0.014252756204505055 0.022700762205009998