0 0.8482856105973553 0.4743742296125815 0.16164892558850985 0.948748459225163
0 0.4642969801515502 0.486473601057352 0.17199197719689963 0.972947202114704
0 0.6697438726005267 0.003985282137510867 0.018414549793121182 0.007970564275021734
0 0.6384397087616698 0.18357843811772748 0.048641031386918776 0.36715687623545495
0 0.6332843762893634 0.3552469163626945 0.01820769722610338 0.055048140941968846
0 0.5761877800145823 0.16432759324805277 0.04383892635487108 0.32865518649610553
0 0.5473490770134388 0.47199518690590386 0.03384228838576564 0.2190673617575625
0 0.5324839074694526 0.6353169738083152 0.014789728476103381 0.054835604931646714
0 0.5164165346708043 0.7983887211874995 0.03286572588576564 0.21900663718318472
0 0.5663899217279216 0.9037627687214036 0.0197325478496424 0.1162043971387154
0 0.6060493189729418 0.5264833746076222 0.0189622612820477 0.05119752262195288
0 0.6763391001573851 0.5610880039040103 0.023260362552445457 0.032626683791460956
0 0.6345169479866591 0.8478841100309704 0.04553630134906572 0.03076389659015482
0 0.7584248790021064 0.902215094143772 0.0084414955914911 0.011567934795804459
0 0.7280452378599096 0.824529413583905 0.010357620850815152 0.01103749346216105
0 0.6993709387821065 0.7425153580268781 0.008892777100815152 0.010946406600594314
0 0.6596441733537767 0.6280594884780099 0.03457211540501004 0.02618458337760557
0 0.6191686869041843 0.6253796155990899 0.0103946205914911 0.011689383944560006
0 0.6481625676748701 0.5988923080417576 0.02934173599650114 0.03690237413212119
0 0.6976217064875045 0.43471857971373334 0.010949616701630305 0.02146774118054436
0 0.6957703836815503 0.2915991552321355 0.04205161773892652 0.020803365631037147