0 0.3664261046191155 0.04531049899183819 0.049167841627272973 0.03658038121418316
0 0.3937747336577401 0.030027176389591487 0.011613204704702257 0.013419570621610893
0 0.33159466344010674 0.34502173641244044 0.04659317633376125 0.03650034249906772
0 0.3582008589341777 0.32838690960629635 0.012792901039607077 0.020329165199816646
0 0.2997621485148839 0.6133679541201127 0.04604827723155884 0.03510881893761284
0 0.3258983600155026 0.594685861329344 0.015912465435321328 0.021800727476387
0 0.28395258304013976 0.6540660163569154 0.025280631325011946 0.05027093338563355
0 0.30583086120415504 0.8190232891983186 0.040208179708178596 0.07410291910362232
0 0.26239349959673824 0.9114398354827904 0.045578293238106526 0.037156084922237584
0 0.2898769758311129 0.8899666916976001 0.014487530433214265 0.027254767521045428
0 0.1343058971675516 0.37795925270667874 0.03635289931085761 0.10972226069564421
0 0.6520589523743395 0.1498342217910584 0.05575003198309548 0.12613297909946514
0 0.5554545820998474 0.17895446641506893 0.021481320631345224 0.04121802636466455
0 0.610194374794857 0.26453886915295666 0.02975968831663126 0.0669051851510011
0 0.8784284346335014 0.09296838580030468 0.07566760803323787 0.11919194407598968
0 0.8754393217943748 0.23017608868888792 0.026610157877416964 0.06405810705599876
0 0.836050038675356 0.37298276387050194 0.051735448665726436 0.1308192225197923
0 0.8508300787448071 0.4622149193749341 0.05054076930907195 0.12322187003237052
0 0.7625982773815582 0.5439963797626463 0.04274185831978609 0.11954296434094448
0 0.7107307366796825 0.6926893040505416 0.05441499511148842 0.1357135665994193
0 0.8159371575429419 0.6938861470122258 0.017927248604880625 0.01980148472083148
0 0.608186805505057 0.9353983988436642 0.051911282543380975 0.09164903718052873
0 0.6716675509116348 0.7732859039341577 0.0272000060448692 0.06751290434510152
0 0.555401956436312 0.6301633866979055 0.04285070185538216 0.1717805499553109
0 0.5175039172372359 0.6100354683674303 0.042281347028881755 0.14564574940510472
0 0.3806035428594433 0.469272655625141 0.024039454967250826 0.11140134859073832
0 0.3702741416739677 0.4355728055939473 0.02348904554584626 0.13337758619960266
0 0.38948277935058573 0.48686622189034034 0.015141273071012517 0.08088387669686686
0 0.3683223864631208 0.5724046140418765 0.035083304845452794 0.09868611866214266
0 0.36362486843238184 0.6581185163258898 0.013997053098809779 0.05198203676677359
0 0.287963977942091 0.7415710607371845 0.040958878731535114 0.03769977314424572
0 0.16789650270091078 0.14701580233616057 0.028699856155726306 0.06549765384652302
0 0.1823059296099573 0.20601862532113688 0.029319670366678756 0.07032796695405784
0 0.19513309978852172 0.2667888663082223 0.024625340751357357 0.06743286562998628
0 0.20743784539750876 0.3279189939929388 0.031089214869035927 0.0806923588213664
0 0.21938024332489453 0.39387143091367843 0.026909818312417014 0.07781326524031804
0 0.22937252652099488 0.4430458339022312 0.021565708442643185 0.06871233499027966
0 0.23820483275521437 0.48641431402000584 0.020415978151238405 0.06317825623050592
0 0.24644453566238042 0.5215537108417237 0.019796163940286014 0.058347943122971264
0 0.25596407970542734 0.5569969672604919 0.02259557456004792 0.06874435047632592
0 0.2668766115154084 0.6229814196672777 0.032963640523643235 0.09587105605318666
0 0.2505233541622066 0.6059638446305209 0.02086150642039283 0.036387713257129736
0 0.4053161822064008 0.9647293318104687 0.019166877026785642 0.0294621109359008
0 0.46484856066974 0.8539428437241781 0.016062295652821412 0.028678306568546717
0 0.4619811375715852 0.3832368733583366 0.029303139409072514 0.14043125046501614
0 0.43209245309051764 0.6095978431177895 0.036965655266751746 0.20871137639367265
0 0.37551603300738734 0.6673709450938708 0.0224047576606436 0.10722677790637321
0 0.4111311425812602 0.7686703044548522 0.016736531631571842 0.05962741248326474
0 0.40344615219095603 0.8379820672473326 0.010897982044047703 0.027830471229099814
0 0.5174821241288338 0.8708635097416317 0.023786291533356943 0.028918422713892663
0 0.4809743175370906 0.8695929068140145 0.023681410381106802 0.024104117349380973