0 0.7695637011797817 0.7895084611746845 0.03108108601071355 0.053650591897904866
0 0.7908508876010486 0.6173148229191637 0.03636898410009382 0.03855751956620878
0 0.6355665066531494 0.6146358214556327 0.017264654956135706 0.02091126963088155
0 0.4917296305788811 0.21990141189053028 0.03105219545145268 0.05298834024227588
0 0.5660390935094608 0.06801718964993461 0.038632232199637156 0.06771971170518652
0 0.754902304905637 0.0241464016547162 0.027661752668417007 0.0482928033094324
0 0.4450818206382711 0.8066826780806334 0.034582198792196754 0.054393761073069015
0 0.4414477913484984 0.8770374087935677 0.031317102723397244 0.04770188664289065
0 0.3368842266462323 0.8191480153119445 0.016152136988432226 0.02948586221711702
0 0.22374644669902588 0.34845620710605874 0.026535020857241565 0.04031308162013965
0 0.24178833744203748 0.0904894198009164 0.03423551208106592 0.04644674120551931
0 0.376497185406812 0.07110847097614595 0.03164422048014254 0.10063578051063043
0 0.4174426455943023 0.2527900856663933 0.05278999485443231 0.18779533499572154
0 0.48535846827492857 0.5462089517544515 0.01929188634299535 0.0560221670248738