0 0.9859093398227899 0.2531801415590885 0.028181320354420183 0.059085363335535435
0 0.8944822645868831 0.531774792626963 0.15355003218489938 0.29586214656618565
0 0.791259962861804 0.9858032076414737 0.03814016866355867 0.01556430301247067
0 0.7707270266043184 0.8540670597620122 0.05267384211528775 0.04475085932411319
0 0.7001646609627056 0.31213496939998175 0.04964959752016229 0.04742573021771229
0 0.6893899329351452 0.12271981293014313 0.032439690794473675 0.061396247427691
0 0.6674480733996386 0.05053701595035285 0.0374112697817473 0.029722251279783122
0 0.555583899619471 0.05438488549017434 0.016285070027854443 0.04915859824722952
0 0.5709658451681228 0.1844208230157454 0.028621058762749257 0.16412118284526667
0 0.5919718799343944 0.3630349189372011 0.021637096702156446 0.13676543585406714
0 0.5151632398173175 0.6058918730825994 0.01902652793243134 0.024461999258992596
0 0.5437901445146603 0.6092251764655737 0.02763143730791406 0.034868839119011216
0 0.5690173671045713 0.6656145083602609 0.020560362448625746 0.040872787633326135
0 0.6616421091682052 0.9300772351534622 0.02759847309371185 0.13984552969307573
0 0.4558251850115913 0.9854571676876392 0.019483364270924806 0.0290856646247215
0 0.4660783799183807 0.9329594698893134 0.025423028443848892 0.0595944600998154
0 0.4754014640284439 0.8681579541764292 0.029807057907223846 0.0704813747315465
0 0.28030024110225976 0.7922265043140067 0.04393830752912335 0.06699146425735807
0 0.30349411618536853 0.47617219534331773 0.10582614481297722 0.16690487034301546
0 0.10647887498013182 0.16019653256176833 0.16874746786254582 0.2576460831471155
0 0.3287006822533281 0.09740294025668049 0.03225482902457494 0.03228103420311355
0 0.3467374567688394 0.04478889118444148 0.02461809280946585 0.02902572345816927
0 0.4314697942064243 0.3273208380866353 0.019461652052293367 0.03158450638149972
0 0.3988722719469369 0.3024749033733034 0.02983975819725606 0.044927415068222905
0 0.37927445666089954 0.3425810319923041 0.023584607043751198 0.03819791673972679
0 0.36552387466283676 0.3783912838961984 0.01604579574929217 0.02784912086484273
0 0.3541829134437542 0.40581414821220413 0.01444664862775687 0.027762054887140935
0 0.3452461229553131 0.4291086182175417 0.01382657476327269 0.026308531470072193