0 0.5590830579501285 0.21952765348216002 0.06466977189491159 0.0480533049416773
0 0.5844108357237683 0.5373523487574985 0.03722776890010024 0.029426557819177825
0 0.5218602251486836 0.4141751548341028 0.023589087617169352 0.11369275532533832
0 0.5009181541347489 0.42724514303112415 0.022334224003607094 0.11072698678431522
0 0.5683724100463096 0.6526229072580683 0.05024969174142951 0.07561288633641826
0 0.6398721069292141 0.8256132690792808 0.0386477180358728 0.04387774180150485
0 0.5815424736662329 0.8813063618321281 0.014695014980310747 0.07356385013107296
0 0.7377198492754654 0.5030306303731759 0.012757750398332348 0.04186356194663524
0 0.7845850207556302 0.4485967361789709 0.03484986083851804 0.131060640038544
0 0.7458994118297168 0.15375353038099224 0.04306162152561218 0.10732028025069083
0 0.7152818693083722 0.06998799727232927 0.013088010461404646 0.029699647490540097
0 0.7301366331283035 0.08906955769775042 0.016819602001379684 0.02927292095760771
0 0.7317874438410791 0.22149108478014248 0.017413945488797225 0.05656651841082101
0 0.719640447561868 0.2467178817034245 0.020760307804064522 0.04105207096108029
0 0.7081318680198999 0.2823913645056691 0.018074465614941818 0.03223868949863072
0 0.6956381120272608 0.31512005980704544 0.02453592808453917 0.041345805523248846
0 0.6839479028034006 0.35221348375933687 0.024491899344039808 0.04062534442814798
0 0.6675739693989319 0.3785455062303423 0.02433775424296521 0.0556711032646465
0 0.6548380108242193 0.4248790381780155 0.02902703765279386 0.04456334654613052
0 0.6354644748179114 0.4592236097206673 0.02309392006919084 0.044101763662722934
0 0.622629473831738 0.4951524178696878 0.01850372358014917 0.048046871510540004
0 0.6102678040605972 0.5300424964563668 0.023831379217894723 0.06495317334033827
0 0.5964090680938208 0.5755716431483197 0.022543516303620986 0.05266337264331383
0 0.5836566543780783 0.5996757863486405 0.01613711201431125 0.03567314665289594
0 0.541843847634222 0.7104315322016425 0.052253132962135455 0.05569174815545279
0 0.5650368101148739 0.764938019663018 0.033771290224257955 0.06070722520051818
0 0.5899745115838027 0.8084661895117241 0.014474960296465361 0.034826799316865865
0 0.6075866754234998 0.8331400375117959 0.021398769050633593 0.03393138417069136
0 0.6307411683928721 0.8650569056782688 0.02382043879675913 0.03842199906253549
0 0.6560036152049794 0.9007229466013303 0.025922877919599886 0.046472957349574205
0 0.6767033946181885 0.936392540389309 0.01690765948237866 0.03071384314780936
0 0.6981461924093214 0.9710443856551011 0.02543856177410541 0.038547885303464695
0 0.723116937688288 0.9924679255668659 0.024623985565538388 0.015064148866268121
0 0.14929087912386674 0.10196099238526699 0.030997212516832243 0.12072241222527323
0 0.20577566276328518 0.468458437510875 0.03118426789996609 0.15013543088347922
0 0.23277737835310147 0.4798805736823658 0.03294559555725088 0.10868438401010747
0 0.23047093910351038 0.6134283073526362 0.018162434077288927 0.0688143570275357
0 0.2539773504315965 0.7740804729653773 0.02540538443608953 0.0994933438248697
0 0.2919702856078485 0.7501473948018642 0.051119415148936066 0.02835618862192967
0 0.26732388508812616 0.8651067905650277 0.023754262158031583 0.09004342542793932
0 0.3454777925809599 0.9902756473343126 0.036446191992244824 0.01944870533137479
0 0.4622867132026019 0.4758662806543779 0.03953923326699874 0.08481813798132493
0 0.43187272571474716 0.4261757822819218 0.022015171417626777 0.0440178395021033
0 0.4107656581972544 0.39262560969893584 0.01865786868122352 0.03300111267404149
0 0.38768272305852525 0.35748764764466406 0.023952525018257467 0.04058338234783808
0 0.36318530899459167 0.3211640887469664 0.018525782459724936 0.03083972938873889
0 0.3425515726921317 0.286575186601639 0.018107464915653668 0.04156272165463223
0 0.3265575318297809 0.2620272248424967 0.013319183603690086 0.024698381905143865
0 0.3135685637798372 0.24273230115060937 0.015025364062035338 0.026265190336274963
0 0.2982900122052667 0.22110814585218025 0.011392859442847155 0.019529267998508442
0 0.28552670257771445 0.2011137421053469 0.01206431999012783 0.02173261336412077
0 0.27318718070480164 0.18366193323152155 0.009059247177720714 0.016479575296865792
0 0.2610513028840306 0.16515041375519973 0.011117657560062227 0.02381007248880381
0 0.24588833788060271 0.14102562566407253 0.01690765948237878 0.03071384314780944
0 0.23047770008453355 0.11724008708034087 0.010941542598064097 0.02092822810840035
0 0.21690532896830825 0.09718274021304284 0.011436888183346703 0.020249729093609305
0 0.20080108272673058 0.12353574372420319 0.018789954902722103 0.035162495959343995
0 0.28597766334788915 0.34025376335026786 0.02017690473778294 0.040289647785669604
0 0.5039555586079769 0.7053328032946548 0.03344103016118566 0.07287113965661307