0 0.6419822803289519 0.3249961917571711 0.15313565256171247 0.6499923835143422
0 0.5921093188016266 0.21302657154853016 0.07872793249502161 0.062496659356539835
0 0.6109462827009688 0.5090864661420298 0.07545342554993273 0.08716423635220955
0 0.7881568267201062 0.07812342253213479 0.0530108653650535 0.1285352454365918
0 0.213552069153351 0.24818979288356213 0.06431363225840353 0.1483174325261387
0 0.2167454851837843 0.4698539476960416 0.026217151956277742 0.06389698636588684
0 0.6691364007258679 0.800164241432834 0.05606745835131775 0.23944320259973223
0 0.6371479642594637 0.7802544692446401 0.05356580257364312 0.07674409739026061
0 0.7810381530087047 0.6077277838680967 0.05847180503140598 0.16574641442903232
0 0.754375460696866 0.861542373917137 0.09233703317308675 0.05045974033534252
0 0.8118359320548053 0.8427965270354935 0.026761189068190246 0.020623824873996974
0 0.37796578963369665 0.5267403208833868 0.23266957638779684 0.3647690623329819
0 0.1816231873324176 0.11860006055972369 0.03291815137687517 0.13879939912248068
0 0.5243355700430873 0.08266648105539613 0.05519729808631711 0.16533296211079226
0 0.49941293433707973 0.12152954330737345 0.034898098084332016 0.11903051113486421
0 0.5597637304118457 0.9207649540342351 0.061398388630051606 0.06581243787532534