0 0.15884946590712393 0.5556224213701254 0.23329299752109323 0.8887551572597492
0 0.28311954000703976 0.24266818715054175 0.03766492096229827 0.05199643178275894
0 0.32398383328672686 0.5178438789393913 0.0534682057919766 0.05375996863194029
0 0.36532017115559434 0.7947009987778345 0.05692328970115725 0.05400163823337733
0 0.39598346829385156 0.9873225340532908 0.05490587838593463 0.025354931893418278
0 0.45462081614840505 0.9949906595891013 0.016346063255383094 0.010018680821797552
0 0.5335358397994536 0.5147073214588772 0.2517832068769071 0.9705853570822456
0 0.5565100802603208 0.9860567795818687 0.02446740169967406 0.027886440836262624
0 0.5434509699921083 0.9245273700947166 0.02875207471655474 0.0869135939656459
0 0.5061144321260752 0.7006991526957919 0.052184235585614656 0.21952620416884316
0 0.47959739901028714 0.5373001729866901 0.029159502826484614 0.08036050291115507
0 0.4552812015249162 0.3944954217996011 0.04949231471289329 0.20222578328846433
0 0.4287469373479946 0.23241396514715285 0.02769598364082647 0.08157445328147836
0 0.4149603752522364 0.15331499717713226 0.020329192702427883 0.04617675307728698
0 0.4070420622816077 0.09770423555825664 0.024094435712011093 0.07013383769848679
0 0.3981636781581312 0.05884010656854793 0.01318640555876449 0.027906852609590967
0 0.8208893525747029 0.5061153032273347 0.24765860975681342 0.913077021407967