0 0.49876953125 0.024269882659713166 0.0212646484375 0.04689048239895698
0 0.4961474609375 0.18238591916558017 0.0275341796875 0.23001303780964796
0 0.423330078125 0.2938787483702738 0.0539892578125 0.039947848761408083
0 0.4231787109375 0.014393741851368968 0.0526513671875 0.021649282920469363
0 0.422099609375 0.564986962190352 0.0515234375 0.04013037809647979
0 0.4933740234375 0.7267470664928292 0.022802734375 0.3499282920469361
0 0.432021484375 0.8185136897001303 0.03244140625 0.02710560625814863
0 0.34369140625 0.883129074315515 0.0251171875 0.09870273794002607
0 0.488544921875 0.964354628422425 0.0468505859375 0.06904172099087354
0 0.680205078125 0.9903063885267276 0.0438330078125 0.01939374185136897
0 0.7506494140625 0.8732529335071707 0.0170361328125 0.10089960886571056
0 0.738525390625 0.4629009126466754 0.01662109375 0.11041069100391135
0 0.9030615234375 0.6143220338983051 0.0719384765625 0.12920469361147327
0 0.971064453125 0.7310169491525425 0.0578759765625 0.10872229465449805
0 0.023212890625 0.24587353324641462 0.018466796875 0.026284224250325946
0 0.10162109375 0.27277053455019556 0.017001953125 0.02518252933507171
0 0.1008544921875 0.3894589308996088 0.010234375 0.021166883963494133
0 0.02732421875 0.36874185136897 0.0185302734375 0.026388526727509777
0 0.1401611328125 0.5581942633637549 0.0180126953125 0.036153846153846154
0 0.2274658203125 0.7878943937418514 0.0406982421875 0.13877444589308996
0 0.1844091796875 0.9278683181225553 0.050751953125 0.14426336375488918
0 0.260810546875 0.9536701434159062 0.024365234375 0.020221642764015644
0 0.2976025390625 0.7520208604954367 0.0124609375 0.06565840938722295
0 0.3175927734375 0.5017275097783572 0.055732421875 0.09750325945241199
0 0.26021484375 0.1791851368970013 0.00912109375 0.17833116036505867