0 0.5386863096262828 0.14617474977204056 0.053155967586700714 0.28415926939234715
0 0.5523091002597412 0.4580068027652019 0.03521733936506899 0.16807281964030044
0 0.559634417393752 0.6169900283160072 0.029880296842930063 0.11761958538305625
0 0.688737035531427 0.5318631685799342 0.014238692685474808 0.014514009902934956
0 0.7595629493377702 0.5446663836015132 0.011617254510656396 0.01593397449295335
0 0.2852412761104691 0.3698012715621645 0.026557528577234268 0.023251756484952993
0 0.47659022127852396 0.08514884385912586 0.02670839548541874 0.026133600865356554
0 0.6414160352460917 0.008227888011622032 0.012745060036403352 0.006580554816752142
0 0.8049999248797453 0.30032342877699064 0.02378522349423163 0.021789876694567764
0 0.3179745155174838 0.8371043623114162 0.023536242837682107 0.03763163774671362
0 0.8160940979485204 0.7789904277664244 0.021854026553379906 0.02609587718502612
0 0.1798986356931305 0.9081067833323614 0.018730930779825673 0.02823211135010838
0 0.11767843395243495 0.9930701737870027 0.013197660760956709 0.013859652425994538
0 0.10804487825222406 0.8891691702023333 0.01673564053201821 0.021014925838989732
0 0.3984095822320594 0.9995655229698225 0.012631909855264783 0.0008689540603549836
0 0.43198536445483293 0.5042811573662872 0.026617674308327732 0.10679171135635962
0 0.41955472394430265 0.2933639559276874 0.022864734322125838 0.0865978430933519
0 0.41461148197799125 0.19710485661104277 0.016637526783653225 0.039738531271538716
0 0.504307978970321 0.22050565223290583 0.01161725451065664 0.015933974492953185