0 0.8577449615644391 0.6160750012204486 0.03150714695131815 0.1253578391171726
0 0.822869689770717 0.9584630627484241 0.020331923960483295 0.05175825357422237
0 0.8359227355225056 0.5936252024309734 0.03292421834221574 0.09850840982358393
0 0.8883836657611743 0.35854228299195856 0.012698418728750795 0.024131665082058093
0 0.9222529178740427 0.055745838515303466 0.018988083260138174 0.031249059797701963
0 0.5921777061449007 0.7909636563189342 0.023159103723728702 0.03834999672038695
0 0.619723439351774 0.4069281681759714 0.11257937491070193 0.7890163015758557
0 0.5193866521982751 0.9000311322005171 0.02246401370630877 0.027741793042876342
0 0.5463831574139845 0.9404655038628839 0.027839376507689736 0.10977856814895838
0 0.5623195674364891 0.967908999408381 0.008686344606151721 0.011377133979607016
0 0.5122763253240127 0.9439112896534788 0.009699327305555524 0.010678149297585973
0 0.5047721141065457 0.9938027625236964 0.009235933960608943 0.0036060135125789007
0 0.31150466721448655 0.905533670592239 0.021868085017357167 0.034805699931404074
0 0.4203108700611282 0.9739601093620094 0.01298293739519761 0.04463262996209926
0 0.4485093158192728 0.6567172171290863 0.021271675969334384 0.09841789196231036
0 0.30295986140295156 0.8218378944182575 0.021007565999466456 0.013593407024622526
0 0.28656906148611216 0.6922575818306442 0.046450262432391615 0.11911223590961798
0 0.3147328133352645 0.5775285186321809 0.02254276633819821 0.10973742366656135
0 0.3800017681589773 0.36107772614508243 0.034904324765599425 0.03985494173866208
0 0.623210173501083 0.12345278497201963 0.016160903496892528 0.0446573166515374
0 0.667662322608867 0.1641049866317261 0.01457192044604507 0.04464497330681827
0 0.667125698573368 0.12381849934662409 0.0149296698030446 0.01778731511675024
0 0.6768347498681421 0.08875382493548309 0.009494041630068846 0.015624529898850971
0 0.7276592780075488 0.11698658726491018 0.0270520881803515 0.04120765217206787