0 0.40161650185094777 0.6309806551219265 0.04900667277844582 0.1646591009991207
0 0.45479362500178394 0.6248595928129795 0.055699646380247866 0.1531299060139735
0 0.42304032501498245 0.4547528712368008 0.020969516783593132 0.19453597130743405
0 0.3415867472253088 0.0016496205799721552 0.008715019500935076 0.0032992411599443105
0 0.2872612510774369 0.031408433748259273 0.013521228907941088 0.027541767731148883
0 0.3817044009412194 0.03574242883261439 0.050031627276634426 0.041756765375167634
0 0.32659912908969835 0.05570758607418514 0.025574871977225907 0.02337245846012092
0 0.41555672094951235 0.12442899957103885 0.017761115048980695 0.06996513639488605
0 0.4979186380734176 0.13232926906931677 0.027394593625346828 0.04175482642470826
0 0.8238603500606527 0.02305818150344723 0.054464641111821796 0.04611636300689446
0 0.7786322655423988 0.03025526823798685 0.01985673340302729 0.0605105364759737
0 0.5199842033270031 0.7309526549970318 0.04748390759860432 0.1287286147142434
0 0.5529503889222154 0.7317184888337166 0.019762101185759502 0.1424638364631669
0 0.5865873248630195 0.7232931386881076 0.057920153270780095 0.12164810484852966
0 0.5477659240727908 0.5772033372804721 0.024871796969283624 0.17088801489982647
0 0.740614879911157 0.6267976689642595 0.06443572564353704 0.13680908162952335
0 0.8010197102862306 0.6290248678329534 0.0608855812673112 0.14712832899954137
0 0.7714066781134837 0.5217757838296514 0.022169205862201172 0.08499509841203241