0 0.42507255910874775 0.9393651031803055 0.07535793141532492 0.06987384834775798
0 0.46136863147564644 0.614129775596102 0.02709461732936337 0.030327748966825142
0 0.5160861767670019 0.6074397362103356 0.02618617418995259 0.03232187985552497
0 0.5184629979968934 0.5697328272841738 0.03747825123387647 0.04008336721158982
0 0.48171402814362524 0.3683064360470295 0.05818209955655729 0.07541999323435564
0 0.43893863098741864 0.2086926420182217 0.033126037721665155 0.10375425664484034
0 0.45615146466528217 0.18824475851532793 0.034118983226382404 0.10314325162059418
0 0.3889486094751564 0.02462565092314133 0.03020020739147517 0.03056942269076701
0 0.3352344657032674 0.07327608457060204 0.028298818747347146 0.03317455860371311
0 0.383428683815669 0.27902320028865607 0.02586924760768756 0.043997891795400604
0 0.30761657354300453 0.20432011684701548 0.0254889869638081 0.03777382540535911
0 0.42979124994298745 0.06957839321182333 0.04431235867185887 0.13915678642364665
0 0.627015934970346 0.6057558088556734 0.038576781982861505 0.058064003449487464
0 0.6772018487164936 0.6015029688525003 0.05941796800534792 0.08721684203620204
0 0.6495528447861774 0.5022063573379805 0.035830369685668086 0.046837880717896956
0 0.9693485993593617 0.7952144660403835 0.04837948348207511 0.0498792644103449
0 0.8787008610500162 0.5500377094476327 0.06885065131360284 0.19945143182690053
0 0.8154962482583752 0.36248253314283563 0.0370556539826127 0.0668932057524751
0 0.8470693200995217 0.5302640144248071 0.08961774827316665 0.28641360404273697
0 0.7899598461730878 0.2807402184921194 0.04165061958943478 0.08308110587162437
0 0.8062114868017722 0.23604735340729618 0.03696048204072855 0.10749402398390662
0 0.7150670621782399 0.10565870552329226 0.10715275789685243 0.21131741104658452
0 0.753321881777107 0.04282551802010993 0.027210786725476936 0.04066091399623734
0 0.7673073222218967 0.15256590035442544 0.056354372851695415 0.18884313483394785
0 0.1979859324253339 0.2698292287364978 0.04811522138484653 0.12143929877602262
0 0.23505217055979266 0.32322769423750125 0.03748866453626004 0.0992758267051653