0 0.218076171875 0.4997588005215124 0.0585205078125 0.9926271186440678
0 0.6231982421875 0.076251629726206 0.03267578125 0.14441981747066493
0 0.6198193359375 0.2052542372881356 0.02986328125 0.08198826597131681
0 0.6177099609375 0.2808865710560626 0.02931640625 0.053741851368970014
0 0.6110400390625 0.6377705345501956 0.04138671875 0.6167926988265972
0 0.605322265625 0.9821642764015646 0.02115234375 0.028826597131681876
0 0.6855859375 0.8950521512385919 0.031982421875 0.20059322033898302
0 0.7076611328125 0.08835723598435462 0.034921875 0.16924380704041722
0 0.701259765625 0.241864406779661 0.03716796875 0.13621903520208606
0 0.6982763671875 0.3705475880052151 0.036708984375 0.12095176010430247
0 0.6947412109375 0.48451108213820077 0.0355126953125 0.106251629726206
0 0.692724609375 0.5790482398956975 0.03404296875 0.08089308996088658
0 0.6925634765625 0.6758474576271186 0.02931640625 0.1127444589308996
0 0.6932958984375 0.7635006518904824 0.02234375 0.061968709256844855
0 0.6007373046875 0.030143415906127773 0.0250146484375 0.04988265971316819
0 0.5800146484375 0.07277705345501956 0.019794921875 0.049263363754889176
0 0.55994140625 0.11503259452411996 0.024150390625 0.04666883963494133
0 0.5407080078125 0.15428943937418513 0.024111328125 0.047764015645371576
0 0.52169921875 0.19342242503259452 0.019990234375 0.03833116036505867
0 0.5000244140625 0.24059322033898303 0.023017578125 0.03831812255541069
0 0.4839453125 0.27125814863103 0.01984375 0.03794654498044329
0 0.4565771484375 0.2760104302477184 0.00923828125 0.012979139504563234
0 0.4671337890625 0.20810299869621904 0.00861328125 0.08583441981747066
0 0.4553564453125 0.12995436766623206 0.0049853515625 0.08679921773142113
0 0.4873095703125 0.39077574967405476 0.0267578125 0.05198826597131682
0 0.5144873046875 0.44573011734028684 0.03037109375 0.059667535853976536
0 0.5419921875 0.49953063885267274 0.0260302734375 0.04690352020860496
0 0.5644677734375 0.5450130378096479 0.024765625 0.044119947848761415
0 0.5855810546875 0.588715775749674 0.021689453125 0.04140156453715776
0 0.45328125 0.7245893089960886 0.01185546875 0.5399674054758801
0 0.463583984375 0.7188591916558018 0.0089111328125 0.07755541069100391
0 0.5007080078125 0.8463820078226857 0.02482421875 0.022046936114732726
0 0.5024072265625 0.620671447196871 0.0264111328125 0.01761408083441982
0 0.5083642578125 0.3896219035202086 0.0176708984375 0.020039113428943937
0 0.5073681640625 0.12572359843546285 0.0232861328125 0.016036505867014342
0 0.388544921875 0.9115906127770536 0.024365234375 0.04426988265971316
0 0.3497265625 0.8398305084745762 0.0192919921875 0.03728813559322034
0 0.36673828125 0.8729269882659713 0.0199169921875 0.03298565840938723