0 0.9780472169027933 0.8107768017658791 0.0439055661944135 0.3784463964682419
0 0.9051490441729946 0.46929164692243025 0.03213903184215069 0.21769659350903198
0 0.9505021559101845 0.20533328078859397 0.04089367127250087 0.23192211894097314
0 0.8589532322406122 0.1846953358199106 0.15574067116740628 0.14404902501609734
0 0.9150233781903772 0.3070743951715133 0.018969358976401864 0.1114548299174156
0 0.9150555461591311 0.10796585344197053 0.013599277966835752 0.0415926298855467
0 0.7281416867142921 0.09230509941951877 0.014560352315801406 0.051108247552512545
0 0.7515159669157894 0.10104378175090459 0.01007883884668291 0.06285328874482944
0 0.7375765061772032 0.22585347389222069 0.0658168628942587 0.025847505214663374
0 0.4474165721301993 0.20337748712131465 0.47176708637312764 0.07474218005935376
0 0.32210350122205134 0.06260652347634993 0.04743029350698992 0.03168575437860382
0 0.4088206164404517 0.0666594459185079 0.12202823253794348 0.04076571921690434
0 0.7613223778294663 0.7679419793791169 0.05356045569292757 0.46411604124176614
0 0.7604123283093666 0.6334424718127493 0.06952527959075207 0.029533960141881824
0 0.41027409600255627 0.5963996771029874 0.5810272613686303 0.08072452711180435
0 0.13328645994084176 0.7216754546839559 0.07015395377111863 0.5566490906320882
0 0.07428827840105258 0.30755195100779215 0.04902314817919099 0.35929446782263913
0 0.12734767698650235 0.2410061084252316 0.10176480801919982 0.039031404960461424
0 0.16151994734651282 0.21192481294497273 0.0913650315287369 0.1587535611331149
0 0.07848033841489774 0.10576729611863653 0.10630444514008809 0.04952711760877301
0 0.07437331978249552 0.046457277661641316 0.012981695289408464 0.08129464980511514
0 0.031522225700440554 0.20484138376613623 0.027093585644011042 0.15460029334184508
0 0.015469718055653814 0.043774152342390044 0.01979455262599861 0.08659443184373648
0 0.13619639796049274 0.04164144420318026 0.021126331888563984 0.06177739162646844
0 0.15921056648202195 0.02710280878602978 0.01953562131257479 0.02862448228952663
0 0.07803723669422853 0.8641042023705877 0.07504562445643499 0.03943979851654749
0 0.06535033785464427 0.8310123051723046 0.0325746637180358 0.18471711559773452
0 0.06413364109204264 0.9791466975645259 0.015255692040827596 0.02354148953296072
0 0.39946425505136546 0.9887938206159896 0.18749480045014877 0.02241235876802067
0 0.5222607223907118 0.9115579443972421 0.1271506592479648 0.16855451094657217
0 0.3591866133848574 0.8302195420527286 0.12018384088761136 0.033869745782989236
0 0.34961397188328447 0.7936882259955423 0.07913757615184178 0.019575677486612042
0 0.37438272145795065 0.7105709905227462 0.10630289206865347 0.15464157693370173
0 0.9004072490759364 0.9540300761487199 0.1477146114789422 0.050376101888608096
0 0.7225606103232777 0.8960214358333468 0.05884693839103648 0.10139165870093765
0 0.38743254260798343 0.35692615510369763 0.17783721032260286 0.036782771454446785
0 0.5278866113248538 0.3716426412754376 0.012268275239987676 0.013852440440350484
0 0.5686992166499681 0.3758095387029971 0.01309949566438274 0.020661698161443573
0 0.2565946531307889 0.06946523796436664 0.02002860030451251 0.07044298788132182
0 0.1777692872188972 0.8975711349418646 0.04180497835164649 0.0931949495746898
0 0.1798198295254342 0.7983594429993548 0.030420796948742685 0.024165635238824805
0 0.17356380609496116 0.6890034444719181 0.04880056302549611 0.03921495994257622
0 0.3814007501581097 0.23647145858415244 0.14651346267666449 0.02534227238928476
0 0.4310453636933144 0.2932777581749018 0.057808106994472 0.07974077913395501