0 0.9952805623300078 0.7724805905654498 0.009438875339984401 0.019189004857606964
0 0.9932489317700387 0.7160175142039872 0.013502136459922535 0.04086912948058064
0 0.84055432345352 0.383310301683801 0.012485358762588772 0.020249899090137937
0 0.650645007436985 0.2706269743787554 0.02729188244335208 0.026910213259681317
0 0.5930521774897456 0.1322581394019669 0.047677991672460944 0.2645162788039338
0 0.5973874610907495 0.5828332120410326 0.07599268308576308 0.57668910295123
0 0.6314743702596485 0.574276376676749 0.07830062469471455 0.16307372838241904
0 0.6469367957367537 0.9523329456434882 0.019347245002340422 0.0049481359587756
0 0.5950316593396253 0.9400486937042027 0.009285882185831084 0.03652517783165954
0 0.3938162607633379 0.7334302341210832 0.0244543416946247 0.13134303674032463
0 0.4142475607731179 0.2824243295421803 0.022782660378845635 0.03826399356763442