0 0.309326171875 0.17760756192959581 0.0617236328125 0.04298565840938722
0 0.3196826171875 0.4801303780964798 0.071904296875 0.06200782268578879
0 0.2678955078125 0.3228031290743155 0.0280224609375 0.6334159061277705
0 0.19205078125 0.6426923076923077 0.009775390625 0.06833767926988266
0 0.245068359375 0.8050847457627118 0.0315380859375 0.08462842242503259
0 0.279482421875 0.7505867014341592 0.02310546875 0.17864406779661018
0 0.280712890625 0.9308409387222947 0.02205078125 0.1383181225554107
0 0.6819677734375 0.3083572359843546 0.0098876953125 0.10758148631029987
0 0.3931640625 0.23840938722294655 0.0116845703125 0.09192307692307691
0 0.4101025390625 0.8294393741851368 0.036787109375 0.06917209908735332
0 0.317841796875 0.7588852672750979 0.0541796875 0.04756844850065189
0 0.303974609375 0.9810365058670144 0.0229296875 0.023057366362451107
0 0.3825390625 0.8784028683181225 0.055400390625 0.0146870925684485
0 0.547314453125 0.44911342894393746 0.1558203125 0.2882985658409387