0 0.7465648380510647 0.8646144426615973 0.048679770186574566 0.03916272419383222
0 0.7459052447495016 0.5887168658299294 0.047734966837233404 0.04511599046781552
0 0.7768433785974856 0.4218668703808638 0.010607809213987116 0.016385511047276206
0 0.7591694971990339 0.39522346426345495 0.015807477199209413 0.041213054510914796
0 0.7241777743281852 0.26840682117409476 0.01834060400593092 0.04597036818680858
0 0.7465427212823635 0.08990925616440684 0.04272091884752999 0.04159337376849125
0 0.6894697581983501 0.08835691945780892 0.011889398056622402 0.10628504302346693
0 0.6941050876396835 0.24860267890091836 0.022282584150790784 0.09803673249950483
0 0.6905145691759761 0.32267236948678557 0.012538020286689044 0.009139431229003262
0 0.6938915122741142 0.3956817127992436 0.024247598972652447 0.0947853264495409
0 0.6857726950021756 0.7373081323990204 0.031722159657229555 0.5253837352019591
0 0.627233396208549 0.7811090546983704 0.02071920944993205 0.37617736084443937
0 0.6309441561629419 0.463451439097239 0.01322319252299729 0.20217658565212113
0 0.6338792040174734 0.31414872587488707 0.008898021885963801 0.04893119139817231
0 0.6359301804579854 0.14917114877613183 0.016521652559817735 0.2375791037409567
0 0.6585159004082587 0.053210802788921624 0.01980711434125243 0.042699589947604616
0 0.38338992434534763 0.3912692969586341 0.02038102695097238 0.0513740886348473
0 0.3398849417120829 0.5742697756166996 0.03709270312550311 0.08197342414208504
0 0.3117112611623862 0.6580330062173427 0.036188504150181794 0.0925871431457621
0 0.28277532232072894 0.7401027311306638 0.030670151049077894 0.08837937529581288
0 0.28227513990171593 0.9390084188898687 0.04294169184362493 0.1219831622202624
0 0.5040654332229021 0.8292341791969376 0.027667522880115633 0.08693158423760301
0 0.5719693549523028 0.8441857077192001 0.018955120989670712 0.05930531960374502
0 0.9095002224008809 0.8336752128001552 0.01685089117116989 0.04657803058047328
0 0.830077094851646 0.5833356393134908 0.029562930203657602 0.07569083065102122
0 0.7495438461445614 0.31997463170134227 0.0427615232215496 0.04625382649818492
0 0.5709222738404703 0.23782573750616906 0.008602190018105613 0.014976464367546483
0 0.5340387424613422 0.23705797446379212 0.017610074524992168 0.019319837542175807