0 0.5146853655926881 0.7846320451656056 0.10627068939103067 0.4307359096687889
0 0.5663177693615755 0.5595721338533411 0.06959425751500734 0.06372918917403632
0 0.5990225832651007 0.8364754910577217 0.06636538008790795 0.06417520549964988
0 0.5332526939877558 0.2640976419942133 0.051768919689325114 0.03692732666313598
0 0.4408236607900547 0.11404911621487304 0.045750230586034835 0.1454653155589796
0 0.3889020951899178 0.08379688150609216 0.0506193148362129 0.0765502146639491
0 0.38859836185787405 0.14702610733732566 0.0273627868945578 0.06300566227657683
0 0.43479807555876204 0.21895905085892056 0.030593972787250047 0.048837966901525295
0 0.41083525045808234 0.1910983161185756 0.023052750068568377 0.03591544671813234
0 0.37110867162575384 0.12771684824712173 0.019024920408272857 0.02979328702072003
0 0.221576454908882 0.3152345004402938 0.0864545506599069 0.05217169147607839
0 0.145744350403137 0.22804314995960911 0.039069480157992525 0.11311688866205524
0 0.17027776525597013 0.42172495560798473 0.063307962015594 0.23435383418663516
0 0.211397720705591 0.6160984487992262 0.06929589109016267 0.13881288665907018
0 0.21230280381850977 0.7317802090294839 0.04004145023555378 0.11031121172259949
0 0.22857715646567187 0.8305998233307129 0.031618229059882826 0.0749249234232646
0 0.4821540030590876 0.9635200904767264 0.05198960679757579 0.07295981904654726
0 0.44961761933751815 0.9305753614200668 0.01853893536949223 0.031196125490448035
0 0.42969800391149476 0.9037875410553137 0.022538313466659125 0.036593647506700674
0 0.41144973032527843 0.8760520748465945 0.018794999437650364 0.03771786462088249
0 0.3905308474913616 0.8539047440704911 0.027538113204515775 0.039910130264657395
0 0.36888183286647724 0.8226065684947129 0.020966552097802373 0.0379036121912465
0 0.34956200873174925 0.7944159096602321 0.022680571282302508 0.04021683591249778
0 0.32827094711156657 0.7678743159045813 0.022424507214144372 0.03369509678206299
0 0.3092379470737184 0.746251833093126 0.017168643408129344 0.023856874893671824
0 0.28290209990539283 0.7094632617159131 0.021080358350317126 0.04080216291588435
0 0.2644831169404044 0.6860756215941504 0.018595838495749608 0.03264540085276671
0 0.48426475636903304 0.5198353751884504 0.03146904584746049 0.11246677216578144
0 0.5055204410293083 0.5056579481214006 0.02924059006105123 0.11083174923309858
0 0.5226875552166346 0.5609296462141778 0.042049218913712605 0.06498409605769304
0 0.5054023928336142 0.3976777573284988 0.017906075583882256 0.05641913365325473
0 0.4519436635797385 0.3163990451367171 0.035619915622642585 0.06660076639007934
0 0.46322127493064996 0.2650145592672857 0.055111603368939256 0.0393798610621601
0 0.48685612781055987 0.2110517150753544 0.043848592787598624 0.0694712328224224
0 0.49690264657414573 0.3158822626885172 0.04778875929291516 0.08714115852579452
0 0.1336389309991174 0.11322102763413468 0.02970735739907486 0.05381755688445931
0 0.5410057449403229 0.0666338738782713 0.04393856440817072 0.04420178776702472
0 0.6778562398745925 0.07724901428946153 0.04385320971878459 0.042027874723546445
0 0.7608166737144233 0.5031382699814387 0.039610059857437666 0.12688500460408414
0 0.7822868993309601 0.4904333367230034 0.0302956063624055 0.12392166438655915
0 0.7581722368330351 0.7508433988604839 0.02989959294419685 0.10005505780088927
0 0.7648284026531214 0.9142767248623778 0.019622403233975128 0.04501067832506769
0 0.5553181817707318 0.9742003644170543 0.022386821788643808 0.051599271165891414