0 0.5384772479882687 0.512451805385477 0.1509297180892099 0.9185035037229204
0 0.5383024083371376 0.012554530781905073 0.016646325881875784 0.025109061563810146
0 0.4961953948746023 0.31629444156441083 0.07666071525923343 0.4990797477623656
0 0.4433337435039095 0.6908844979854097 0.03558767509583576 0.19649170681478825
0 0.4233948367780094 0.845696239031601 0.01885135361831773 0.06067069761350997
0 0.41043485638189464 0.9383535251602934 0.015604714826661054 0.06901455221254778
0 0.3482743698523032 0.919371244839898 0.06617949460847262 0.05188666554855047
0 0.29009124035453737 0.9239591434542288 0.023720997054287422 0.024723197192097982
0 0.17706956825389714 0.8647878942993897 0.029463989879965957 0.06976912401929612
0 0.11004427507697373 0.1491548762842852 0.023600450434336992 0.06944988210105642
0 0.13546268210754642 0.025770428581202598 0.025417462776026214 0.051540857162405196
0 0.1194907774096605 0.07159996507569412 0.023616355449522113 0.050989407567672375
0 0.10140687257022458 0.11873789915644048 0.02324487457298549 0.05380938842410799
0 0.39443912595743097 0.06398953760413341 0.038704555753887544 0.12797907520826682
0 0.4317810220728568 0.045894261766546394 0.0359499444587178 0.09178852353309279
0 0.31831074651597313 0.013881059179525652 0.03928469033692368 0.027762118359051305
0 0.6693550349718002 0.0459227730198026 0.06499222040446781 0.049691869426663836
0 0.6226565166034246 0.36337315150162464 0.06265011152985946 0.055244765161833284
0 0.5800853094209762 0.6642676316462769 0.059572993409770444 0.057207385343181996
0 0.5413507166299062 0.9443617311728222 0.05752953383730387 0.04928556153072253
0 0.43585684119504287 0.24644427930322402 0.02939911081316357 0.04988414806141065
0 0.3579903449847905 0.3216888964988585 0.034342215326559074 0.07145482337690276
0 0.35171221537389674 0.2215584155481457 0.03867943922504793 0.08234173800863404