0 0.141708984375 0.5002151238591916 0.0776904296875 0.9995632333767926
0 0.541416015625 0.5013037809647979 0.08283203125 0.9973859191655802
0 0.837939453125 0.5045632333767927 0.057392578125 0.9908735332464146
0 0.367255859375 0.625632333767927 0.015859375 0.10928943937418514
0 0.385712890625 0.6407301173402868 0.0117578125 0.10961538461538461
0 0.3215185546875 0.41845501955671444 0.0337646484375 0.02349413298565841
0 0.32126953125 0.7009582790091264 0.0382373046875 0.027627118644067798
0 0.454375 0.7994067796610169 0.0136083984375 0.3008539765319426
0 0.32568359375 0.9031551499348109 0.0383642578125 0.02879400260756193
0 0.3206494140625 0.9634550195567145 0.044453125 0.01830508474576271
0 0.3205224609375 0.1190677966101695 0.04171875 0.03535202086049544