0 0.360517578125 0.037385919165580185 0.00904296875 0.06570404172099088
0 0.362138671875 0.3032398956975228 0.0103369140625 0.3790677966101695
0 0.365380859375 0.6195697522816167 0.0071728515625 0.20318122555410692
0 0.36666015625 0.7718122555410691 0.0077783203125 0.05196870925684485
0 0.366513671875 0.8883246414602347 0.007744140625 0.13455019556714473
0 0.3897802734375 0.9489374185136897 0.0137353515625 0.026310299869621905
0 0.269677734375 0.8257431551499348 0.0329638671875 0.08353324641460234
0 0.291259765625 0.8898174706649283 0.015732421875 0.04066492829204694
0 0.309296875 0.9391720990873533 0.021806640625 0.0549348109517601
0 0.24978515625 0.8973989569752281 0.0377734375 0.023344198174706652
0 0.237138671875 0.700619295958279 0.0238330078125 0.04758800521512386
0 0.244130859375 0.6452803129074316 0.039033203125 0.021877444589308997
0 0.2679248046875 0.6240677966101695 0.0114794921875 0.018422425032594524
0 0.239287109375 0.37806388526727513 0.0402880859375 0.02378096479791395
0 0.261845703125 0.3583441981747067 0.01390625 0.01301825293350717
0 0.2336962890625 0.0931812255541069 0.0404541015625 0.02119295958279009
0 0.257548828125 0.07605606258148631 0.0111474609375 0.011297262059973924
0 0.293095703125 0.030397653194263366 0.0137255859375 0.051492829204693606
0 0.096611328125 0.09841590612777053 0.0124267578125 0.016486310299869623
0 0.1339306640625 0.013885267275097785 0.0134619140625 0.022855280312907435
0 0.045869140625 0.019074315514993483 0.0175 0.030501955671447197
0 0.06669921875 0.2564406779661017 0.028994140625 0.06903520208604955
0 0.0904248046875 0.3307496740547588 0.019169921875 0.055867014341590616
0 0.111767578125 0.37791395045632337 0.0194189453125 0.053259452411994784
0 0.139052734375 0.4488787483702738 0.029501953125 0.07299869621903521
0 0.165380859375 0.5188135593220339 0.0197802734375 0.08657105606258149
0 0.1923974609375 0.6110691003911343 0.020126953125 0.053324641460234676
0 0.576787109375 0.809387222946545 0.0218505859375 0.06735332464146022
0 0.714384765625 0.24749674054758802 0.0269482421875 0.07621903520208605
0 0.6895263671875 0.3607561929595828 0.024326171875 0.0776271186440678
0 0.66939453125 0.4348826597131682 0.01828125 0.05519556714471969
0 0.6501708984375 0.5161212516297262 0.0285400390625 0.1061212516297262
0 0.6311474609375 0.5925945241199478 0.0202783203125 0.04134941329856584
0 0.7153662109375 0.11428943937418513 0.020458984375 0.053794002607561925
0 0.7022802734375 0.060469361147327254 0.0144140625 0.04450456323337679
0 0.6885888671875 0.025254237288135594 0.0125634765625 0.04365710560625815
0 0.518955078125 0.08395697522816166 0.0241064453125 0.0882529335071708
0 0.4364306640625 0.021205997392438072 0.01591796875 0.03577574967405476
0 0.4678125 0.06689048239895698 0.01783203125 0.12394393741851369
0 0.43451171875 0.10041069100391134 0.012080078125 0.016727509778357234
0 0.467919921875 0.315606258148631 0.0136962890625 0.0180638852672751
0 0.417578125 0.2354432855280313 0.0199658203125 0.060743155149934815
0 0.4851025390625 0.22011734028683183 0.024130859375 0.0852542372881356