0 0.527151156232898 0.07160967223536283 0.057146522387294264 0.14321934447072565
0 0.5202675820588307 0.5319112863869938 0.11177365692307127 0.7578927166010525
0 0.6841118447517562 0.08465145142060554 0.028639894667211063 0.16930290284121108
0 0.6771981495497578 0.21702583574573672 0.013310255833240421 0.06525184702892795
0 0.6680149591405622 0.45910332064072995 0.051232189290018465 0.42168935314695544
0 0.65171918026641 0.7908919699697031 0.03497887515490857 0.108475432832386
0 0.33850795833240654 0.7496360573945117 0.039299669144089916 0.06876134511832828
0 0.3428193203026068 0.3483164003782585 0.033588795756485976 0.04832191526365969
0 0.3456235380529005 0.4370438925944215 0.04755918425214642 0.11629587004519631
0 0.3490221523687116 0.5598604400935495 0.039530587969374725 0.11739708511035932
0 0.34896655632297036 0.6989938863015933 0.03165434223383973 0.03205225997495113
0 0.17731320005577345 0.5246744125192149 0.02309648723134604 0.05947749328543074
0 0.17745829202631272 0.5800524306658245 0.019304353710778974 0.028291362680950335
0 0.1793761345166883 0.6576634315254696 0.02922205730269063 0.09613933500860027
0 0.136415804045837 0.683988581177131 0.027149172135094775 0.059603475739317444
0 0.18380015398847435 0.726754066327319 0.018406342771930453 0.030289637026883184
0 0.18241643579008807 0.8848399060598403 0.05378539745718487 0.21712352583569403
0 0.23672293601363625 0.7298366765253343 0.09375732341265984 0.048166134305818495
0 0.028551345464816913 0.9808015355100136 0.030756331294991102 0.03405053432088398
0 0.11229331340740847 0.8417681872330625 0.03218419920466892 0.050304441802856974
0 0.22100538179702234 0.013053991347150556 0.026250562945138823 0.017025550012028292
0 0.35711202808274534 0.0009670528857989317 0.013048507947843666 0.0019341057715978635
0 0.38792789340141876 0.9615251346000597 0.027095071717122284 0.031910529714328555
0 0.3560903715602307 0.9165878663782583 0.06374725076038806 0.1431395659127953
0 0.10222497445817483 0.3633102464108253 0.20444994891634966 0.23278410799025737
0 0.16724564870212802 0.13749284579165522 0.33449129740425604 0.14044056010816455