0 0.2926456419506906 0.3750050212890296 0.17572901120665443 0.10064773955137554
0 0.0784458104737915 0.23708403357119953 0.15167667494964127 0.2347122848294739
0 0.1959993112659465 0.09670093859704143 0.08073892032835028 0.03859894230865999
0 0.29487906265262714 0.08030892340044445 0.051835038569647676 0.04336429013117127
0 0.4430764644358214 0.05010865570758977 0.27922828528712135 0.08606327237134596
0 0.6506675577221354 0.8426448422947689 0.08570506933179659 0.12642528951244855
0 0.6354226674162663 0.9279662641555803 0.34603107200109107 0.1440674716888395
0 0.3281872476164841 0.9865393656670876 0.06437156536847632 0.026921268665824866
0 0.3469062078826672 0.8335210693494072 0.09217759265615892 0.04974452831438859
0 0.3185878629255643 0.7366510449658675 0.05831539789040278 0.060513583178204364
0 0.17470278289697552 0.8012881735121219 0.10343695213758516 0.12275925364339274
0 0.23559210541316447 0.9332540765065552 0.04129072608613707 0.04991765314920374
0 0.09837716633836532 0.8117605500485139 0.13600802120373615 0.3764788999029722
0 0.19450649605726666 0.9956883655792879 0.03539905626695175 0.008623268841424173
0 0.10862346146141053 0.41932820761460304 0.10695121276660452 0.14391893418051444
0 0.6543038918210446 0.02817757204101734 0.086611856961845 0.02785707889310801
0 0.6908585327125404 0.09430301386417857 0.06793963815282324 0.08181575404127096
0 0.7325863068297549 0.16428869422426648 0.09193510106160366 0.061977552079743335
0 0.4530687884909169 0.1934662362358421 0.33251521223119596 0.1960942291691839
0 0.8777240354998259 0.12211835656059195 0.10168025022572112 0.2056693315655031
0 0.7927347784641714 0.04024495308048066 0.0498280090668356 0.04467733757354345
0 0.6195665903063914 0.3843289339991764 0.4419007075361993 0.241480575311844
0 0.9421094053690542 0.5431345977474705 0.04024668377044486 0.09544838766640565
0 0.9807142361179076 0.7492459450392381 0.0385715277641848 0.22706150790658358
0 0.8492784138667 0.5334905012733647 0.05216642128916804 0.03521289901887742
0 0.5461607593850012 0.588974767377396 0.3338851886717594 0.16552948104653958
0 0.5487518866000253 0.7780547910544132 0.23436642522373216 0.1292122820015912