0 0.4202862783810464 0.17024510719908922 0.046890424481737414 0.34049021439817845
0 0.4449654491609082 0.33350091368665236 0.027147087857847977 0.048670901093917855
0 0.3882033563672261 0.36151599577989996 0.02319842053307009 0.040489568923783234
0 0.3763573543928924 0.46708766027449344 0.0192497532082922 0.04350718273520329
0 0.40424481737413626 0.4084835499125094 0.02813425468904245 0.01843691924844097
0 0.39881539980256664 0.7062941464685789 0.05380059230009872 0.5189146560881763
0 0.4849457058242843 0.42885991887642433 0.055281342546890426 0.041416120737615594
0 0.49851924975320827 0.13607914553631645 0.057749259624876606 0.044223787994806196
0 0.4449654491609082 0.0933823366115536 0.009378084896347482 0.06257954400947152
0 0.47211253701875616 0.7018260600235645 0.055281342546890426 0.045368689907576365
0 0.42398815399802564 0.6571025807614411 0.01332675222112537 0.08459486827446792
0 0.4617472852912142 0.9505747842428953 0.052813425468904246 0.037949691952098394
0 0.12487660414610069 0.9197897442960413 0.014313919052319843 0.04382070197576295
0 0.12611056268509377 0.8502040924856278 0.015301085883514315 0.04059594279168249
0 0.13005923000987166 0.6308896904867712 0.024679170779861797 0.1907907700686113
0 0.1330207305034551 0.46895658990989486 0.01579466929911155 0.07620358955010369
0 0.13252714708785784 0.4067381497117941 0.011846001974333662 0.0179563812271364
0 0.1347482724580454 0.30414537302749 0.012339585389930898 0.061469166325478254
0 0.359822309970385 0.16224949203073977 0.02665350444225074 0.04600133075183412
0 0.6322803553800592 0.22290226267353372 0.012339585389930898 0.05290526645723056
0 0.6480750246791708 0.35552607760300853 0.016288252714708785 0.050546414174137244