0 0.2925927734375 0.38660365058670143 0.0115673828125 0.11307040417209908
0 0.311689453125 0.4254432855280313 0.0101806640625 0.013787483702737939
0 0.2867041015625 0.5996870925684484 0.0071484375 0.02926336375488918
0 0.29908203125 0.596864406779661 0.008896484375 0.03589960886571056
0 0.2945703125 0.9297913950456324 0.0081640625 0.014823989569752281
0 0.47451171875 0.8240417209908735 0.0095849609375 0.022548891786179925
0 0.4814794921875 0.7635853976531942 0.0175341796875 0.0157496740547588
0 0.5319677734375 0.16003259452411994 0.0103857421875 0.022470664928292045
0 0.5402490234375 0.5805149934810951 0.017275390625 0.8389634941329857
0 0.8121240234375 0.3574250325945241 0.0096875 0.06885267275097784
0 0.79271484375 0.338109517601043 0.01302734375 0.013585397653194263
0 0.8095556640625 0.42327249022164276 0.008955078125 0.016564537157757495
0 0.6770166015625 0.3367405475880052 0.0088623046875 0.025032594524119947
0 0.6779150390625 0.3041786179921773 0.0088232421875 0.012764015645371576
0 0.6786279296875 0.274367666232073 0.0076904296875 0.013318122555410691
0 0.7270947265625 0.20724250325945243 0.0074951171875 0.0772490221642764
0 0.78201171875 0.11602346805736635 0.01140625 0.01860495436766623
0 0.5829833984375 0.06375488917861799 0.01578125 0.0281877444589309
0 0.5491748046875 0.03935462842242503 0.007119140625 0.07014341590612777
0 0.536806640625 0.0736310299869622 0.01169921875 0.017040417209908735
0 0.3239697265625 0.1211864406779661 0.0081884765625 0.012666232073011733
0 0.3175390625 0.3679269882659713 0.0096923828125 0.010938722294654498
0 0.6406884765625 0.9511603650586701 0.0043017578125 0.058748370273794