0 0.03142907880667218 0.33868687494489597 0.06285815761334436 0.1609723722650418
0 0.19122358033625655 0.0795915541283017 0.05734341524371725 0.14384727382246523
0 0.16722219555418658 0.21246978300704344 0.02108981790916487 0.13237207585398225
0 0.16623945414066543 0.6284116197487776 0.10342530903291032 0.7071928241318285
0 0.4676131076362015 0.09633153055602392 0.015278472835616317 0.08807193061278126
0 0.5139554054537699 0.1380276206745634 0.022759835996367436 0.019931183977723855
0 0.6425279114710921 0.10099134664710348 0.043971107907186016 0.12155844918100107
0 0.7214588851572443 0.1344112743240264 0.05294209179217775 0.1674037165319577
0 0.723232079691202 0.27933745990895104 0.019455165838747315 0.1274037106033003
0 0.4269932300291763 0.5387635367300092 0.040486040386603764 0.4554578816688498
0 0.43801541075943 0.5371784571211466 0.01635300958681248 0.09021867294773488
0 0.4911886218826532 0.39691428607932233 0.030107956483203233 0.021671667035685026
0 0.45905020902057453 0.8918715464254093 0.01702809002505051 0.021760464771843315
0 0.40381725682114605 0.9227983494524724 0.017881835315662644 0.15440330109505512
0 0.41317088026599724 0.9677977953929743 0.015683228938199168 0.06440440921405148
0 0.5760691602681757 0.8770375125769196 0.03646113932107455 0.06739483379401304
0 0.5825896268493411 0.9854268484082895 0.012258565580725465 0.02914630318342092
0 0.5304927361168326 0.9558719541010634 0.013220787107717229 0.08825609179787318
0 0.6938789386028621 0.46094695667201047 0.053947357311603834 0.24432679345503464
0 0.6776369192928478 0.5612999343429792 0.04326477214877522 0.10754801507646143
0 0.6944189927276665 0.6401022463448809 0.014060365540043349 0.03490065734740234
0 0.7040115493336064 0.6877812358589291 0.01513490229123951 0.03704739968235591
0 0.7144671258620018 0.72955279960671 0.01032233385448003 0.029135310923316813
0 0.7291399253455441 0.7893641021941272 0.022151376895087067 0.053448777307106024
0 0.7521557829648866 0.8922478894538239 0.024428393281769878 0.06753247176722296
0 0.7743543145490205 0.9852525950789348 0.02058983504426407 0.02949480984213036
0 0.5923077992824778 0.6566812046203039 0.03719224151702092 0.12333888973806914
0 0.607736331545108 0.4782707285624674 0.0441120285567504 0.21241869985304068