0 0.9593696868711977 0.661317448283352 0.0812606262576045 0.5937222476745807
0 0.6238533990658627 0.6571929825929743 0.529359510175621 0.6539348557392591
0 0.3776118113958912 0.5389591497758149 0.09584823974180162 0.6758198934539739
0 0.5904622784779363 0.3827605970104869 0.6526739283776574 0.2689372256909097
0 0.1297744337730652 0.6019723888006575 0.16445700091243892 0.10938542361920382
0 0.0579469261719447 0.5919261889985379 0.09150420560700642 0.7233206177835149
0 0.3249958284025446 0.1092759457399708 0.17503871773602334 0.07059365038980997
0 0.6527001844173352 0.037693347858044485 0.3760010010791383 0.07538669571608897
0 0.8785064047452066 0.05386875118332086 0.061636368957207574 0.04285938604259317
0 0.18860647155866475 0.09256244345036288 0.1432824900087942 0.18512488690072576
0 0.29139047092503134 0.8136795482203846 0.12821732717243867 0.039649075019704334
0 0.2924273503553452 0.9292433648942043 0.0903599544313732 0.06945283190305075
0 0.17686418449797792 0.8757662793010172 0.06523584363459076 0.12159713514984233
0 0.2849485953856642 0.6856785212268923 0.13446969771494865 0.06870272264658596
0 0.9524858078206699 0.7836032989317625 0.09502838435866015 0.04716364117622636