0 0.46011724722610037 0.9309006368815849 0.06594593744226117 0.04967346383563817
0 0.5126306234916889 0.6030101288658728 0.06420985315855804 0.057278032756741704
0 0.5485040131225534 0.29894098834816263 0.040912922008012366 0.04250816131683084
0 0.5146421788854303 0.2821153901794927 0.03538745482898404 0.04777374975985104
0 0.5282783388999938 0.16768365733667268 0.02493799336792916 0.038009376185724995
0 0.5185673264958819 0.0964209243645867 0.048667580471915696 0.028967522763218977
0 0.6096440316736818 0.027744382999065766 0.04952500901922754 0.05548876599813153
0 0.7327182016344064 0.19844477306753236 0.04062158770923627 0.10208660400931571
0 0.6942826396716086 0.35894032953029137 0.019088236131289404 0.047461620220483884
0 0.6882901384597476 0.7463398949556458 0.03572508871610491 0.05480609856435166
0 0.6583233227788089 0.790621550843853 0.027126345534399174 0.05076586510671169
0 0.6344728335793601 0.8278621847672042 0.025120154140998913 0.05274455498421482
0 0.6138577654113948 0.8578903245857646 0.022046878138321513 0.04343873308355441
0 0.58752485951173 0.8921301700018999 0.030287567873703704 0.050962387252482956
0 0.5627321294782506 0.9325844914237191 0.021520007748437424 0.043405979392592636
0 0.5372535180759895 0.9545013495864972 0.028275108380487236 0.019987298821717774
0 0.41238796590843046 0.9184428090801733 0.04485070228769508 0.05887908571295373
0 0.55749366903982 0.01158010812191396 0.03299652233024136 0.02316021624382792
0 0.4984508257990283 0.039477214844071254 0.049315352957262 0.07528276380003808
0 0.2760506664052735 0.04909623999275188 0.06780373145130332 0.03366283004009589
0 0.22678828495111122 0.052158710097684725 0.016987830301446162 0.02559583154460792
0 0.1939048778263607 0.1954818462109854 0.02707216258648445 0.060578399742050905
0 0.10156102706623886 0.6800983799198665 0.032880273074842294 0.12684624695916685
0 0.1786835502716802 0.68757382091087 0.022898038585816908 0.03928483118277785
0 0.1979307973818671 0.6586824176403894 0.015542272686642279 0.028310509993522647
0 0.21785017821638786 0.6322032059150413 0.025241863866338036 0.044338490109775586
0 0.23862739141315895 0.6042683938923503 0.018480495134471656 0.03480339237238261
0 0.26022867358346824 0.5755812164527663 0.022269878029796547 0.037142372850465705
0 0.2971798578877485 0.5280608230602547 0.01760891512777347 0.04947306378894846
0 0.28083706983667883 0.5511625788323256 0.018872311969507304 0.03202320654154411
0 0.19856714864279718 0.5250764635152314 0.022236114641084437 0.036439137970015634
0 0.21742257891794842 0.49340487441391234 0.014062951683126285 0.030321953561987382
0 0.23392751199782388 0.47239644643771084 0.018244151413486943 0.029880748209232123
0 0.25131736891390705 0.45483868548183587 0.01808867829943595 0.03758357820322097
0 0.2699262456884723 0.42283185578577276 0.017717281023602795 0.029847994518270193
0 0.2920037531655975 0.39516677697590213 0.026126787702545777 0.04088782308944894
0 0.31581380706157947 0.36423888013112055 0.024120596309145637 0.04286651296695174
0 0.33571630620174414 0.3381112858459974 0.019446289577612942 0.0439781995091953
0 0.3563415841493108 0.31334103078533165 0.025275627255050025 0.04504172499022566
0 0.3794288592378908 0.2810557947160928 0.022729221642256475 0.03576865678052733
0 0.3991523316548937 0.25318649007532545 0.01567732624149066 0.031123449515322928
0 0.4159713450127794 0.23110683293296785 0.022236114641084496 0.036439137970015634
0 0.43679920329261857 0.20211716858960166 0.01871683885545631 0.03972603653553303
0 0.45706642779386164 0.1738634928176474 0.022303641418508716 0.037845607730915734
0 0.4891171714252259 0.13541194180393745 0.03750828021802995 0.059123768919937716
0 0.4097086402216232 0.38890117936660407 0.04584399201973215 0.03580334942194849
0 0.4164016745461887 0.32608399916981484 0.05723882836472588 0.06525829964867663
0 0.37686405314058624 0.41653447396074256 0.022080641527033384 0.04414196796400448
0 0.35240895699422786 0.44995644657806116 0.025241863866337914 0.044338490109775745
0 0.32902448332199363 0.48296129437323104 0.02299932875195324 0.04139453582412806
0 0.3092334841275665 0.5122370687748986 0.013245554624342881 0.035179090343214016