0 0.37908545346740913 0.4881128371619033 0.05770638810454974 0.019810358996553302
0 0.3465709002148352 0.5748197243940694 0.09830230700937051 0.07682832088828456
0 0.5044809488823039 0.6164735139773816 0.05309055685483419 0.06264702684018426
0 0.45822627718771447 0.582597219328882 0.04984041138959018 0.051557879551895475
0 0.5711247835473647 0.46760016511849395 0.05205888682531042 0.41944924251935406
0 0.34076090841446993 0.8235070079498729 0.09653647414625868 0.13974043074371023
0 0.47909387700886824 0.8525177606161107 0.09164318652300105 0.12172358394682331
0 0.5555971523983181 0.804546213837527 0.03340754564204355 0.14063270236408587
0 0.5518680328528007 0.8955249616820664 0.021182773520287544 0.036813771225752766
0 0.7324039236592503 0.985071380748805 0.05821495173553912 0.019122819459769687
0 0.3232487974219726 0.41419630186450446 0.03130742840918827 0.1779569837271186
0 0.1491521713549743 0.7184849142123388 0.019876535452044028 0.01605883646806103
0 0.1460987576253182 0.8215619899754046 0.020610966900427637 0.03266037023694823
0 0.14590130380602476 0.7866360502002281 0.011032190045915066 0.012532624084391522