0 0.3061063456006906 0.4805263704776002 0.0343945677994153 0.050092844006671536
0 0.4565969885265819 0.20116922395803052 0.03418202429806721 0.04603330408786234
0 0.6740766527492098 0.357746200529386 0.030788271451342206 0.03900725708471397
0 0.8051070607244413 0.4063400870930436 0.03006914233702564 0.034904359309493684
0 0.5190188520748615 0.3064162257997342 0.0235296040618151 0.025588395208474196
0 0.3214228083248471 0.5718871790128742 0.01922895173982691 0.020505402451908104
0 0.7344025897770955 0.2551893361665721 0.07126857376700062 0.2438657765669591
0 0.7388010708954267 0.41901485325065657 0.014248065807835405 0.04095939775548958
0 0.7403475726826689 0.4915269443018362 0.02289891673261472 0.07133636714984545
0 0.7441419934130243 0.6328732393350314 0.026328093496230973 0.07903900413946202
0 0.5705625735785248 0.8429716897326679 0.021396989859266517 0.02338519382342525
0 0.5199468514018487 0.9500836483909955 0.07781899883292494 0.0998327032180091
0 0.5156955093464398 0.8607032265065447 0.03893971595222083 0.030948670819615373