0 0.043682399381413745 0.7548452301999461 0.023517851416366697 0.03406583654796927
0 0.12154493147634605 0.9076142048285321 0.03561923698523701 0.03180613823956357
0 0.3056366584595537 0.8692581281377195 0.30405940187187036 0.1328277680589598
0 0.3105951070938944 0.9309012591134411 0.19932345817748676 0.08371542600145503
0 0.19917359942851903 0.3796235649337158 0.050231577223636345 0.04334215914733129
0 0.2890733167217485 0.42343489931043193 0.05711158396193836 0.0514435527223419
0 0.39348493757596414 0.4805639293820824 0.0438844501943708 0.035968606940989765
0 0.3987069806039929 0.35927573481000413 0.08376812871521634 0.10275403829052705
0 0.28419018616191843 0.32731910368854794 0.042514610751623 0.11313907327054885
0 0.19209755738860224 0.23525601884376612 0.01019585869045344 0.015869802331242674
0 0.21930301307646116 0.24636407487979722 0.017561315658619125 0.0233384930572353
0 0.22542067622390438 0.28264686078900586 0.018532216118346465 0.022073087359199252
0 0.2543126484148348 0.2761939163803119 0.014920631853022948 0.02037955832273355
0 0.28609360724536087 0.26469365165076014 0.018046765888482797 0.022705790208217235
0 0.3886359375279997 0.23156770415107805 0.17079906445014587 0.0952896924771146
0 0.35749036314470023 0.15872137861967436 0.07242421094979551 0.09762588192130439
0 0.2113418421578045 0.03997284373552192 0.0395265535637328 0.02742478755626312
0 0.02650882953348236 0.547949701514843 0.017777556041529582 0.08777406635806916
0 0.0634693154344713 0.5165146351952568 0.02085345287118403 0.030426629704623672
0 0.02497154531611565 0.46721853346732 0.018402486982279247 0.03290987184087022
0 0.04049542369688096 0.22656154811045387 0.06775255818805927 0.45312309622090774
0 0.35595725278308477 0.047028562122476435 0.16759063075779168 0.09405712424495287
0 0.15560364503110227 0.11888891174064568 0.030290439894871672 0.024527724552873227
0 0.4772433524505592 0.7365202028856712 0.026868573546239494 0.028276372387155826
0 0.4298637858938227 0.666896773940793 0.024891902449063353 0.044365056700273124
0 0.3639973646371356 0.6604243898147665 0.018225328367039165 0.04238611210485435
0 0.26328450349254734 0.570190390550284 0.04921324728473614 0.04324702062768034
0 0.22373357099176763 0.6591964373511567 0.01951848360615778 0.09403922311713749
0 0.4810914199142866 0.854231062345516 0.03296326161995212 0.20310630435994495
0 0.6050005418933109 0.8112602920515488 0.0729305681926131 0.039360326859887704
0 0.6288364742333176 0.9308574469768379 0.13078565679323326 0.03934104560924852
0 0.787030528130013 0.8676213796637342 0.1749560877259573 0.11262948001698174
0 0.8402431432249581 0.8408103306392363 0.03281956931911733 0.1698681095462624
0 0.7247414851583885 0.7659489874008115 0.02460732557402617 0.036201791394150674
0 0.9358991116501738 0.5442050153478903 0.029000092382385628 0.03118773786183187
0 0.971532975997639 0.5040215501329893 0.050182819349542364 0.26031569507988045
0 0.7851039433018517 0.4460239849027902 0.17274367309623317 0.15107200540228466
0 0.8284344935716392 0.18291643528715537 0.06424558445590037 0.36583287057431074
0 0.7432086103035156 0.05703018050619199 0.10951235792607482 0.11406036101238398
0 0.7622877070298639 0.23112453208531078 0.13684126309927547 0.1402591640172195
0 0.7360782326704375 0.1240339060482458 0.0780347771885654 0.05475443659287522
0 0.8359680217776867 0.08808458035789542 0.017632459877378538 0.025379309383765914
0 0.6036465827393169 0.354802527330195 0.06268868388630322 0.051286542471579114
0 0.4799822539360014 0.3168756371672499 0.025649370252512748 0.036977202022645234