0 0.1160009765625 0.047496740547588005 0.02953125 0.0941264667535854
0 0.2390380859375 0.14717731421121252 0.1193505859375 0.28044328552803127
0 0.417744140625 0.3235919165580182 0.02103515625 0.5246284224250326
0 0.5205078125 0.12367666232073012 0.0543798828125 0.15573663624511083
0 0.6822705078125 0.23230769230769233 0.026298828125 0.08997392438070405
0 0.611943359375 0.1392438070404172 0.0827490234375 0.2780117340286832
0 0.66197265625 0.3091134289439374 0.0229248046875 0.09009126466753585
0 0.7187353515625 0.5090482398956975 0.100517578125 0.326857887874837
0 0.5402734375 0.8179856584093872 0.0210693359375 0.09089308996088657
0 0.478115234375 0.8030052151238591 0.0270849609375 0.07292046936114732
0 0.3675439453125 0.7531551499348109 0.0107421875 0.4936897001303781
0 0.4200048828125 0.8341069100391134 0.01685546875 0.3317926988265972
0 0.5575146484375 0.9432724902216427 0.0349755859375 0.0704367666232073
0 0.7253857421875 0.886870925684485 0.0694189453125 0.22625814863102997
0 0.30044921875 0.7570143415906128 0.0400341796875 0.0313102998696219
0 0.20703125 0.8754758800521513 0.135244140625 0.24904823989569755
0 0.329365234375 0.3883116036505867 0.0295947265625 0.07340286831812255
0 0.34669921875 0.058220338983050846 0.0265380859375 0.1063689700130378
0 0.516630859375 0.02634941329856584 0.0142919921875 0.052705345501955665