0 0.08651244443366851 0.3858908758783188 0.03356686636710424 0.12389691440735594
0 0.12842273570576782 0.050323619684005706 0.02137529535498519 0.052026866510740254
0 0.10748401680674953 0.4098831123938187 0.034077135356278335 0.09823147701752441
0 0.0513089987194955 0.6373620442945142 0.01290385191985807 0.024000038723103186
0 0.012465130782022667 0.9270403141391594 0.017251229899499305 0.018582429074424266
0 0.3506330053472266 0.23524411906794973 0.023692505556633138 0.03891118608663267
0 0.31651404240749076 0.6055417159498536 0.12563583769818235 0.7625436990751353
0 0.4243944370168027 0.13407175881554678 0.022533943435127195 0.028463845851336763
0 0.40062729338196734 0.07898809161492859 0.034162079902732026 0.13363265849636846
0 0.38385429560462053 0.06313874614616022 0.008492744040717544 0.011369352486323609
0 0.43223871600791647 0.09111817924917373 0.010012728788172609 0.01072249975688456
0 0.44281466444401346 0.029089374213445096 0.013329004445306462 0.030954141643826313
0 0.6279605649964439 0.1459718030757695 0.022438262627242266 0.035401762917848884
0 0.5244473876755529 0.059495522570113396 0.016932236567459093 0.06438239322593109
0 0.48842034862610695 0.3799175179538408 0.022576286770400127 0.09717997793280787
0 0.634598742317335 0.22943751469816176 0.02116280505089681 0.014539454155679166
0 0.6478484282228111 0.35839624068105475 0.047810077680078916 0.11878683598868796
0 0.6178263892297576 0.4696370271923048 0.024819030811117672 0.10835510016859846
0 0.5492576162945478 0.6779190489975591 0.03527838464760104 0.04135350575549377
0 0.30578984931862035 0.8919134672423585 0.01674096091032524 0.04424786646425595
0 0.2630920373501283 0.8477375649635455 0.015220976162870058 0.04489471919369484
0 0.26273074366213306 0.8877884001745483 0.015167896566165951 0.018517685657580007
0 0.25257457962076896 0.9216126237458202 0.009789502222653231 0.015574185947179596
0 0.20340358406607548 0.8894283571819505 0.02698756656681252 0.041789942380188586