0 0.4731689453125 0.7943024771838332 0.051259765625 0.0456910039113429
0 0.47537109375 0.5258930899608866 0.050771484375 0.03892438070404172
0 0.4763818359375 0.24854628422425032 0.0546240234375 0.02650586701434159
0 0.5258642578125 0.16773142112125164 0.0177880859375 0.04046936114732725
0 0.570546875 0.19222946544980443 0.0329345703125 0.053526727509778355
0 0.53736328125 0.21623207301173403 0.02365234375 0.04927640156453716
0 0.5295068359375 0.27548891786179924 0.0281494140625 0.06079530638852673
0 0.5731103515625 0.28643415906127767 0.0358154296875 0.06307692307692309
0 0.4716162109375 0.39255541069100386 0.0307568359375 0.05074315514993481
0 0.4428076171875 0.4394393741851369 0.0235302734375 0.05630378096479792
0 0.417548828125 0.49146023468057365 0.0287841796875 0.05089960886571056
0 0.393125 0.5401434159061278 0.02501953125 0.05026727509778357
0 0.358017578125 0.612464146023468 0.0267236328125 0.04545632333767927
0 0.333125 0.6605997392438071 0.0239013671875 0.04780964797913951
0 0.3077099609375 0.7009387222946545 0.0264013671875 0.05007822685788787
0 0.34572265625 0.981277705345502 0.0109375 0.037438070404172095
0 0.3172216796875 0.18438070404172097 0.0092138671875 0.041108213820078225
0 0.2940380859375 0.2194980443285528 0.0190478515625 0.013331160365058669
0 0.340400390625 0.06297262059973924 0.008125 0.034315514993481094
0 0.6101708984375 0.02743155149934811 0.0460595703125 0.046531942633637545
0 0.6013525390625 0.07895697522816167 0.034189453125 0.036877444589309
0 0.8412109375 0.02661668839634941 0.0115673828125 0.015501955671447198
0 0.8377880859375 0.1478878748370274 0.0159716796875 0.05713168187744459
0 0.7857421875 0.2473663624511082 0.0601123046875 0.021590612777053455
0 0.8134423828125 0.7068252933507171 0.0157177734375 0.10024119947848763
0 0.5881005859375 0.9150912646675359 0.0303173828125 0.06267926988265972
0 0.67064453125 0.9885853976531943 0.0149365234375 0.019002607561929594
0 0.683759765625 0.9620469361147327 0.01365234375 0.024713168187744456
0 0.6095068359375 0.8714863102998696 0.0120703125 0.03906779661016949
0 0.62451171875 0.8513298565840939 0.016728515625 0.03719687092568449
0 0.6413330078125 0.8220795306388526 0.018046875 0.03439374185136897
0 0.656982421875 0.7939960886571056 0.014072265625 0.0292503259452412
0 0.672080078125 0.7714080834419816 0.017080078125 0.030762711864406777
0 0.6896728515625 0.7361212516297262 0.0192041015625 0.03709256844850065
0 0.7076708984375 0.7043285528031291 0.01669921875 0.038272490221642766
0 0.725595703125 0.6740026075619296 0.020517578125 0.035273794002607564
0 0.7588671875 0.6171903520208605 0.02720703125 0.0473076923076923
0 0.522783203125 0.03233376792698827 0.0069189453125 0.04828552803129074
0 0.717353515625 0.9066883963494132 0.013134765625 0.030378096479791394
0 0.70181640625 0.9386049543676662 0.0185009765625 0.033983050847457626
0 0.7344482421875 0.8787809647979139 0.0165380859375 0.03326597131681878
0 0.7537353515625 0.8476988265971316 0.0202294921875 0.03467405475880052
0 0.6059912109375 0.9652933507170796 0.01904296875 0.0355606258148631
0 0.4095361328125 0.9452737940026076 0.0168310546875 0.04126466753585398