0 0.9879598055320371 0.795361319699581 0.024080388935925703 0.40927736060083797
0 0.9516579813515625 0.4331029908350438 0.03674065248029289 0.224736531638446
0 0.9964057198997287 0.17816051845613165 0.007188560200542631 0.20375692596761458
0 0.9201225814575416 0.13905460028951153 0.15975483708491692 0.15110187310495743
0 0.9721482827686967 0.2663936025636374 0.021846600102956266 0.11527126524531468
0 0.8147369776564097 0.06830052551366057 0.008657860658448768 0.031013376835897447
0 0.7928023093335957 0.17976515854031166 0.06821574265507584 0.027973782047459254
0 0.4925795866155166 0.15191544846439836 0.4876739037589964 0.08433527255521422
0 0.37133217035939386 0.01643507564621642 0.048423503022452664 0.011287638999098733
0 0.461475942007278 0.02273112070716446 0.12504612485225233 0.020657001040994702
0 0.7808161634547328 0.7495542004363329 0.06447940123000999 0.5008915991273342
0 0.790710604019086 0.5999876190585711 0.07197207974798626 0.031584220375073885
0 0.42912745439533406 0.5562556938788661 0.5998437704534687 0.0927135280014303
0 0.13317965780470958 0.6819106255016785 0.08256799608493018 0.5769248309985082
0 0.09816839553824382 0.25319802112742823 0.05679219217860448 0.37139494633007
0 0.15760576906472082 0.1855219408670087 0.10573589690656435 0.042416120049728195
0 0.19503034839828573 0.15629053797187278 0.09691184215815993 0.165118685824429
0 0.1154857517197691 0.04516478597950285 0.110703902546818 0.05235281747993797
0 0.11521399597479999 0.014761481964366873 0.011579824410332954 0.022719426870955725
0 0.06033825113588359 0.14686274678489517 0.030328279934359537 0.159555078963481
0 0.05031081313160195 0.013442508512556387 0.026276076524984 0.024573767594001584
0 0.0634314800240967 0.8254279864814298 0.08484833790576604 0.04386296596985249
0 0.05575674884563701 0.7919996100068688 0.0369101828805002 0.1912026508809014
0 0.0451102090045054 0.9450403741789277 0.015841438587279023 0.02564684090371388
0 0.39229794400495116 0.9684109047107852 0.19362087958825702 0.04235335319919194
0 0.525550656633386 0.8827663536017566 0.13379873744789425 0.1753489432264493
0 0.3611170076041773 0.7962521367554473 0.12441951631733623 0.03670836431602174
0 0.3535943577780995 0.7586360942873042 0.08216903705564255 0.02142023797445214
0 0.3845824650910677 0.67330600960589 0.11249066656316402 0.16071187306265752
0 0.915795819548469 0.932280447718789 0.15313056263555716 0.054370506939238596
0 0.9366002815042894 0.9928474922506298 0.08903681958115886 0.014305015498740222
0 0.7347245929968577 0.8697046340013371 0.06291532664124529 0.10536829000761477
0 0.42057927029555026 0.3093374414079414 0.18416022956784675 0.04066177652059078
0 0.5656727644582997 0.3264252798242431 0.012931107533944887 0.014376647692680702
0 0.6079107769438803 0.33123203387852435 0.014179342332065052 0.022101508193877222
0 0.3031114454326059 0.02828888065000811 0.02088257672908613 0.038380741131126675
0 0.1682449131761123 0.862574936679736 0.04491316514155468 0.09712258456419591
0 0.17656119970462483 0.7604691887255169 0.0320535219540373 0.025452108742191188
0 0.17727339642037496 0.6476460606195651 0.05130391825184795 0.04142267468680672
0 0.4220369158612408 0.18500840457241693 0.15140696657733996 0.028463828256223893
0 0.46988035223981106 0.244141174058058 0.061283146209970045 0.08295811482110341