0 0.46927734375 0.08337027379400261 0.01 0.1596805736636245
0 0.39857421875 0.03563885267275098 0.0222314453125 0.06306388526727509
0 0.4005859375 0.1255606258148631 0.0186376953125 0.09705997392438069
0 0.319140625 0.12018252933507172 0.027412109375 0.0689374185136897
0 0.3393896484375 0.03754889178617992 0.0491357421875 0.031003911342894395
0 0.3763330078125 0.026147327249022165 0.0207568359375 0.023246414602346804
0 0.333984375 0.203754889178618 0.025458984375 0.016166883963494135
0 0.36619140625 0.15667535853976533 0.016767578125 0.034863102998696216
0 0.3282666015625 0.24299217731421122 0.0154541015625 0.04371577574967406
0 0.3664501953125 0.2647522816166884 0.0236279296875 0.038617992177314216
0 0.405419921875 0.2909647979139504 0.0141748046875 0.11303129074315514
0 0.4676220703125 0.2083898305084746 0.006376953125 0.03700782268578879
0 0.4663232421875 0.3824576271186441 0.0066259765625 0.2601434159061278
0 0.4013720703125 0.42598435462842243 0.0106787109375 0.11338331160365059
0 0.5427685546875 0.5360886571056063 0.0212353515625 0.1316101694915254
0 0.581708984375 0.5351043024771839 0.0206591796875 0.12385919165580182
0 0.344111328125 0.323116036505867 0.0484033203125 0.03687092568448501
0 0.3462158203125 0.6319687092568449 0.046298828125 0.041857887874837026
0 0.3481591796875 0.8916949152542373 0.04556640625 0.044041720990873535
0 0.467294921875 0.745697522816167 0.0076611328125 0.36125814863102995
0 0.46716796875 0.9773011734028684 0.0067919921875 0.045397653194263365
0 0.1595166015625 0.3951890482398957 0.020322265625 0.11785528031290743
0 0.1558642578125 0.1503846153846154 0.01669921875 0.012874837027379401
0 0.2858544921875 0.34197522816166886 0.0161376953125 0.03177314211212517
0 0.2458837890625 0.43436766623207307 0.0156494140625 0.030573663624511083
0 0.31052734375 0.9953715775749674 0.0083251953125 0.0092503259452412
0 0.2525634765625 0.8626336375488918 0.0313525390625 0.09821382007822685
0 0.2768212890625 0.9334810951760104 0.0110009765625 0.0244393741851369
0 0.6256689453125 0.871903520208605 0.01896484375 0.043754889178617994
0 0.8034130859375 0.7467144719687093 0.0332568359375 0.08713168187744459
0 0.7824462890625 0.8245306388526727 0.0289306640625 0.06571707953063885
0 0.764599609375 0.8979139504563234 0.0345556640625 0.07866362451108214
0 0.8475830078125 0.5804237288135593 0.0165283203125 0.03762059973924381
0 0.8532080078125 0.36265319426336373 0.0169873046875 0.11160365058670142
0 0.8335546875 0.360645371577575 0.0115283203125 0.09833116036505868
0 0.635478515625 0.11917861799217731 0.0136962890625 0.02713820078226858
0 0.73298828125 0.17464797913950458 0.0255859375 0.0454367666232073