0 0.9071661237785016 0.15104189577414917 0.18566775244299674 0.30208379154829834
0 0.5186663587054801 0.21985716815124934 0.036912421929615094 0.07529641856399237
0 0.43911066740607524 0.14295534444176802 0.02406919779614416 0.046785011935523646
0 0.45090620411174076 0.11829013438190313 0.020796734415926107 0.025584771611536522
0 0.41882469219237006 0.06280349364276744 0.04781584132764081 0.03583119384124861
0 0.6866393517580303 0.8394770206322434 0.029346229692032193 0.04435083013679592
0 0.6118103634581282 0.6966612522295494 0.03529491853152232 0.16821743672246578
0 0.6123868981497553 0.12995356990814094 0.0758713481064921 0.05554434281862416
0 0.3333367639998335 0.9031800817200839 0.024422020840771996 0.14636707990220452
0 0.31820154440452797 0.4477269465110919 0.03667272741897021 0.2873647220804511
0 0.30860858792088075 0.20215847008308221 0.02394364352866357 0.1578684090155735
0 0.3052281971642472 0.06997257231022629 0.009954105505156104 0.04557765272815791
0 0.30201280390561125 0.008857480890857123 0.009612443557549503 0.017714961781714247
0 0.20294712781049226 0.0027755037604118415 0.04364741381046161 0.005551007520823683
0 0.01516637362081945 0.1333614176256279 0.019247715163731714 0.057914845908164495
0 0.1383187111676221 0.8030357725156614 0.035386230726053604 0.08742951157333875
0 0.414894315158416 0.5082412803013024 0.05098929885468497 0.17893795957008587
0 0.45545920424542197 0.449816183966487 0.04914080631377109 0.030173403069746176