0 0.48040674603174605 0.19557666573030308 0.059027777777777776 0.3491096500460384
0 0.41790674603174605 0.5949806280111242 0.0798611111111111 0.4672994992636897
0 0.44246031746031744 0.34546313005737683 0.01240079365079365 0.044286767706816985
0 0.4895833333333333 0.37117006588632784 0.005952380952380952 0.006900032605232436
0 0.14459325396825398 0.8030989432495658 0.020337301587301588 0.016179967913352064
0 0.12400793650793651 0.7835961538893622 0.010416666666666666 0.01770419613200456
0 0.18080357142857142 0.29617789435744507 0.010912698412698412 0.017727322469416197
0 0.714781746031746 0.4442522045282175 0.010416666666666666 0.019028699443262687
0 0.5364583333333334 0.8458720610631292 0.00992063492063492 0.015694314827705124
0 0.5453869047619048 0.8343678053352164 0.011904761904761904 0.016449071832981426
0 0.5317460317460317 0.8797583211226183 0.008928571428571428 0.012999055530365134
0 0.4799107142857143 0.9908325874487176 0.013392857142857142 0.018334825102564782
0 0.35887896825396826 0.9405729647200527 0.022321428571428572 0.09243141366035022
0 0.3898809523809524 0.9473163740533204 0.007936507936507936 0.008979292921766868
0 0.3990575396825397 0.8239031516927888 0.017857142857142856 0.03460738258390908
0 0.4280753968253968 0.7272427973982637 0.008432539682539682 0.012313677537324279
0 0.4089781746031746 0.7117828969840703 0.01984126984126984 0.08171975548322512
0 0.3878968253968254 0.6796741998295012 0.008432539682539682 0.013638180848582558
0 0.46279761904761907 0.6245570052554971 0.023809523809523808 0.018328607242121795
0 0.36408730158730157 0.5788952614615516 0.01984126984126984 0.02741511972163571
0 0.5096726190476191 0.0800537024190535 0.022321428571428572 0.08978240703783354