0 0.134013671875 0.09329204693611474 0.03330078125 0.1788135593220339
0 0.137412109375 0.2558930899608866 0.0315283203125 0.14810299869621904
0 0.1390673828125 0.3964276401564537 0.029130859375 0.13346153846153846
0 0.142890625 0.5573794002607562 0.0287890625 0.18710560625814862
0 0.148857421875 0.7515710560625816 0.0310107421875 0.1944328552803129
0 0.15724609375 0.9811277705345501 0.0283837890625 0.0377509778357236
0 0.3242041015625 0.7503324641460235 0.0390283203125 0.02338983050847458
0 0.347392578125 0.7276075619295959 0.0104736328125 0.022483702737940026
0 0.322353515625 0.4696610169491526 0.0404443359375 0.023383311603650585
0 0.3451513671875 0.4490417209908736 0.0122119140625 0.02119295958279009
0 0.337998046875 0.24949152542372882 0.019638671875 0.047359843546284225
0 0.30240234375 0.12103650586701434 0.01517578125 0.03876792698826597
0 0.3216162109375 0.19567796610169494 0.040341796875 0.09592568448500652
0 0.4552001953125 0.0796219035202086 0.0098583984375 0.15097783572359844
0 0.4827001953125 0.012340286831812255 0.013818359375 0.01816166883963494
0 0.482177734375 0.0941264667535854 0.0120751953125 0.11591264667535854
0 0.543955078125 0.17535202086049545 0.0602197265625 0.3430182529335072
0 0.54029296875 0.5520469361147328 0.0633740234375 0.4095436766623207
0 0.5331884765625 0.8788722294654499 0.0563623046875 0.24225554106910038
0 0.5700390625 0.9123011734028683 0.01107421875 0.031597131681877444
0 0.580771484375 0.9417340286831811 0.01087890625 0.02752933507170795
0 0.591435546875 0.9669752281616688 0.009013671875 0.023715775749674057
0 0.599755859375 0.989354628422425 0.008173828125 0.021284224250325945
0 0.6510498046875 0.9514993481095175 0.01201171875 0.022203389830508475
0 0.6243115234375 0.9252151238591917 0.013193359375 0.02849413298565841
0 0.7216552734375 0.18866362451108215 0.0296875 0.02301173402868318
0 0.8576123046875 0.059569752281616685 0.0262890625 0.11151890482398956
0 0.8530224609375 0.17208604954367668 0.025546875 0.113754889178618
0 0.84939453125 0.27756192959582787 0.024736328125 0.0969361147327249
0 0.8457373046875 0.3678878748370274 0.0233740234375 0.08460886571056062
0 0.8431298828125 0.4474837027379401 0.0236181640625 0.07318122555410692
0 0.840029296875 0.5403194263363755 0.0223779296875 0.11142764015645372
0 0.836025390625 0.6315123859191656 0.01986328125 0.07680573663624511
0 0.8313427734375 0.7472555410691004 0.024853515625 0.15340938722294656
0 0.8234375 0.9642698826597133 0.0164794921875 0.07145371577574967
0 0.8050146484375 0.9582659713168188 0.0123779296875 0.08346153846153846
0 0.830224609375 0.9045045632333768 0.0175732421875 0.04631681877444589
0 0.833017578125 0.8392438070404172 0.0144677734375 0.02911994784876141
0 0.455048828125 0.20224250325945242 0.0104296875 0.03740547588005215
0 0.45427734375 0.3045697522816167 0.0078662109375 0.06398305084745763
0 0.454091796875 0.3941786179921773 0.0094775390625 0.07423728813559322
0 0.4537158203125 0.5320730117340288 0.010224609375 0.05683181225554108
0 0.4540576171875 0.797464146023468 0.0089208984375 0.3316883963494133
0 0.370869140625 0.9464015645371577 0.0053173828125 0.09368318122555411
0 0.3848046875 0.9565058670143416 0.0095263671875 0.08076271186440678
0 0.3510205078125 0.9843350717079531 0.01275390625 0.02377444589308996
0 0.8144677734375 0.5179595827900912 0.00787109375 0.009921773142112126
0 0.789091796875 0.4251955671447197 0.008095703125 0.011460234680573663
0 0.7610400390625 0.3256714471968709 0.008486328125 0.011760104302477183