0 0.16394748718821955 0.9856110981315528 0.06978671034428624 0.02877780373689432
0 0.03757436691377928 0.8764326804465062 0.07514873382755856 0.2471346391069875
0 0.2704827075448615 0.9800009838269303 0.06335483133651679 0.03705767281916886
0 0.22448651283794446 0.953095214532193 0.026339288868296153 0.03307926368906053
0 0.19550752227387327 0.8441265952441087 0.03715279249649323 0.1483686355174651
0 0.12754621779648048 0.7892098813048565 0.08797950120939904 0.04433386588335744
0 0.09616064931309888 0.6525538860253268 0.06705522837218095 0.03939901805907249
0 0.0370667430807693 0.5578500487823512 0.06762073484115749 0.3393060355069429
0 0.00241235293606314 0.3502287158215553 0.00482470587212628 0.1135311451340702
0 0.0494460877206753 0.2772884408402671 0.0988921754413506 0.15123891227858707
0 0.11890291561171303 0.28176820764012234 0.05103175402190585 0.08270259475146446
0 0.06812165457267642 0.3879423970044897 0.08292494633829743 0.12935910308087997
0 0.12262810529831585 0.36876590545775445 0.041170637023308566 0.023705011671820028
0 0.10931455089055042 0.9842353028131005 0.038948416272957864 0.03152939437379919
0 0.3535531570893745 0.841999003590684 0.07191471681326292 0.316001992818632
0 0.303718507663185 0.7865587168459041 0.029155094555087992 0.021475958178419387
0 0.23982548482596683 0.7855712669417508 0.03289186739230606 0.02520812400246798
0 0.21745692230476235 0.892688588413855 0.022991077736592362 0.06408116755953037
0 0.2869749407263658 0.9379606705368397 0.05660218590396037 0.037279299292966174
0 0.3345088427823441 0.8625347866805754 0.07236775486586874 0.2749304266388493
0 0.4806596236068286 0.9958447250400919 0.018835983181504427 0.008310549919816152
0 0.4574833700069042 0.9703122931297524 0.16906085378002597 0.059375413740495174
0 0.45419387124457594 0.7988298213054305 0.059644543734165015 0.33250066924182065
0 0.4865334747853386 0.9289340861739204 0.24069445474754533 0.11888063639245453
0 0.6577065921776447 0.9179212542651553 0.09863261058616596 0.05410309786225899
0 0.7686168213655158 0.8169995673397249 0.06379795674436177 0.07387797338990396
0 0.8166831288664061 0.774730235027815 0.02691468590396037 0.0352019394743755
0 0.8603992201870059 0.9087656342107882 0.0625132315783965 0.044634296213768083
0 0.8024048411792363 0.9116743522216244 0.029730491590752212 0.023598633963734676
0 0.7634340993774934 0.9852341906575797 0.01399636418609044 0.018332824938358076
0 0.9346750230895634 0.8220008731127768 0.07108964548910185 0.29304155011997995
0 0.9797899564202804 0.6332215956474042 0.016412058133862453 0.2100838410048288
0 0.934692370217895 0.9609903407448916 0.02125165505120326 0.01745223308158676
0 0.6178140976482129 0.5977907121346397 0.44460319394777204 0.2226927438907419
0 0.41852260708414174 0.4769046075714826 0.04157408977403729 0.15839593887926212
0 0.3008812392981268 0.4561324504034654 0.05662698959393554 0.05810516314603785
0 0.31838536809490564 0.5050800721379504 0.12448082613348449 0.06840628366536697
0 0.2628645435928016 0.41341299042695073 0.025099214759900866 0.0850528110489944
0 0.45901782465654944 0.3550319762910497 0.3528753477895762 0.1940617554522632
0 0.2857489941639956 0.1568932693961957 0.04605656654311036 0.19063992667827556
0 0.47088705626321864 0.17054484487263596 0.3123346715042627 0.17456565044197522
0 0.48780422695179115 0.0923067514856865 0.08168321276308438 0.12163670004988816
0 0.43562830568679184 0.0423263638803237 0.05473049159075221 0.025347989600442482
0 0.09671873233754144 0.18233192842180215 0.025329041680802997 0.07396269128493524
0 0.82436093427258 0.17194002600216338 0.07731979812150674 0.23308752834615898
0 0.9356208380861114 0.3469292659192949 0.021112767634186014 0.032019404306007374
0 0.9077058397174919 0.19727914454497955 0.019786710344286244 0.04095040337565332