0 0.246015625 0.1935462842242503 0.010341796875 0.1176857887874837
0 0.2651416015625 0.20296610169491527 0.020478515625 0.11776401564537158
0 0.279072265625 0.326857887874837 0.0141162109375 0.12647979139504564
0 0.279072265625 0.4567014341590613 0.026337890625 0.08020860495436767
0 0.314697265625 0.8588200782268579 0.01119140625 0.1036245110821382
0 0.434091796875 0.9848891786179922 0.019814453125 0.030221642764015646
0 0.5344189453125 0.9808083441981746 0.0297998046875 0.038376792698826594
0 0.4969384765625 0.9769361147327248 0.026220703125 0.0461277705345502
0 0.534052734375 0.9047327249022163 0.0290673828125 0.056668839634941334
0 0.511015625 0.9456388526727509 0.0428857421875 0.016166883963494135
0 0.4892724609375 0.9041199478487615 0.0323876953125 0.05544328552803129
0 0.450615234375 0.7488591916558018 0.0522509765625 0.040352020860495434
0 0.4503125 0.49947196870925686 0.050419921875 0.035202086049543675
0 0.4500048828125 0.23605606258148631 0.0510302734375 0.03462190352020861
0 0.5257470703125 0.1871838331160365 0.0100048828125 0.1016949152542373
0 0.50537109375 0.1755606258148631 0.00935546875 0.10210560625814863
0 0.40861328125 0.1021251629726206 0.0054736328125 0.0955671447196871
0 0.291435546875 0.5084615384615385 0.0095068359375 0.023800521512385917
0 0.302861328125 0.5292177314211213 0.0115771484375 0.022086049543676663
0 0.3148046875 0.5554498044328553 0.0140771484375 0.029661016949152543
0 0.3298046875 0.5875880052151239 0.0153564453125 0.0319361147327249
0 0.3448681640625 0.6200586701434159 0.015537109375 0.031597131681877444
0 0.418984375 0.7488526727509779 0.0134521484375 0.037985658409387224
0 0.4026416015625 0.7157301173402869 0.0149755859375 0.035691003911342896
0 0.38876953125 0.6887679269882659 0.012158203125 0.03658409387222946
0 0.43712890625 0.7915254237288136 0.0240576171875 0.048983050847457625
0 0.7780908203125 0.8209647979139504 0.01271484375 0.049941329856584095
0 0.7261767578125 0.9638005215123859 0.0588525390625 0.02149282920469361
0 0.7724658203125 0.9675554106910039 0.0141796875 0.06489569752281617
0 0.792080078125 0.44178617992177316 0.0152880859375 0.11971968709256846
0 0.7764990234375 0.2428748370273794 0.0183251953125 0.10047588005215123
0 0.8012158203125 0.235612777053455 0.0144921875 0.13653846153846153
0 0.66107421875 0.021564537157757496 0.016044921875 0.033983050847457626
0 0.677265625 0.05656453715775749 0.0154248046875 0.03382007822685789
0 0.6937939453125 0.09046284224250327 0.01609375 0.03389178617992177
0 0.7104150390625 0.1254954367666232 0.0151123046875 0.036251629726206
0 0.7287744140625 0.1615645371577575 0.0169970703125 0.03659061277705346
0 0.7485107421875 0.20423076923076924 0.021025390625 0.048487614080834414
0 0.7449609375 0.35282920469361145 0.0227490234375 0.04542372881355933
0 0.7156591796875 0.4129986962190352 0.01595703125 0.05887874837027379
0 0.700078125 0.4386962190352021 0.01412109375 0.030319426336375487
0 0.6868212890625 0.46235332464146023 0.014970703125 0.031942633637548894
0 0.6706884765625 0.48861799217731416 0.0130126953125 0.03878748370273794
0 0.6570947265625 0.5142503259452412 0.0127001953125 0.02803780964797914
0 0.643466796875 0.5402281616688397 0.0142822265625 0.030234680573663627
0 0.6288916015625 0.5641720990873533 0.013486328125 0.033246414602346806
0 0.6150830078125 0.5904432855280313 0.011767578125 0.03029986962190352
0 0.6015185546875 0.6193220338983051 0.014453125 0.03257496740547588
0 0.5744189453125 0.6615775749674054 0.011083984375 0.029621903520208603
0 0.58642578125 0.6435919165580183 0.0116357421875 0.029713168187744457
0 0.553125 0.6542372881355932 0.0109814453125 0.04039765319426336
0 0.7470361328125 0.537503259452412 0.01615234375 0.043546284224250324
0 0.7308740234375 0.5612451108213821 0.016083984375 0.02738591916558018
0 0.712724609375 0.5945697522816167 0.01693359375 0.034471968709256846
0 0.6965673828125 0.6223859191655802 0.0168701171875 0.03625814863102998
0 0.679423828125 0.6533963494132985 0.0138671875 0.02974576271186441
0 0.6637841796875 0.6850912646675359 0.0158203125 0.036831812255541066
0 0.6424609375 0.7139700130378097 0.0230224609375 0.03910691003911343
0 0.6269970703125 0.7477509778357235 0.011162109375 0.028344198174706646
0 0.614228515625 0.7746023468057367 0.01103515625 0.024934810951760103
0 0.60060546875 0.7960560625814864 0.0126171875 0.0303129074315515
0 0.587587890625 0.8175488917861798 0.0154248046875 0.02516297262059974
0 0.57115234375 0.8478552803129074 0.0128515625 0.02458279009126467
0 0.5579833984375 0.86996740547588 0.0153564453125 0.03453063885267275
0 0.289560546875 0.876929595827901 0.0092236328125 0.24613428943937418
0 0.8078076171875 0.08522816166883965 0.0181689453125 0.16183181225554108