0 0.267529296875 0.018546284224250326 0.02490234375 0.030951760104302475
0 0.26775390625 0.06252933507170795 0.0266943359375 0.038122555410691004
0 0.269541015625 0.2529400260756193 0.0284423828125 0.31269882659713166
0 0.2710546875 0.5634289439374185 0.0258642578125 0.0807496740547588
0 0.2712548828125 0.6452803129074316 0.0224951171875 0.07386571056062581
0 0.320419921875 0.6730117340286832 0.028955078125 0.035814863102998695
0 0.2705517578125 0.711238591916558 0.0192529296875 0.02996740547588005
0 0.2923193359375 0.7186440677966103 0.008427734375 0.0313102998696219
0 0.320390625 0.7176401564537157 0.02982421875 0.025547588005215123
0 0.2780615234375 0.8035658409387223 0.009609375 0.0290612777053455
0 0.2925732421875 0.8182268578878749 0.010615234375 0.043422425032594525
0 0.320751953125 0.8977900912646676 0.0255078125 0.10154498044328554
0 0.36501953125 0.9541329856584094 0.010927734375 0.033174706649282924
0 0.371181640625 0.988096479791395 0.023251953125 0.02329204693611473
0 0.460009765625 0.9418252933507171 0.02494140625 0.07514993481095177
0 0.5642919921875 0.9642829204693611 0.0427783203125 0.07142764015645371
0 0.53044921875 0.6745371577574968 0.0409716796875 0.12788787483702738
0 0.565322265625 0.6924185136897002 0.0259716796875 0.09331812255541069
0 0.5600830078125 0.8135006518904825 0.0463134765625 0.10729465449804433
0 0.50181640625 0.7936831812255541 0.027626953125 0.06316818774445894
0 0.5594189453125 0.4666818774445893 0.037958984375 0.17007170795306387
0 0.5519384765625 0.172509778357236 0.0288232421875 0.20121251629726208
0 0.556025390625 0.03529986962190352 0.0262451171875 0.06446544980443286
0 0.4602978515625 0.020378096479791396 0.0310888671875 0.03387222946544981
0 0.4492578125 0.09593220338983051 0.0116943359375 0.0473142112125163
0 0.4205859375 0.13064537157757497 0.0051513671875 0.017979139504563233
0 0.9165869140625 0.8542503259452412 0.0284228515625 0.03558670143415906
0 0.8346826171875 0.9236962190352022 0.06451171875 0.12252281616688396
0 0.9176953125 0.5772033898305085 0.027265625 0.16440026075619296
0 0.8993408203125 0.6741199478487614 0.0140771484375 0.05619947848761408
0 0.934638671875 0.19578226857887873 0.0535498046875 0.3816036505867014
0 0.763984375 0.29046936114732724 0.0108984375 0.026023468057366363
0 0.670009765625 0.27677314211212517 0.06595703125 0.5463689700130379
0 0.650771484375 0.7851368970013038 0.0547802734375 0.21798565840938722
0 0.743642578125 0.16438070404172098 0.0386767578125 0.08404823989569753