0 0.09278326592289336 0.4695522016096071 0.18476745636639402 0.9382046297530595
0 0.48385768184919403 0.5032940859099898 0.17963237696958834 0.9934118281800203
0 0.7745601007575553 0.5281058942013171 0.19369754450459054 0.9437882115973656
0 0.3530784740450298 0.8764709497585861 0.03749985604192542 0.1669514937935515
0 0.38809499984402207 0.5665791245819101 0.013981771901924817 0.02379696818064572
0 0.42117108083747623 0.33631484596714045 0.03602637863524565 0.16692861819695437
0 0.444089175853834 0.12490580782245786 0.03344883233626228 0.1950534855794684
0 0.32263736240914065 0.11941437713202635 0.05676181399143315 0.04214605114155084
0 0.3522099124657784 0.2693545512579119 0.023443045578003686 0.044248769597712234
0 0.2815643142528148 0.38626915066909795 0.042218001042775906 0.03209530045308212
0 0.24629053087124578 0.6643594751028693 0.04158674949908685 0.02750051929091346
0 0.2781583422004808 0.7150090502246895 0.026941199130407083 0.046268069974044854
0 0.296317473875989 0.7398766701844273 0.03309193754379088 0.11906825898305712
0 0.3912554579827231 0.8170745329543346 0.023852480494702323 0.0737300041629356
0 0.40491116871631083 0.6917355559355809 0.026199039273222813 0.05411651551340377
0 0.4131566294794828 0.614828368937959 0.02194788355594659 0.07566542735174532
0 0.43878694204910895 0.4191962864600844 0.042058709255877756 0.20370211789203352
0 0.4681876647122282 0.15642182271559238 0.0382878703664729 0.2409784216045559