0 0.13255859375 0.5018578878748371 0.059541015625 0.9962907431551499
0 0.2980712890625 0.978076923076923 0.0258544921875 0.04383963494132986
0 0.3128564453125 0.9009256844850065 0.04638671875 0.046277705345501956
0 0.3103662109375 0.6391460234680574 0.04908203125 0.04
0 0.3055029296875 0.3603780964797914 0.049130859375 0.04
0 0.318125 0.07048239895697524 0.03111328125 0.06603650586701434
0 0.2327294921875 0.05539765319426337 0.0301806640625 0.09841590612777053
0 0.2082373046875 0.15102346805736636 0.0292578125 0.09316818774445892
0 0.430751953125 0.016610169491525426 0.008466796875 0.026968709256844848
0 0.431513671875 0.13086049543676662 0.0079541015625 0.15143415906127772
0 0.3848974609375 0.7454954367666231 0.00798828125 0.258129074315515
0 0.36361328125 0.7903976531942634 0.009814453125 0.09975880052151238
0 0.3508837890625 0.7628357235984355 0.0067578125 0.0793089960886571
0 0.429912109375 0.7503911342894393 0.005556640625 0.0639374185136897
0 0.430908203125 0.8930704041720992 0.006318359375 0.15551499348109518
0 0.51517578125 0.500651890482399 0.064013671875 0.998689700130378
0 0.689775390625 0.953102998696219 0.0213525390625 0.05970013037809648
0 0.5212158203125 0.8629465449804433 0.000068359375 0.00011082138200782269
0 0.8010302734375 0.5020078226857888 0.0693359375 0.9959843546284224
0 0.692705078125 0.02516297262059974 0.0285986328125 0.04678617992177314