0 0.8795224699884919 0.824165455523602 0.08070426988651144 0.1809811910286011
0 0.812960180694852 0.40340760439661943 0.21381535235562205 0.8068152087932389
0 0.7047538259973163 0.6826893019973752 0.03836323070982056 0.12934628662512634
0 0.5124084620706613 0.6345619740755706 0.06096253394535649 0.05199269501894249
0 0.5135237683267713 0.9410694294253843 0.059728584791899034 0.029074400673239093
0 0.5077663322407963 0.33945803717914874 0.061516269101057536 0.056190431403412296
0 0.5107498344344207 0.05748415645618413 0.03771276809353639 0.054657489944628455
0 0.2982295263925597 0.3991781770429754 0.18610269021985165 0.3469945307247597
0 0.41663727791373556 0.07665890042141159 0.00884771688721215 0.06578065628706513
0 0.5580973829621358 0.4382284309961576 0.022596906718943436 0.516215379265576
0 0.5680666102217312 0.8394220097310857 0.012213012692519145 0.21466012188026992
0 0.6518201995537577 0.16611817953314156 0.04583847399751481 0.15630270112527103
0 0.4385761383275551 0.7518541070809905 0.048769402801550184 0.13653752883734646