0 0.3528125 0.2045436766623207 0.05654296875 0.03898956975228162
0 0.3548681640625 0.49803780964797917 0.051376953125 0.03747718383311604
0 0.3588427734375 0.7728943937418513 0.0513720703125 0.04558670143415906
0 0.2007666015625 0.36592568448500656 0.0109033203125 0.05466753585397653
0 0.206357421875 0.4210495436766623 0.095068359375 0.025097783572359842
0 0.2241259765625 0.2482007822685789 0.012568359375 0.0493155149934811
0 0.2231298828125 0.022288135593220338 0.026533203125 0.03820730117340287
0 0.2443701171875 0.06267926988265972 0.02328125 0.043767926988265975
0 0.262666015625 0.10754237288135593 0.022744140625 0.043220338983050846
0 0.2833740234375 0.15076923076923077 0.02373046875 0.03675358539765319
0 0.3002099609375 0.18257496740547588 0.017626953125 0.03045632333767927
0 0.313828125 0.21341590612777053 0.019013671875 0.031069100391134287
0 0.3291064453125 0.24740547588005213 0.0170849609375 0.03533246414602347
0 0.3464013671875 0.28120599739243807 0.02119140625 0.032138200782268575
0 0.3618896484375 0.30953715775749674 0.0190185546875 0.02861799217731421
0 0.3730224609375 0.34192307692307694 0.014775390625 0.03320730117340287
0 0.3868115234375 0.35948500651890486 0.01052734375 0.03559322033898305
0 0.39890625 0.37696219035202083 0.012841796875 0.03956975228161669
0 0.4114990234375 0.4033246414602347 0.011513671875 0.042744458930899606
0 0.4792529296875 0.18568448500651888 0.0263818359375 0.07029986962190352
0 0.634736328125 0.027457627118644065 0.0258984375 0.04765971316818774
0 0.6137255859375 0.07001955671447196 0.0162158203125 0.03897653194263364
0 0.5951025390625 0.10386571056062582 0.017666015625 0.03852020860495437
0 0.5793310546875 0.13717731421121251 0.0120947265625 0.029928292046936113
0 0.564453125 0.1628096479791395 0.0146728515625 0.03605606258148631
0 0.549970703125 0.19625814863103 0.01380859375 0.032151238591916556
0 0.536748046875 0.22226857887874835 0.011748046875 0.02754237288135593
0 0.521669921875 0.25409387222946545 0.0160498046875 0.04604954367666232
0 0.517197265625 0.19454367666232072 0.0256591796875 0.05261408083441981
0 0.5025537109375 0.2846675358539765 0.0218115234375 0.040834419817470664
0 0.4852197265625 0.32254889178617996 0.012060546875 0.045788787483702735
0 0.4704052734375 0.34462842242503255 0.0158349609375 0.037731421121251635
0 0.4536083984375 0.3770078226857888 0.0156298828125 0.04232724902216428
0 0.4369384765625 0.4054172099087353 0.0178125 0.033644067796610166
0 0.4224853515625 0.439980443285528 0.0487353515625 0.016936114732724904
0 0.4071435546875 0.46648631029986964 0.017392578125 0.02481747066492829
0 0.4490966796875 0.48816818774445897 0.038984375 0.055782268578878746
0 0.4616259765625 0.43454367666232074 0.0247802734375 0.0335006518904824
0 0.63986328125 0.451890482398957 0.10380859375 0.01863102998696219
0 0.7401171875 0.08182529335071707 0.018642578125 0.15639504563233378
0 0.7201318359375 0.35315514993481095 0.0202685546875 0.09726857887874837
0 0.709794921875 0.43135593220338986 0.013662109375 0.04570404172099087
0 0.724208984375 0.6919426336375489 0.013173828125 0.03501303780964798
0 0.7017431640625 0.900606258148631 0.0118701171875 0.10541720990873533
0 0.71576171875 0.951825293350717 0.0123388671875 0.09635593220338984
0 0.610263671875 0.8734615384615385 0.016513671875 0.028122555410691006
0 0.5935302734375 0.9023468057366363 0.0175048828125 0.03191655801825293
0 0.5770263671875 0.9321707953063886 0.0147119140625 0.02606910039113429
0 0.562412109375 0.9576531942633637 0.014111328125 0.0239374185136897
0 0.5459765625 0.9854498044328553 0.0178173828125 0.02909387222946545
0 0.4386279296875 0.7221642764015646 0.0090625 0.29795958279009127
0 0.4321484375 0.2871056062581486 0.020029296875 0.1363689700130378
0 0.3996875 0.21211212516297262 0.0360986328125 0.05004563233376792
0 0.6500146484375 0.8058279009126468 0.0102001953125 0.019028683181225556
0 0.64126953125 0.8229074315514993 0.006396484375 0.01473272490221643
0 0.6332568359375 0.836870925684485 0.0090673828125 0.013109517601043024