0 0.6015978191778301 0.5924489254897419 0.21595934121219504 0.8151021490205163
0 0.6224397834099583 0.20565515871654133 0.08067079303517471 0.0843397057466163
0 0.5667427125951889 0.489752397942576 0.08188140860442318 0.08871279042888099
0 0.5150021202000908 0.7887826234810721 0.05848044105469819 0.06316043285060051
0 0.41629522994758356 0.9165546648440563 0.08315979312299031 0.05999498284816573
0 0.4338542153170226 0.7770836930604942 0.0693924525261173 0.20899548273093246
0 0.3929899624943142 0.8499989224846011 0.05238157207875156 0.07510636279735788
0 0.21506792298260285 0.31435322302673036 0.04911967732349153 0.14473949846384376
0 0.35879012072915495 0.302711512536127 0.2709535926884613 0.4248753952352646
0 0.7760337171772166 0.2351220449924135 0.05975331910183509 0.14019945191473343
0 0.7658863406660967 0.20263382231131857 0.037982381184502007 0.09745666427735128
0 0.13163335904833026 0.6691002441642983 0.12312107178493982 0.41654089174770054
0 0.6414826463602765 0.8475608353955819 0.10515140294864879 0.3041901274996621