0 0.15091796875 0.09223598435462843 0.0731591796875 0.17490873533246415
0 0.204140625 0.5255084745762711 0.184814453125 0.7850456323337679
0 0.312109375 0.2509322033898305 0.033603515625 0.11765971316818775
0 0.4921142578125 0.31721642764015645 0.056552734375 0.04235984354628423
0 0.4978466796875 0.02441329856584094 0.0560400390625 0.030097783572359843
0 0.490576171875 0.5956910039113429 0.05689453125 0.04651890482398957
0 0.48193359375 0.8610365058670143 0.0344775390625 0.04726857887874837
0 0.5576318359375 0.98996740547588 0.045576171875 0.020065189048239895
0 0.689033203125 0.5625097783572359 0.1689794921875 0.3067992177314211
0 0.570888671875 0.8532398956975228 0.0070751953125 0.06136897001303781
0 0.445205078125 0.49733376792698825 0.0106396484375 0.4848239895697523
0 0.4442626953125 0.10971968709256845 0.0070458984375 0.21898305084745764
0 0.3512744140625 0.7430443285528031 0.040068359375 0.142496740547588
0 0.5641357421875 0.21509778357235984 0.04318359375 0.12364406779661016