0 0.24689549860355933 0.8754413010950519 0.0833160806337529 0.11241566140541087
0 0.5808209395611529 0.28892988989503415 0.13840848827599178 0.18205368363507562
0 0.34916571818819353 0.2896640425412991 0.11638607823936264 0.4642375543646236
0 0.44477844378285963 0.3493449207762033 0.14178282907529674 0.19018009177000827
0 0.2172285577578922 0.956988515337155 0.15431262640846224 0.08602296932568994
0 0.6501455016203278 0.9865152185198994 0.023745475387078916 0.026969562960201164
0 0.5445965596118661 0.18317802370438838 0.05010039484147199 0.09235721712485402
0 0.5890770123254824 0.12500032036007555 0.06348567329941276 0.18027124195774338
0 0.8403756461847054 0.5463330174453577 0.03051971611513842 0.08178320635560404
0 0.8244215172330455 0.454824579529074 0.023758029463861883 0.03386365791610464
0 0.8614973195241517 0.6666520067735661 0.029766922484046585 0.06950181172408557