0 0.13656812329850423 0.7151210937264628 0.028955297344703104 0.08360710580905915
0 0.5520621331372738 0.5738733177707092 0.18904975771040758 0.7816829595126313
0 0.48872935336927786 0.5611256137883108 0.06600999424558121 0.06903740256689472
0 0.4161367033559007 0.26461570156386943 0.07167505267615348 0.07058051326587639
0 0.6328036135874048 0.7855994628693412 0.27183114914149203 0.39874383228095467
0 0.5538023160652064 0.8301486696432582 0.07123728891651836 0.07398456575674137
0 0.5090039989132226 0.9386584670226777 0.0419713620964137 0.09358103293552208
0 0.6349177169240305 0.31804911663094626 0.07046456524265664 0.15598430837522426
0 0.1046700397608736 0.5569759342454322 0.08066574808860169 0.15425072777817297
0 0.37579449720684954 0.3894140064215074 0.06470064505092724 0.12641334217580194
0 0.28955861036458214 0.21961052940047088 0.05035244067159446 0.07880379585757721
0 0.058207179972878234 0.24801822735251552 0.08895892908284066 0.06496584759151856
0 0.5161483513317912 0.16089243614531026 0.04993352526067684 0.13005562501279838