0 0.018054370377635447 0.13645854552386624 0.019061203065537366 0.03371792874593659
0 0.05773032116172185 0.2228599515796869 0.020914848383983622 0.03057992548269735
0 0.13042206892811445 0.08163372489816431 0.03296271214349766 0.026123858803227776
0 0.3073174913615163 0.1290700153005043 0.28742438673942516 0.09204709071178963
0 0.31145130929175235 0.06491238613286861 0.18872276927272424 0.06769133747965304
0 0.2114953517576329 0.590280685901862 0.04593656775184812 0.036039745023724104
0 0.29713607433374506 0.5539641821479502 0.05248318336495561 0.042953359581169276
0 0.3962948938086423 0.5054751939309424 0.040366514638740636 0.02918685504065685
0 0.4030101985969553 0.6217090546646845 0.07534037797039717 0.08926974350300818
0 0.2935937451035604 0.6454860304327477 0.035350224500787286 0.10435071669110263
0 0.20668008713051134 0.7279197658574464 0.009206877162525662 0.014236221299777913
0 0.232474851056384 0.7187879552624689 0.015733596839322406 0.02049794537482398
0 0.237758074713759 0.6843065241875803 0.01667036746670092 0.01925488898440399
0 0.26578906532686647 0.6925560793813362 0.013212606844079433 0.017738572009283794
0 0.2961466451509938 0.7051795530030356 0.016201982153011718 0.019876417179614133
0 0.39501198868706505 0.7428838799807563 0.160093238949521 0.07176697687709938
0 0.365890853872315 0.810692975217356 0.06451860672515419 0.085994211255257
0 0.22750704366538507 0.9153016747264036 0.036729690589322406 0.02180352372394619
0 0.03788983158203367 0.4190995117667595 0.024459648288843422 0.08285261322336945
0 0.07957652902732805 0.45162172493738334 0.01884234776611915 0.02654713343954806
0 0.041692447848546484 0.4957877303102036 0.02089495244767288 0.029928035000298395
0 0.061633608934156175 0.7563532602826937 0.039824295983060504 0.48729347943461254
0 0.3658850381996082 0.9222796569384549 0.1564854279941822 0.08130243581557263
0 0.17296296927149374 0.8367595592801134 0.02838911746670092 0.019983583876937272
0 0.47354076659895666 0.2659581746174055 0.02460224308456538 0.023652028473819846
0 0.42894924069580825 0.32987735063676016 0.021681672742334124 0.03973675452347163
0 0.365895882247605 0.3318124487873902 0.015314120556023325 0.03869015430761715
0 0.27063170318377905 0.4121002991238807 0.04544828650184818 0.03600938273653529
0 0.23141418974522648 0.3247514196316505 0.013916420151950881 0.08870354772920351
0 0.4756199136999147 0.1424633304078703 0.021233992418857373 0.2166866182897213
0 0.5948973178229298 0.20225782545350746 0.06862713932980835 0.028992196250415273
0 0.616238288973306 0.08711790575072728 0.1246004196530115 0.02661684493554643
0 0.7687930124522931 0.1593921028999975 0.16301214767097894 0.08756415989061885
0 0.8202072046457394 0.15933587178643002 0.022250346791478748 0.218051123828897
0 0.7102340694625946 0.25269813659164264 0.021931202756605206 0.03194443102187304
0 0.9151865768885874 0.47690481311358524 0.02663495182980835 0.026381039552171297
0 0.9500518433809215 0.5174613493911567 0.034784830180219384 0.24550732849978743
0 0.7720654459354903 0.562024663950758 0.15879501822700215 0.12503982271068068
0 0.8177798133898886 0.8211804010530491 0.039738918321595484 0.35763919789390175
0 0.736948944295142 0.941054991861391 0.09834762290855581 0.11789001627721815
0 0.7529320929052205 0.765465381731408 0.1249842363591378 0.1190334820002538
0 0.7289660934991631 0.8664530257702606 0.07248281867864481 0.04354632287351446
0 0.8252254739054774 0.9065979220980382 0.01579328464825469 0.02245361682202085
0 0.5994285846829752 0.6381519822502093 0.0578144852423339 0.04198356377544905
0 0.48139218414822166 0.6669235059492635 0.022927661192915894 0.03265704607864977