0 0.1438720703125 0.1186831812255541 0.0577685546875 0.05661668839634941
0 0.0273291015625 0.19058670143415907 0.03271484375 0.3735136897001304
0 0.1086572265625 0.019882659713168188 0.13193359375 0.03376792698826597
0 0.246474609375 0.13098435462842242 0.0570556640625 0.017920469361147325
0 0.20638671875 0.16260756192959583 0.021123046875 0.02456975228161669
0 0.18796875 0.05574315514993482 0.0138427734375 0.1005019556714472
0 0.1898974609375 0.268155149934811 0.0137109375 0.13578226857887873
0 0.1321240234375 0.3294980443285528 0.08064453125 0.017092568448500652
0 0.116318359375 0.4610886571056062 0.0605029296875 0.01891786179921773
0 0.07046875 0.5578096479791395 0.014248046875 0.3155671447196871
0 0.0445068359375 0.758116036505867 0.0178125 0.1027509778357236
0 0.07662109375 0.8216558018252934 0.143642578125 0.10747066492829206
0 0.012001953125 0.7904498044328553 0.0178955078125 0.04007170795306388
0 0.0530126953125 0.9376466753585397 0.0142578125 0.12470664928292048
0 0.0076953125 0.9653194263363755 0.009658203125 0.06935462842242503
0 0.1735107421875 0.8011994784876141 0.0377734375 0.06661016949152543
0 0.11615234375 0.7105475880052151 0.061982421875 0.10333116036505867
0 0.1684912109375 0.7201238591916559 0.03720703125 0.010951760104302478
0 0.0959326171875 0.14845501955671447 0.0326953125 0.02623859191655802
0 0.3342529296875 0.1994393741851369 0.01376953125 0.38788787483702736
0 0.2962646484375 0.30503259452411996 0.0254248046875 0.012275097783572358
0 0.2370166015625 0.315599739243807 0.028583984375 0.015097783572359844
0 0.205751953125 0.21971316818774447 0.0130029296875 0.056382007822685785
0 0.2659423828125 0.16735984354628425 0.050537109375 0.019921773142112124
0 0.315087890625 0.20911994784876142 0.0226904296875 0.2952411994784876
0 0.4388720703125 0.04713168187744459 0.010791015625 0.07994784876140808
0 0.5459521484375 0.02832464146023468 0.0637255859375 0.048996088657105606
0 0.4203076171875 0.1003129074315515 0.1551513671875 0.0314993481095176
0 0.435068359375 0.27084745762711865 0.00728515625 0.3116362451108214
0 0.452353515625 0.14522164276401564 0.2207373046875 0.04557366362451108
0 0.6126904296875 0.12941329856584094 0.0895849609375 0.023943937418513687
0 0.725615234375 0.20597783572359846 0.052099609375 0.053878748370273795
0 0.77455078125 0.23801825293350717 0.0215380859375 0.026401564537157758
0 0.8020751953125 0.1069426336375489 0.0549560546875 0.025612777053455018
0 0.7478125 0.11293350717079531 0.025703125 0.014289439374185139
0 0.7043359375 0.05080182529335072 0.0110400390625 0.014035202086049544
0 0.785244140625 0.018383311603650587 0.023779296875 0.02161668839634941
0 0.88 0.15715123859191654 0.0248388671875 0.30751629726206
0 0.9599365234375 0.34096479791395046 0.0246484375 0.19653846153846155
0 0.9333251953125 0.07046284224250327 0.015380859375 0.13153194263363754
0 0.8665185546875 0.03584745762711865 0.018525390625 0.034921773142112124
0 0.6067822265625 0.4322816166883964 0.407177734375 0.08704041720990874
0 0.4333447265625 0.5745501955671447 0.016552734375 0.14466753585397651
0 0.325849609375 0.6117601043024772 0.0472509765625 0.040352020860495434
0 0.33728515625 0.5638005215123859 0.1129443359375 0.03058018252933507
0 0.2947412109375 0.6574250325945241 0.011455078125 0.07696870925684485
0 0.482724609375 0.6815514993481095 0.3202392578125 0.08610821382007823
0 0.3413720703125 0.9023859191655802 0.0163623046875 0.19522816166883963
0 0.511923828125 0.8506388526727511 0.283330078125 0.07868318122555411
0 0.535673828125 0.9212581486310301 0.062099609375 0.09697522816166883
0 0.4915869140625 0.9855280312907432 0.0504931640625 0.028950456323337675
0 0.1627783203125 0.896864406779661 0.01359375 0.0655019556714472
0 0.8462158203125 0.8446805736636245 0.029892578125 0.310638852672751
0 0.9268408203125 0.6164406779661017 0.0161474609375 0.02500651890482399
0 0.91560546875 0.759354628422425 0.013212890625 0.03435462842242504