0 0.5069358917833029 0.09093368328542051 0.020451096218249597 0.033018564055421265
0 0.5523509058373559 0.1001512366696464 0.04549866069766279 0.07308143219868041
0 0.48228933047881595 0.10071745390806831 0.026480610311364127 0.034825070353707584
0 0.5629180787541097 0.20027004677553306 0.015204960570422928 0.014556426388286105
0 0.5402780611866425 0.17209613121166809 0.00820842255932904 0.015349326559250167
0 0.5191497946537084 0.14470851424379372 0.013798149805999386 0.0218022563063518
0 0.6282893963239257 0.2812501489976836 0.021971592275291982 0.034474206694249894
0 0.6789523828160721 0.3473781376611798 0.016856631965102262 0.026052229669685012
0 0.7135189853716374 0.3881817179744053 0.010695942534350784 0.014205562728828341
0 0.744323700385888 0.4283582398833304 0.012664970460346404 0.01168412596167982
0 0.7341200148330361 0.41352231796271477 0.011680456497348708 0.01294484434525408