0 0.33712890625 0.1266883963494133 0.019921875 0.04716427640156454
0 0.277109375 0.28002607561929593 0.029853515625 0.027561929595827903
0 0.423203125 0.3387157757496741 0.01341796875 0.0158148631029987
0 0.4677197265625 0.7598239895697523 0.0201123046875 0.045788787483702735
0 0.3621533203125 0.8749478487614081 0.0245068359375 0.059185136897001306
0 0.3446923828125 0.9575945241199478 0.0121875 0.03422425032594524
0 0.1694970703125 0.8639048239895698 0.00880859375 0.08145371577574968
0 0.6479248046875 0.22816166883963493 0.0236962890625 0.04606910039113429
0 0.667705078125 0.163761408083442 0.0217724609375 0.040352020860495434
0 0.75296875 0.2555606258148631 0.01 0.025951760104302477
0 0.750830078125 0.7365971316818775 0.0187109375 0.033839634941329855
0 0.67390625 0.9741655801825293 0.0253125 0.043031290743155155
0 0.5422412109375 0.9438005215123859 0.0076611328125 0.10520860495436765
0 0.5453759765625 0.7561082138200782 0.00802734375 0.1872033898305085
0 0.549365234375 0.45724250325945237 0.0059619140625 0.05473272490221642