0 0.728212890625 0.7172425032594524 0.061728515625 0.08069752281616689
0 0.55404296875 0.9613624511082138 0.0356103515625 0.07727509778357236
0 0.5837255859375 0.913155149934811 0.0170556640625 0.035345501955671446
0 0.350537109375 0.27048239895697523 0.103330078125 0.1295632333767927
0 0.5571728515625 0.21665580182529337 0.0290625 0.4256388526727509
0 0.4798193359375 0.29438070404172095 0.1051416015625 0.1364928292046936
0 0.774287109375 0.834387222946545 0.1171240234375 0.14159061277705345
0 0.6150341796875 0.9405084745762712 0.0230908203125 0.10367014341590614
0 0.385087890625 0.9071447196870925 0.0177197265625 0.02579530638852673
0 0.36830078125 0.16877444589308996 0.032265625 0.07316818774445892
0 0.3175439453125 0.10505215123859192 0.022587890625 0.20434810951760107
0 0.154501953125 0.5546349413298566 0.0150244140625 0.0696284224250326
0 0.1562548828125 0.470006518904824 0.0173193359375 0.024634941329856583
0 0.152265625 0.6657301173402869 0.0165966796875 0.057816166883963495