0 0.5196182943139945 0.24272407640726282 0.06550744309301716 0.05701970756809923
0 0.5685802379231822 0.5539923563291327 0.0380400678591763 0.03424449852370159
0 0.49881934749203927 0.4413204219326553 0.03177803720179459 0.11259133351398753
0 0.47955775546358426 0.4576321965808367 0.030053285270066652 0.10962651828391204
0 0.56203244308989 0.6703474433370266 0.053983556393941194 0.08068449548704301
0 0.6441140504877041 0.8309101665055942 0.04030789531442615 0.04852473100978808
0 0.592355642306563 0.8955037854414791 0.019847655767654838 0.07283350089465505
0 0.7132432412485697 0.4962916306157455 0.015705892993224297 0.04148950191383647
0 0.7538175908866247 0.4349669065856777 0.04318587082606026 0.13047086550515533
0 0.6936644755272757 0.1488005018924318 0.049582858456745295 0.10988894242513966
0 0.6413583143382698 0.059103511106309806 0.018945442235861774 0.0100727736295225
0 0.6580051375484105 0.07074037730797511 0.015162817469702385 0.030174084657825118
0 0.6738132631560836 0.08688349115917994 0.0183407835713973 0.03044600648997034
0 0.6856540145747699 0.21819386638806496 0.021219570990608817 0.057456083389069885
0 0.675871850917532 0.2451770763263345 0.02259148621356328 0.04207866588348455
0 0.667624200377274 0.282151916974329 0.020065535503125235 0.033410821720045836
0 0.6581984300323472 0.316560869486856 0.026366997772647588 0.043810335177988706
0 0.6497538334240547 0.3549274771391731 0.026299113332207347 0.04239590802098729
0 0.6358192371817738 0.38331615858083407 0.02754156097377853 0.0572927134748597
0 0.6273201706396138 0.43153843602680364 0.03130365802629056 0.04775428581871009
0 0.6114263775738132 0.4685633458256145 0.02540950239940964 0.04584133530277571
0 0.6019054878215124 0.5064857060779663 0.02134192536491678 0.04901484075241896
0 0.5925645730271358 0.542662692536745 0.027948867616419962 0.06577927641686819
0 0.5829722422308574 0.5900871157934987 0.025816809042050835 0.0543278982447842
0 0.57260950422634 0.6159641850586597 0.018116602536429223 0.03676560839111931
0 0.5409876666385133 0.731934591508322 0.054126438481896515 0.06168036947823903
0 0.5674122849947772 0.7824407955293886 0.03681733602367508 0.06372086729394351
0 0.5948828108783668 0.8217675432105165 0.016459735045141526 0.0352152203180449
0 0.6135938082224365 0.8434413604272645 0.022815667248531356 0.03575906398233559
0 0.6384195856248179 0.8716250164202013 0.025701567874817956 0.04093616055862832
0 0.6654997759758762 0.9028188079485712 0.02819357636503588 0.04889679114356633
0 0.688162703233417 0.9353954108276535 0.01844261023205766 0.0325676472254723
0 0.7115352664658313 0.9662719602185206 0.027290550925665416 0.04107212147470099
0 0.7381027669100505 0.9875694984553047 0.02696454323003698 0.024861003089390616
0 0.11364379463308151 0.17523659186649598 0.04459802956873225 0.14890373885153124
0 0.19910062317385344 0.5435072100865527 0.04142006346703737 0.14863181701938594
0 0.22608610007132635 0.5507463805566135 0.04004896015166043 0.10907317692870389
0 0.2340562205235543 0.6838384942308191 0.022821968548028974 0.06886214125579615
0 0.2692119145910384 0.8393295500074933 0.032226399271730925 0.09995212971168992
0 0.30391538101182025 0.8095485595242021 0.05131553550312524 0.0360847197361409
0 0.2890118076781118 0.9276537691711277 0.029632564120852817 0.0898698583912498
0 0.4465379855472351 0.5115037690385095 0.044293361494328616 0.08760275904875738
0 0.4132853945542488 0.46710426989087267 0.024350180365511096 0.0457506946920606
0 0.3904764345590037 0.43698025438386395 0.020663080960514627 0.03487056918240481
0 0.36523308665715737 0.4055914771349952 0.02629911333220723 0.04239590802098729
0 0.3391782761197772 0.37378111263883973 0.020031593282905116 0.03270360814154513
0 0.3165662621925665 0.3422653301275083 0.020506784365986668 0.042604598240555035
0 0.2994272767892342 0.32037386703758275 0.014925221928161668 0.025223589608320128
0 0.28542205141055293 0.3033285538873783 0.016086370622720333 0.027435870954537363
0 0.2689484959050502 0.28431126541681306 0.012602924539044462 0.020799026915885737
0 0.2551741588146234 0.2665813988407867 0.013234412216653852 0.022965987956745416
0 0.2420313094018061 0.2510184933056199 0.009818850573418221 0.0177435710750952
0 0.22883754665865863 0.23439476740270213 0.012242974623195787 0.024289774503031714
0 0.2125100238908601 0.2129248915600632 0.01840866801183754 0.031860433646971754
0 0.19566981121622248 0.19176330220131713 0.012107205742315368 0.021460920189028884
0 0.18110098260037194 0.1739654551672544 0.012636866759264521 0.021506240494386444
0 0.16769604737504024 0.2023994569142729 0.020764907621174927 0.03699220991790693
0 0.26626106818139234 0.404166055665463 0.02259148621356316 0.04207866588348455
0 0.5041150487733932 0.7330054516042982 0.037890072564146025 0.07508160485531237