0 0.8096582100883205 0.02294567393315084 0.04895033499180239 0.024920018042511406
0 0.6681635569060871 0.02335949556128553 0.02213262408421159 0.04671899112257106
0 0.6489311043594068 0.22428753382444272 0.0438988349593776 0.25496512494410833
0 0.6200196222490824 0.541009417371283 0.05150252953121969 0.3340879281554903
0 0.7324004009524154 0.6684967732023063 0.04633096891232168 0.04018620466720978
0 0.8216149456464659 0.3159847699008234 0.014090505590492892 0.03860202036430629
0 0.7925362842391046 0.3217138730695817 0.04353559088983803 0.04872291619096599
0 0.5271344576244252 0.7453290362106163 0.03530947350672027 0.1381572611674505
0 0.49102574639561125 0.7505424656983265 0.03718479298457612 0.13291475182500914
0 0.2247103277105796 0.5166116531019381 0.027953801590712375 0.12622340591175574
0 0.07867462515503744 0.33244275892069136 0.15734925031007488 0.28992119592857085
0 0.3681027193718598 0.3624952635585987 0.03765681335942319 0.03554896896881702
0 0.5440331673565659 0.4647127860044401 0.0885352714119824 0.05724532019916961
0 0.8920617994095315 0.8541378608028752 0.025830459457022555 0.06427696729851017
0 0.7077219953883687 0.9291700411461474 0.05344022410812587 0.04269879478158585
0 0.9304338807244996 0.5988877328790316 0.035725499793283315 0.1348277913015576
0 0.9584677013403171 0.33495696119000895 0.027019332357167605 0.03278950506239446
0 0.682730825897747 0.6343561149371284 0.027976199226025934 0.08860888071563602