0 0.232685546875 0.10396349413298565 0.04041015625 0.2079269882659713
0 0.236806640625 0.3463754889178618 0.040126953125 0.26861147327249024
0 0.2401123046875 0.5976727509778358 0.0403369140625 0.2334419817470665
0 0.242880859375 0.813102998696219 0.0387744140625 0.1948239895697523
0 0.245048828125 0.9524837027379399 0.0367138671875 0.08378096479791396
0 0.5134814453125 0.9915580182529334 0.0224462890625 0.010182529335071707
0 0.7002685546875 0.8932985658409387 0.041015625 0.20440677966101695
0 0.7063671875 0.7144458930899609 0.039384765625 0.15329204693611473
0 0.710595703125 0.5590873533246414 0.0400244140625 0.15671447196870927
0 0.7152099609375 0.4064863102998696 0.0393115234375 0.14514341590612778
0 0.72025390625 0.2478161668839635 0.042294921875 0.16846805736636244
0 0.7252978515625 0.08089960886571056 0.0424365234375 0.16180573663624512
0 0.650654296875 0.04279009126466753 0.020185546875 0.08444589308996088
0 0.65736328125 0.16633637548891786 0.0074755859375 0.0953715775749674
0 0.6465673828125 0.3633311603650587 0.0135546875 0.19919817470664927
0 0.6451123046875 0.5330443285528031 0.011943359375 0.10323337679269884
0 0.6419482421875 0.6571903520208605 0.009150390625 0.11441329856584093
0 0.638857421875 0.762464146023468 0.0102197265625 0.055599739243807046
0 0.6387158203125 0.8505149934810952 0.009931640625 0.07142764015645371
0 0.5167919921875 0.789361147327249 0.022216796875 0.008872229465449804
0 0.5193505859375 0.5647196870925685 0.022783203125 0.01577574967405476
0 0.4812744140625 0.48722294654498044 0.007998046875 0.08271838331160365
0 0.5226171875 0.3201173402868318 0.024775390625 0.01407431551499348
0 0.52513671875 0.0704432855280313 0.02470703125 0.016447196870925686
0 0.6376171875 0.9663363754889178 0.0064306640625 0.05889830508474576