0 0.28429056396074437 0.5377787733188925 0.129876291770578 0.9075879787917778
0 0.2861398440971367 0.5052532076552091 0.14343770992282043 0.9728906694410915
0 0.150669597092095 0.8685907812013486 0.10909233554023917 0.2568648669778947
0 0.4146890217761964 0.5896849766697532 0.07584289522610625 0.15984863455023232
0 0.7455986191588991 0.8144570148544892 0.0737196544366259 0.26412682384839775
0 0.7263009840684517 0.6132729534237985 0.07376073938897962 0.1626466258233203
0 0.28521260335238385 0.20130633347141894 0.052596707337327867 0.053864710146007945
0 0.1381902846507096 0.13309819269055495 0.03010051988921278 0.07962034976109714
0 0.3302272735625153 0.49813076074198265 0.07979829932716692 0.08443081560975965
0 0.5059279848225618 0.03231411434468271 0.11110084558902868 0.06462822868936542
0 0.4202959118013711 0.24653971747491177 0.05219603187977821 0.07975938301598123
0 0.3763438127129202 0.8371021620759469 0.05639116298430289 0.054731914178911156
0 0.7177557197091541 0.2760866792781794 0.02718275662333869 0.029845644368650767
0 0.12790712526842965 0.6794410707776245 0.055867209805668415 0.15835253221246215