0 0.1044873046875 0.3198044328552803 0.04384765625 0.5718252933507171
0 0.0212451171875 0.25114080834419816 0.0328857421875 0.46503259452411994
0 0.4285205078125 0.30271186440677966 0.43119140625 0.5864863102998696
0 0.6569970703125 0.4216362451108214 0.0236328125 0.6229661016949153
0 0.4600732421875 0.575664928292047 0.5857763671875 0.16752281616688397
0 0.8861376953125 0.3525423728813559 0.143427734375 0.08158409387222947
0 0.9649267578125 0.35754237288135593 0.039765625 0.6656518904823989
0 0.7054736328125 0.8175228161668839 0.157177734375 0.043617992177314206
0 0.40302734375 0.9436571056062582 0.3413232421875 0.11268578878748371
0 0.1939013671875 0.8927705345501956 0.0534375 0.032275097783572355
0 0.050400390625 0.8932790091264667 0.0385986328125 0.2134419817470665
0 0.7335107421875 0.9451173402868318 0.08517578125 0.030104302477183834
0 0.8327685546875 0.8745436766623207 0.11333984375 0.25091916558018257
0 0.7365869140625 0.16310951760104303 0.1164892578125 0.02027379400260756
0 0.735673828125 0.056121251629726206 0.0780712890625 0.05361147327249022
0 0.8424755859375 0.10067796610169491 0.04923828125 0.10608865710560626
0 0.7425341796875 0.2813950456323338 0.1192333984375 0.047353324641460234
0 0.093974609375 0.22034550195567143 0.14861328125 0.02786831812255541