0 0.5590244327351935 0.8302027289300922 0.05288785550659928 0.3318164422031122
0 0.5699727795052937 0.5038797004692835 0.030360343689821132 0.15782259968977874
0 0.57571628330347 0.35425293818228804 0.02656814317093074 0.11044949178082548
0 0.6975164949376977 0.43182022211601434 0.013313909947067507 0.013630206864190609
0 0.7637527579672704 0.4181071277079993 0.010845908844510073 0.014963705410161872
0 0.3203611764754294 0.5931318877056088 0.02481589172494553 0.021159294993988487
0 0.5020006995272258 0.8563658212360866 0.024439160036547527 0.023861718654468105
0 0.6578168908905491 0.9299461609802057 0.012430592645700912 0.016328694239277356
0 0.8084133578558931 0.6465327801556119 0.02221803669781716 0.019786433594086796
0 0.3471322541582473 0.15297641753163357 0.021412476444049627 0.03465960444020789
0 0.9785048117816593 0.061773124231333534 0.03313567581512788 0.0151369019674568
0 0.8149568761563677 0.1967202703081776 0.019879889519830087 0.023826292085930553
0 0.21686277111343757 0.08901178646434658 0.016937766285446593 0.02583244433297676
0 0.15773308982217332 0.008545490151056953 0.012527983089128796 0.017090980302113905
0 0.14963598364115585 0.1084857364708239 0.015093374635114402 0.01905473561211552
0 0.45679696510898693 0.4634717259385019 0.02354826288894819 0.10028096055683719
0 0.4467889872439175 0.6615258439680837 0.020106357352111453 0.08131675950876213
0 0.4427804311030491 0.7522538508638082 0.014956717400028408 0.03731479267597095
0 0.5270201167888358 0.728248232241923 0.01033932323154125 0.014959769124768846