0 0.20013671875 0.5002151238591916 0.067587890625 0.9995632333767926
0 0.6797509765625 0.5 0.066533203125 1
0 0.5669482421875 0.05232724902216428 0.0071875 0.10465449804432855
0 0.608896484375 0.08741851368970013 0.0204638671875 0.05863102998696219
0 0.5806787109375 0.05805084745762712 0.009814453125 0.04365058670143415
0 0.5794482421875 0.11346805736636245 0.0073583984375 0.03955019556714472
0 0.560712890625 0.2715840938722295 0.0064013671875 0.20441329856584092
0 0.5564306640625 0.5240026075619296 0.0060498046875 0.18839634941329855
0 0.544228515625 0.7547392438070404 0.0107568359375 0.1629921773142112
0 0.5546337890625 0.6918122555410691 0.003974609375 0.02970664928292047
0 0.553291015625 0.7870860495436768 0.005849609375 0.09650586701434158
0 0.4937841796875 0.7998174706649284 0.0230078125 0.015990873533246415
0 0.4492138671875 0.4094850065189048 0.0183251953125 0.8189634941329856
0 0.43736328125 0.009328552803129074 0.0059716796875 0.01866362451108214
0 0.4856005859375 0.026734028683181223 0.00875 0.04386571056062582
0 0.46453125 0.13441329856584094 0.0071240234375 0.034041720990873534
0 0.4639501953125 0.18089960886571055 0.0087255859375 0.048122555410691
0 0.4656005859375 0.35539113428943936 0.0128076171875 0.011440677966101695
0 0.4972021484375 0.36782920469361147 0.0233349609375 0.022790091264667536
0 0.4972509765625 0.3360234680573664 0.0244482421875 0.011251629726205999
0 0.49337890625 0.5716427640156454 0.0253125 0.01454367666232073
0 0.47638671875 0.6389700130378096 0.0050048828125 0.04099739243807041
0 0.5504052734375 0.954282920469361 0.005654296875 0.0914341590612777
0 0.4400439453125 0.9461668839634941 0.0052587890625 0.10766623207301174
0 0.4518994140625 0.967470664928292 0.010224609375 0.0650651890482399