0 0.10833348384050381 0.7910247185105486 0.06128278474173946 0.22425195700423925
0 0.1433767960546185 0.786726954754783 0.04301381003189999 0.09814609144125713
0 0.20417773546315038 0.3604875268987484 0.032240147096766245 0.07862138807377318
0 0.24254389560729694 0.17983316836188404 0.05989565602053025 0.2318350080689647
0 0.2781166618201163 0.25821338679187994 0.06603066227995845 0.038358328310584194
0 0.33733104463340274 0.011816533099476625 0.029271658145202786 0.013590331254681008
0 0.5842828344228093 0.22699988163749543 0.030773732614868547 0.035044876280226046
0 0.6106482373572265 0.25266037595311946 0.018703304400259888 0.027252601570828396
0 0.5578614215394007 0.5129931001123956 0.03307003459394576 0.045450508516655067
0 0.5261167174242276 0.49658823474926744 0.01865812267939259 0.025177912774148055
0 0.4923688639945629 0.7980329838453071 0.06165842808561672 0.05142560045358444
0 0.43001375965244826 0.7012496583564405 0.13229140210224946 0.5862295493439548
0 0.5177150948346251 0.40686989376076016 0.027451755681519613 0.048819805481966475
0 0.6658028315598777 0.6087556598372784 0.023531338695850612 0.08263396559177155
0 0.6257954113665191 0.9903335810986118 0.045663599992762795 0.01933283780277649
0 0.6424259884701179 0.8619358508160588 0.05041633142024136 0.08166928701666243
0 0.6146397882730116 0.7826389939365722 0.04504456052629674 0.07259849826514721
0 0.5945874420839401 0.7048459688703885 0.04259211397047213 0.07878232933890582
0 0.7461875904045296 0.4363643292103244 0.022266250511567262 0.02454267928471745
0 0.7304457731900734 0.07742280747253508 0.020758637201378657 0.026593226891628147
0 0.7077146363424992 0.09886101611764528 0.0215473258702675 0.03904940673496775
0 0.6851218140777884 0.12583575175219847 0.025275938291421624 0.043946676703352
0 0.6599334698078397 0.1531160335365819 0.026888975616967018 0.046737069622029226
0 0.6335743836879189 0.1866042875844936 0.017924137464470632 0.038993077292171364
0 0.6111876485873722 0.21600351701346904 0.025381362306778413 0.04878761722893979
0 0.5267358499134034 0.3136175332641022 0.02751199797600946 0.05158605721087365
0 0.5515120198550236 0.2814882638908743 0.024683037079624163 0.04048081497896121
0 0.5740596603988671 0.2565882170530016 0.023085060327700968 0.038381984992510776
0 0.5291118731515109 0.15696243498821133 0.0658793715924708 0.29276496967423565
0 0.48572431819931194 0.2828867571200764 0.050888748043059484 0.0796026452832386
0 0.5026231231851429 0.3509455952239163 0.0522211733103021 0.045748249857150335
0 0.4711708867832922 0.3805497825120141 0.02885394497635143 0.04192831734946785
0 0.41808572193598925 0.44060261422231256 0.026250892684302498 0.04119651910095797
0 0.44312069104945206 0.4084773683807129 0.024135317588694 0.03908964205125095
0 0.3951663279181349 0.47068535952025814 0.026160529242568023 0.03704714150759698
0 0.40995154925464555 0.5169197299426698 0.05296468025832365 0.05612974090380934
0 0.39501052581701934 0.5848294551223404 0.057180769875918205 0.059651932070996554
0 0.35538967021837214 0.6091181674066309 0.022672885999372693 0.04321487845484193
0 0.3289929326643951 0.6443353287851097 0.02697933905870161 0.050886447215390145
0 0.1647853718436812 0.8379068775251185 0.0251705142760646 0.03910573617776413
0 0.1839610928667591 0.8133003062421912 0.016632911025518688 0.027220413317801867
0 0.20524485869863432 0.7869970158817233 0.024075075294204388 0.036323390322343774
0 0.2251969772372402 0.762402515193681 0.019311266185679722 0.03141002622744606
0 0.24826221612476906 0.7375105154190648 0.023662900965875994 0.04115628378467477
0 0.2831664357820472 0.6920486630692896 0.017773531728246313 0.032077447969903035
0 0.2664102707472876 0.7125420685435108 0.016175554976323114 0.029978617983452683
0 0.30458098590997446 0.6716276811643781 0.023069999754078536 0.03769042206028394
0 0.24218225579493913 0.6481741676813256 0.03112012580818413 0.0509508237214432
0 0.3216039159017295 0.5556704263214558 0.026964278485079297 0.050194884283163314
0 0.4635001375127186 0.16216854787628932 0.03653707842299581 0.06209630126963884
0 0.3196359276691619 0.1824153066515753 0.04241138708700318 0.07048357415218374