0 0.7556759743535312 0.16946638167228292 0.07553414332403957 0.21599638902546578
0 0.7937047611550119 0.42222745960573266 0.08162141223061933 0.3054295941145929
0 0.831388968388639 0.6990824467511887 0.07389116604022078 0.2661702615134124
0 0.8610874316525885 0.9113763303694937 0.06052819321391771 0.17724733926101266
0 0.5930628281512024 0.35059827795571236 0.05115425470045763 0.04159886551207066
0 0.6414347781128856 0.6566272166003716 0.04851201062252499 0.03999415281575137
0 0.6138957621069281 0.6384167661077511 0.018493507617153383 0.02432836722017236
0 0.6747908737867554 0.976308075796728 0.043492181479063 0.047383848406543985
0 0.6845797936707735 0.9411867881979409 0.014571931234072046 0.016410953401065256
0 0.6420260238411905 0.9478818907723724 0.011902560976386102 0.01411467777251897
0 0.3374220407463611 0.257718262463068 0.11873525465018836 0.4099256565998185
0 0.3709460383000682 0.48769332353453365 0.05719607496103494 0.07726743135299755
0 0.3881763351499465 0.5718774442938285 0.06503702679882205 0.10619763733714857
0 0.4256160492461742 0.7635903135075095 0.0994096391741915 0.3117773250968678
0 0.46286257869156605 0.9502954469457126 0.07818959297222773 0.09940910610857501
0 0.28746345516744415 0.9633583190175475 0.035135832225966515 0.040916590086730084
0 0.02597923276482848 0.2217474256877465 0.04425463047976892 0.24709097862307253
0 0.033446635446253994 0.36609340783934713 0.024374771727587695 0.042752177121801425
0 0.052219108110254264 0.35150358017100947 0.02559544981647841 0.07387250907200889
0 0.05503142709107591 0.4758076385063468 0.052929176065532824 0.17890966746059841
0 0.08636260594153149 0.6235753453755656 0.04078688132812045 0.1323801666061646
0 0.1093916878983968 0.7306562764127773 0.03471793488779013 0.09602003783301091
0 0.1308001593748234 0.8358753480203025 0.038445226155847965 0.12528726781840366
0 0.15429148685167982 0.9466086764052207 0.03577805682653797 0.10678264718955845
0 0.09421896427794982 0.5608379029381598 0.03966810517311457 0.14331222142267447
0 0.1173847775977687 0.6648289594635374 0.025159230012052464 0.07590288050231624
0 0.1314438698645283 0.7339228903480896 0.027121118667781153 0.07331389823890154
0 0.14724453995642775 0.8145384030303173 0.031747975724444 0.09921194829590645
0 0.1726413028011307 0.9359514849604852 0.025213482371558724 0.0772860063667699
0 0.18749255660167075 0.98547094454375 0.025409968414958323 0.029058110912500174
0 0.30160907077478166 0.922870441292205 0.027017015805520482 0.04435688981812088
0 0.7644095037698502 0.3986973350222913 0.02423693990044622 0.05238974080660393
0 0.7583533774748298 0.44814872842995307 0.020069026971210747 0.051343638943391834
0 0.753265732881985 0.4894121600668256 0.018626937587543163 0.04088156022724319
0 0.7470354873469451 0.5212730160690761 0.014269141400035735 0.03499451783844342
0 0.7423851630227142 0.5539583871026729 0.019280166829994047 0.04438369225475051
0 0.7352531507706935 0.6022838013792481 0.02630733327518742 0.05256701027209655
0 0.7266079322930585 0.6580612971280123 0.028838871705731742 0.06450084958544534
0 0.7176496622840748 0.7124335083291364 0.0238549724555265 0.05580323810136493
0 0.7114307789105356 0.7577355241434368 0.020261111157858273 0.043089201123043
0 0.7026092402645053 0.8090178608327266 0.031998714127349684 0.06614987964813795
0 0.4206391382060421 0.5512227747291839 0.025434893666335473 0.056627753132711234
0 0.4451913305662131 0.5919224217374914 0.023231070321204608 0.03989729066014778
0 0.4701254903713037 0.6292085714510379 0.02720689906379232 0.049197830343708705
0 0.49565862705933894 0.668613727327638 0.023011859954803662 0.04746016554826978
0 0.518537057043753 0.6995206998688371 0.02513870661742704 0.035925182532279415
0 0.5412516294854601 0.7328259839896434 0.022767724337025567 0.04123609915822829
0 0.5634079143138525 0.7650496063457363 0.02413063610980951 0.03652811073175993
0 0.5815737068455924 0.7941745967251235 0.021596896750889383 0.037689649764347806
0 0.5997259362874557 0.8229538056383969 0.022959808523673325 0.032981661337879456
0 0.6188726731470602 0.8507843048860768 0.02203311655531524 0.03565927833404047
0 0.6371751970417537 0.8768194207536295 0.020398942984999894 0.0334516374382405
0 0.6544832135187063 0.9038032462867764 0.018274297250752553 0.0318912421082942
0 0.3053818106888422 0.9939809389714225 0.02462110827374174 0.012038122057155095
0 0.28830106534722727 0.9934491305749448 0.015304338087406336 0.01310173885011056
0 0.30820772066486457 0.88725030652908 0.02206024273506831 0.0363508412662673
0 0.31324001243401517 0.8511514382007223 0.02284910287628489 0.04331078795490879
0 0.32098346419466917 0.8118385007262824 0.020152606438845994 0.040322949394135665
0 0.32746004627586306 0.7731063327681368 0.024374771727587605 0.042752177121801425
0 0.3340337709145689 0.7236992567268482 0.02608812290878647 0.060129885160218555
0 0.3424473164001142 0.6685911652271243 0.025353515127076145 0.054553064336030736
0 0.3509953923202373 0.6234885775615028 0.019223713542111987 0.0560959447362335
0 0.3574855374913078 0.5851021910694705 0.02317241610494651 0.06470492148756744