0 0.19509377497397035 0.49932125318872184 0.11035533821709728 0.9986425063774437
0 0.7284813971238074 0.4972470703865552 0.1087266737219834 0.9944941407731104
0 0.5872522519789294 0.9408356010441911 0.011936135875223772 0.1087588894544669
0 0.6354510639652701 0.9049636863495188 0.025076990971388435 0.06539445568989875
0 0.6028257063731699 0.9378168994865009 0.012551886619272028 0.04863504101175308
0 0.6036177468870454 0.8762332361347093 0.009685733258095975 0.044266135831278496
0 0.5891197116117082 0.7006687995642862 0.014997168862102683 0.22759103752720475
0 0.5940318194088052 0.4199096404833432 0.013822145130455724 0.20947087967951553
0 0.5894106549060382 0.16349329682049815 0.018264895296925616 0.1812521683013341
0 0.5986300644559124 0.23369251179083472 0.005506234762864488 0.033367059882962034
0 0.600705714381127 0.12754573895709043 0.010256900534781168 0.1072969666360373
0 0.5352378680709646 0.11392752614696802 0.02614787932339506 0.018314085508054294
0 0.4702726158248394 0.544750164076394 0.05159249874619697 0.9030545360166705
0 0.4414466062654921 0.989780987866516 0.006969795588414519 0.013094068085312782
0 0.49577409932553457 0.972696955148194 0.011390254021203004 0.0464526963308674
0 0.47684816162837435 0.8540355477329516 0.009458164454116668 0.03774439670084371
0 0.47784173710131894 0.8022302772581086 0.01164310824784661 0.0536990731424616
0 0.48650569624166795 0.608374942182501 0.01457022989894655 0.013153089547162928
0 0.5222738499997609 0.5943327980247386 0.02694362171507667 0.025564678138352084
0 0.5210475070005395 0.6294777255609705 0.02757426043719418 0.012529631514889778
0 0.5258450819734012 0.3675549303714687 0.02878646388059205 0.016161251558093972
0 0.5094483947315 0.29306480286667413 0.007021863278234564 0.045694332100079435