0 0.4043282080811458 0.20926121375806242 0.0641294445260423 0.06339128670331778
0 0.44055492774443406 0.4789534020532853 0.061689579860965724 0.05660964169706352
0 0.4766886258115479 0.7584600814376902 0.06254770115874816 0.04579601076975155
0 0.5378150638312713 0.8239185328116466 0.028182583919524194 0.04688152333595933
0 0.5805284011201671 0.7843126582987718 0.04702959034907098 0.06528722295935792
0 0.5433201723526069 0.7711622271513959 0.03644300365517651 0.05776600740034656
0 0.5278174745678427 0.7138427625925927 0.04381430882885233 0.07067238885335203
0 0.5711821720479197 0.6884570866517292 0.052757082019880115 0.07615202559678001
0 0.453540403114412 0.6147750183266684 0.04428990117762686 0.06188459160005178
0 0.41809482323152386 0.5769310208158996 0.03837628270728462 0.06454371612120764
0 0.3855750175160206 0.5326790998606483 0.0422222065044323 0.06119225647201117
0 0.3543682075328221 0.4918219376939172 0.038045464936722895 0.059130996229462045
0 0.3089717791043481 0.43020872423541745 0.03881052283473873 0.05507932888143905
0 0.2774910002040052 0.38968788891922396 0.03636029921253626 0.05641282742741016
0 0.2462738730672726 0.3572920378687384 0.039606573996948856 0.059819395072109476
0 0.2511064018400714 0.07505757451936872 0.014711617083157333 0.017021029367317857
0 0.3212963713978575 0.8753736705989185 0.01995315744806628 0.04478877281026537
0 0.29310326130683934 0.8474012403155312 0.022982395775935662 0.019790369879479824
0 0.360572545660164 0.9857061397583693 0.0166345371781392 0.028587720483261383
0 0.6412983747980654 0.9343822526924875 0.05649966706731936 0.05454050888372818
0 0.6263591532832792 0.8885746586171265 0.044517380198479804 0.04903725442794203
0 0.8795743511963137 0.8627888348695889 0.01589019719437538 0.019735261883976826
0 0.8606132708276052 0.7418128354445755 0.03069479407011537 0.06313149186737523
0 0.7945036393172442 0.6583775140044948 0.06690021056886433 0.0424484874059481
0 0.7648361753902212 0.1860013574800258 0.040940120429138034 0.10649229528223605
0 0.507087144513773 0.049631695334727034 0.04701923139194486 0.0734023665115834
0 0.5347219996169683 0.086738090435435 0.021896795457300274 0.043451337978901425
0 0.5525352423171014 0.10210700769051302 0.0264560659740176 0.043486764547439015
0 0.5736309743479963 0.1259628219168916 0.027303828314673807 0.040788277172352345
0 0.5932483017613056 0.14913023730062275 0.021865802193106094 0.03465960444020789
0 0.6116560139956105 0.16721141892966318 0.02502937253487832 0.036712992111970884
0 0.6341733017906737 0.19683202503989722 0.02903034626018063 0.044183035960872585
0 0.6566440578858537 0.22306771307509368 0.02649741819533767 0.04416335453390722
0 0.6789442256171896 0.24794825299465723 0.02996081304347744 0.04283772855872239
0 0.7202052228956825 0.2942988289036918 0.039947750724636584 0.05711697141162978
0 0.5510538320077336 0.9597421172277262 0.01805087166015236 0.046802797628097866
0 0.6407222821769969 0.01919369516615355 0.020480460975286885 0.028562421991207947
0 0.6621074797571331 0.0383133794872547 0.025194781420159067 0.03941935205784371
0 0.6856534354102306 0.06354205511353501 0.029412875209188546 0.04215720228686105
0 0.5184335260199363 0.009105181141013717 0.024936392742295546 0.010337791495890295
0 0.31987798853983923 0.07762267929223064 0.02771735052787602 0.04755417703703439