0 0.5384326171875 0.9756714471968709 0.0425 0.04865710560625815
0 0.5001025390625 0.9659322033898305 0.00947265625 0.014458930899608865
0 0.4445751953125 0.9505932203389831 0.0614501953125 0.009178617992177314
0 0.41384765625 0.914400260756193 0.012451171875 0.007418513689700131
0 0.402529296875 0.9489048239895697 0.024345703125 0.040084745762711864
0 0.44654296875 0.8732790091264667 0.0586669921875 0.010176010430247719
0 0.6181005859375 0.7855475880052151 0.0469580078125 0.09091916558018252
0 0.7238134765625 0.7925032594524121 0.0403466796875 0.00848761408083442
0 0.7279345703125 0.6654302477183833 0.0359326171875 0.08658409387222946
0 0.4292236328125 0.6511342894393742 0.012685546875 0.012170795306388527
0 0.3515380859375 0.5420599739243807 0.0585888671875 0.086870925684485
0 0.28673828125 0.5243089960886571 0.0258837890625 0.08916558018252933
0 0.349951171875 0.26496088657105604 0.062939453125 0.15170795306388526
0 0.2689794921875 0.22165580182529335 0.054345703125 0.09063885267275097
0 0.209375 0.3165123859191656 0.0139111328125 0.14470664928292046
0 0.30671875 0.17202737940026075 0.036494140625 0.030117340286831815
0 0.310419921875 0.10596479791395047 0.0270947265625 0.09701434159061277
0 0.406611328125 0.08057366362451107 0.0248779296875 0.018428943937418514
0 0.19744140625 0.8222555410691004 0.0413427734375 0.015664928292046937
0 0.2361962890625 0.8003650586701434 0.01142578125 0.051838331160365056
0 0.209658203125 0.8050260756192961 0.0123974609375 0.01423728813559322
0 0.7007763671875 0.6024771838331161 0.0098876953125 0.010625814863103
0 0.699609375 0.6371838331160365 0.008486328125 0.012679269882659713
0 0.612353515625 0.2823728813559322 0.005283203125 0.06900912646675358
0 0.609072265625 0.39539113428943934 0.00462890625 0.028911342894393743
0 0.439091796875 0.3480573663624511 0.010166015625 0.020840938722294654