0 0.813499164519881 0.5422897295542244 0.18538544412759406 0.9154205408915511
0 0.28429848485431 0.5037061717740927 0.18927490868443103 0.9830823239010299
0 0.5729663100409463 0.3288279130021443 0.07532479131605531 0.5747508561678042
0 0.5068594716636963 0.8520686716254313 0.05201919630881849 0.2958626567491375
0 0.3615253081473558 0.948233231647087 0.01775469631016431 0.07401515403753892
0 0.39872661905288176 0.6692895485434656 0.012740778867009103 0.039025858281777376
0 0.4146845937428076 0.5470982861287083 0.02461444960781779 0.16190300051793782
0 0.3786575581466829 0.8235647907940171 0.024081958887374705 0.11558524236948059
0 0.5224925986704814 0.27889189833099687 0.03402645328323512 0.0278880866169776
0 0.6179814845051598 0.07535665746448728 0.016630243423846072 0.05731896064799934
0 0.5342479140089813 0.5187525030193181 0.02197287136163791 0.10172854625883326
0 0.47888663184183805 0.7647639294899418 0.010454693382621717 0.020096698403014104
0 0.5299604977894586 0.8052944176674531 0.0114646134447047 0.01798183880528152