0 0.9100523090410074 0.5163305610294482 0.13974389663912906 0.9673388779411037
0 0.5091724562448736 0.5102719798977944 0.13342959671700907 0.9794560402044113
0 0.21006429039614388 0.5153467863535472 0.1484795957491379 0.9693064272929054
0 0.5659086597792223 0.1266627555343577 0.030241256585343112 0.17037626673135295
0 0.5928658440974466 0.4450455407616272 0.013035268531236446 0.02391393956222424
0 0.605570524484677 0.683624158849698 0.028738250573318837 0.17031783896380576
0 0.6245576688338956 0.9001229148418195 0.024885227662864596 0.19975417031636092
0 0.7461971845293374 0.8773516957941395 0.0564567272734641 0.04098378188385213
0 0.687266861661498 0.7342832094162315 0.02200421035257602 0.04499469557297036
0 0.7341572941602861 0.6003442230104298 0.04222458378882505 0.031067639453679317
0 0.7141477853566962 0.313664056827994 0.041120536094601715 0.026343279308781675
0 0.6724123065236361 0.270577438487004 0.025540379719548506 0.046469715116256534
0 0.6494371750942591 0.24995537271007412 0.027674080702872188 0.12145572383663039
0 0.5401201281844356 0.19521309821240382 0.020656197462161862 0.07503727381061819
0 0.5511782849518083 0.3237138351373941 0.024212305741022688 0.05444341586276557
0 0.5581589709899568 0.40290092937869565 0.01871050012396254 0.07763674629190724
0 0.5715648855690116 0.6047240528782226 0.033076191760490856 0.20860678086318296
0 0.5944664656621994 0.8747972114860602 0.02740867053696096 0.24717554835508354