0 0.3051740898087593 0.6680021402314806 0.026840237411221383 0.12810007827969436
0 0.3357486401910064 0.6847140868330506 0.04194314579650554 0.15172184965237484
0 0.5233791351304272 0.8344184342126371 0.0671141940086226 0.07241742259111184
0 0.6212636087147597 0.47321894103633166 0.033589869504840615 0.06386117009602102
0 0.5757096848676335 0.15723262233892402 0.033406947375018585 0.31446524467784803
0 0.5495816972609521 0.328147868232991 0.027783671097109698 0.05068124042927854
0 0.4408802840038616 0.26949624042963033 0.02636117265124264 0.21520079718128607
0 0.45702832440901414 0.5198098347321977 0.021039403378203685 0.20133332797776005
0 0.4764736222132055 0.8226761767908394 0.02667816890710956 0.3188990264563216
0 0.3446313213083912 0.19518185006736266 0.015480878684425135 0.042289947147361576
0 0.32548783244564045 0.3520280590820682 0.019117176090434007 0.05337909443565045
0 0.8688579528739045 0.707205220905833 0.03867866089799614 0.12680949051043583
0 0.8914664339510899 0.7035703768451954 0.022002897272874154 0.11354506953938497
0 0.8936972142241927 0.8526404109967888 0.02096154279386193 0.0810456351201669
0 0.8980358261022436 0.9377006399629676 0.018553299537543363 0.04162252458779421
0 0.5230946094385186 0.5531955056786264 0.040411997808088615 0.03349677540513251
0 0.5840770707411165 0.6371236099115413 0.040052500883872515 0.11230276251544537
0 0.47629644354566947 0.23601354690854917 0.03388223459414116 0.03759384885773119
0 0.5122726073276186 0.251991684925738 0.024870938497317953 0.02231509002164859
0 0.6829663487630757 0.0892401799290367 0.13508383624250764 0.1784803598580734
0 0.5365566249393365 0.02630214854523705 0.017212628760660563 0.0526042970904741
0 0.5787353360311889 0.40160016244070723 0.05382327653470119 0.02184883723424452
0 0.48829634928430526 0.5347868389100355 0.026270996483617637 0.029930329067030345