0 0.29761704216047813 0.9982929903379458 0.021210807572842993 0.0034140193241082636
0 0.32361423225371866 0.9921439629915646 0.036599239886361934 0.015712074016870907
0 0.5009594275276349 0.6615437046576872 0.14089322433852947 0.6769125906846255
0 0.462484310301551 0.3370132305717402 0.02408164146852887 0.038011320906605826
0 0.5003614828277638 0.49361771113249103 0.01408673340326061 0.04217622469212808
0 0.44609890321092494 0.4560600957338461 0.007916214600815152 0.010714768855004973
0 0.4606632792496725 0.532403666524595 0.014160732884612393 0.043480005656925995
0 0.40003357274620294 0.14660626512631475 0.04759544748833022 0.21194529534642217
0 0.4229093686494634 0.18912391518238883 0.0198126786829822 0.022885063281006233
0 0.2703976782298907 0.07294753972121835 0.008256496888111364 0.008126175001183997
0 0.3403340494711433 0.16347550892312357 0.011408182832167046 0.012151326350226428
0 0.651754925639553 0.2510257245437406 0.022971649248250348 0.01845460643463704
0 0.26010929040641234 0.8101617626537339 0.02088567116258455 0.04178988727057599