0 0.039443359375 0.3711342894393742 0.071181640625 0.1426857887874837
0 0.1821435546875 0.08859191655801826 0.043681640625 0.17061277705345504
0 0.168232421875 0.23558018252933507 0.011884765625 0.12148631029986963
0 0.1930078125 0.6479856584093873 0.054306640625 0.7037940026075619
0 0.4398388671875 0.08886571056062581 0.0088525390625 0.08116036505867015
0 0.485244140625 0.1214341590612777 0.0203662109375 0.01602998696219035
0 0.602412109375 0.07039113428943938 0.033916015625 0.10880052151238592
0 0.6775244140625 0.08822685788787483 0.0395458984375 0.1561212516297262
0 0.68806640625 0.22547588005215125 0.0105224609375 0.11716427640156453
0 0.4290087890625 0.5046544980443285 0.009892578125 0.4234941329856584
0 0.4390380859375 0.5016949152542373 0.009658203125 0.08293350717079531
0 0.47984375 0.36468709256844845 0.0272021484375 0.016479791395045632
0 0.4802001953125 0.8281942633637549 0.01458984375 0.017953063885267274
0 0.4316259765625 0.8963689700130378 0.00625 0.2072555410691004
0 0.443125 0.9145501955671448 0.01021484375 0.07735332464146023
0 0.587939453125 0.7992307692307692 0.0303564453125 0.058513689700130385
0 0.6019873046875 0.9205215123859192 0.0076806640625 0.0691851368970013
0 0.550400390625 0.8794850065189049 0.006826171875 0.08347457627118644
0 0.6719091796875 0.3978161668839635 0.0356982421875 0.22250977835723598
0 0.6629052734375 0.493129074315515 0.0343310546875 0.09545632333767927
0 0.683134765625 0.5640808344198175 0.011337890625 0.030860495436766625
0 0.695068359375 0.6070143415906127 0.0122021484375 0.03307040417209908
0 0.7071728515625 0.6443546284224251 0.0078564453125 0.026205997392438073
0 0.7244189453125 0.6979791395045633 0.017763671875 0.04767926988265971
0 0.7522216796875 0.7904823989569751 0.0186376953125 0.06007822685788787
0 0.7791455078125 0.8852151238591917 0.0161669921875 0.048337679269882666
0 0.589560546875 0.5926336375488918 0.0276904296875 0.11113428943937417
0 0.5931005859375 0.42488917861799214 0.0284716796875 0.19430247718383312