0 0.8130721509497169 0.9124558114488334 0.08850684298606852 0.16232693985800492
0 0.7923488892410891 0.47165962895806735 0.25587686430357265 0.8250632533968884
0 0.6581468949459311 0.7523585517154324 0.0444764977637602 0.12411118892816077
0 0.47755247750293833 0.6763237742905969 0.062221352595796475 0.047149190742687946
0 0.4474981655724962 0.9795463042193565 0.06049970303203239 0.03360951844253789
0 0.5017970310489763 0.38734899693160013 0.06294048171011304 0.05121266694689018
0 0.5323898809218564 0.11252750129293265 0.039637543513557826 0.051031597818809005
0 0.29379941603281123 0.41398883087129557 0.2004583198362574 0.3275413087899633
0 0.439743175012186 0.11696711830274278 0.012483813138112176 0.06434690185155428
0 0.5406679889824614 0.49119942987580956 0.050671503589651175 0.5035718916312083
0 0.5105377398442156 0.8877539832259466 0.02447145542552166 0.21593454910357582
0 0.6578781816973036 0.24005222823429984 0.053421390800159896 0.1498806526948484
0 0.3946781553097054 0.7794294089056687 0.05496244919204525 0.13095581450070423