0 0.7238798156085056 0.6369534535297491 0.02724474129054157 0.12483034354807192
0 0.7058974439414097 0.5914999361786416 0.012706875515885905 0.01718932342282901
0 0.7453193632919627 0.4066830701712988 0.01151724701312395 0.032846407832064994
0 0.7317452272415851 0.407500986595928 0.014387251525069077 0.04070188443395564
0 0.7604393054063908 0.04680584782706523 0.010593293836510472 0.01788499912137333
0 0.5571174875203508 0.13138047275022996 0.013481912831127077 0.02645272643551491
0 0.5452000404277373 0.19558870256517252 0.021310118094759568 0.020104626326657594
0 0.44720200073918154 0.8421369520838767 0.014014961871638925 0.026456870188941394
0 0.466252961579883 0.4204277050762967 0.1190730873388705 0.8408554101525934
0 0.15645672083689338 0.5804546118946559 0.019582367982738273 0.07634757007390408
0 0.1760221614272267 0.6048801582206609 0.015905169758956266 0.01721418594338871
0 0.16393293802003367 0.5095131503407444 0.011696620882877002 0.019317788052728022
0 0.30185642766896353 0.6256300228890551 0.013004707238630024 0.028585334818840406
0 0.29851345223710934 0.6609195831728782 0.011070499429007646 0.0157523907380479
0 0.2956290679150808 0.6933559968542718 0.010004401347984315 0.01574410323119461
0 0.2381359278587148 0.7579185175871893 0.01820659465326118 0.08488214736063293
0 0.17196593648689626 0.8474823289338472 0.014969373056633395 0.022191653422290247
0 0.38466435847473285 0.9380840854435182 0.020597695184494787 0.03362910235256792
0 0.4206333251835649 0.9577515457836688 0.01415203420730147 0.052093752076540795
0 0.43577191567450835 0.9351934076216867 0.01493214409129032 0.02076715199778882
0 0.6707500846483414 0.919475051594951 0.010518835905824564 0.015035996272370622
0 0.6952381615193897 0.6528488037610148 0.012080754062016549 0.013623926108148885