0 0.8757554174420622 0.5443184962311742 0.16492497407423434 0.2911471191830524
0 0.806427458499809 0.08778425558857249 0.037611087601520495 0.017762145664583912
0 0.7782220514120723 0.21258854866887744 0.053237658497673965 0.04617629521318456
0 0.6767079760363304 0.728807601813166 0.0508311276735466 0.04888731291102129
0 0.654240540148165 0.9112395090871136 0.034552908231251796 0.06031510537011359
0 0.6289406749901575 0.9758769892927305 0.037169692126960835 0.027374750817996424
0 0.521729472244274 0.9624269007291183 0.01996664811820112 0.05733999567469799
0 0.5455526835077658 0.8335680852837665 0.03794701660088445 0.15793671453975217
0 0.5770682592077198 0.663019888452795 0.029098642702553898 0.131002117051054
0 0.5194003840719453 0.41552779874569423 0.020050800337744368 0.025047385092769606
0 0.5468652354778298 0.416475165416536 0.028405300478471385 0.035483795548090453
0 0.5741565601117786 0.36554882806230843 0.022520339095465497 0.040202067458936876
0 0.6807838346688565 0.1065709990132757 0.03789445333298886 0.16549404875332227
0 0.4875576243413022 0.027465002167056725 0.021479943327511346 0.048431154006112136
0 0.49323780994012895 0.09024679928591638 0.02773267761608271 0.058147795400995184
0 0.49806152871621 0.15441611640491607 0.03303961302194146 0.06922394703869927
0 0.30731046191105593 0.19895048885536343 0.04574480502011632 0.06667298509697103
0 0.30942352227742126 0.5094889495209532 0.11148784711008164 0.16595068950028172
0 0.09924748946339765 0.8003086771670588 0.18192829466196184 0.2831661190578452
0 0.1867181341309112 0.9305297996440084 0.01823274015646219 0.03738701351962964
0 0.30931937306741897 0.8815577346979547 0.03287156353740823 0.03280478900147535
0 0.3206480703285734 0.9487179261669558 0.030139208440210195 0.05543677770315849
0 0.4218264716595048 0.6736778210989159 0.02042910289385926 0.03123720627571321
0 0.389280647410316 0.6927354547038777 0.0315684364148283 0.045152420216140694
0 0.37307065823446395 0.6507304450419942 0.024968903536939042 0.03817880767031618
0 0.3621886637655692 0.6141394679879788 0.017129336454914632 0.02775040000280095
0 0.35337693118203334 0.5857615719055279 0.015584537278807525 0.027726391639384708
0 0.3461152625998792 0.5614822135210535 0.014985536985412919 0.02634287303314733