0 0.37934675936011897 0.17275716978924935 0.07568877496686513 0.24881252171581178
0 0.43947503645660263 0.2557210060938327 0.04908529653331137 0.08706706745734033
0 0.39872846589087274 0.4424650663485645 0.05479564161457236 0.10197589741364846
0 0.4768957069599091 0.6981929836149134 0.14639621562308244 0.6036140327701731
0 0.5436602315530971 0.574458251411086 0.025759429729276917 0.02806315442114903
0 0.4957857701614967 0.28706731285457254 0.02675149322134041 0.02812484415432501
0 0.31234845994983457 0.12781836867880716 0.02252965811492511 0.04175452512324569
0 0.07130340612550688 0.2822181307298539 0.02939370042682984 0.06599656799153752
0 0.09610395658521804 0.3550295392058518 0.02631360254726635 0.05985123389134785
0 0.15940179054034354 0.6264738289747536 0.024975595780709965 0.068367970814763
0 0.16094018053312345 0.7376168953587496 0.021099289212037048 0.04497324880162764
0 0.18589102683274863 0.7875651992822483 0.021295558751741654 0.05623152694732301
0 0.23097609570457395 0.9216367118559636 0.023868079618232004 0.06168376452529592
0 0.19334180408001492 0.8728886188013606 0.02618701934656091 0.08101244200489231
0 0.21596175064751924 0.968152105828094 0.02301455933066583 0.06369578834381215
0 0.24581003754385963 0.977039894126575 0.022287622243805146 0.045920211746850036
0 0.4767820869238861 0.9875457175363513 0.020926110206415292 0.024908564927297285
0 0.7406742937067787 0.7809593126119405 0.02255316338575841 0.07152500475996919
0 0.7526984146000987 0.9030304442898286 0.05004355369775132 0.1420339548745588
0 0.6569965023585647 0.26858422843700347 0.05418332772462524 0.038430583339838946
0 0.6424633595674822 0.14801450156524873 0.06527169356344813 0.21971880319200057
0 0.6990981565420521 0.5025786288442489 0.10256975454616431 0.45489799203484765
0 0.5744960871992173 0.10168950741037246 0.024514199835802435 0.07032388091506238
0 0.5912868844400568 0.8475799345049849 0.020741385933752278 0.02444344747712433
0 0.2816006117041661 0.8946195930502169 0.024052389154144566 0.04383381468989671
0 0.1989371449085976 0.4379970274144791 0.04526630156309529 0.03853762739688576