0 0.8194231435949916 0.7930959138024664 0.07285471005571963 0.31976466369947615
0 0.8113030193658348 0.41614277787146714 0.04936679493707757 0.1770627818942976
0 0.8383396413971821 0.4573154867954661 0.020342313395609442 0.08860259897542799
0 0.8364276160175409 0.36281274047541334 0.0157113445439615 0.04873977100601177
0 0.8079723936200272 0.25933281438513844 0.048751463620536784 0.14836686927360532
0 0.8052716125034923 0.12511059910282735 0.04492594219639476 0.12902387714550234
0 0.8035910647951313 0.03283012015696206 0.043690922807552414 0.06566024031392412
0 0.6026591785837427 0.9423370813780128 0.037120344996250346 0.0473418102939773
0 0.5885888447091967 0.9174996542835995 0.018031185725545885 0.042743108039348894
0 0.5592773644799109 0.9361211873137248 0.025523317466208808 0.06436108665160653
0 0.5686311202912776 0.788464563112522 0.011962011106809584 0.05737683941341136
0 0.5570308528138248 0.5845151993914783 0.015758505905487757 0.08899987548915599
0 0.5135956960713365 0.6554398350749924 0.031004009015987787 0.021715437184895388
0 0.5094537678579941 0.9162497673317207 0.02620541554519824 0.016640757474273186
0 0.5153898456665709 0.40677502362333406 0.027552184680134987 0.02491240692509106
0 0.5175195983565993 0.166660143772223 0.027498488184967935 0.02354441786900339
0 0.5569133585053375 0.07781672721699931 0.014599674503635756 0.08551618773464464
0 0.5673355982753445 0.005937013712233888 0.009375865827270199 0.011874027424467776
0 0.566895106805198 0.2863235568203392 0.01483913035400729 0.10463617696272413
0 0.44335283511498136 0.8480227529306584 0.013668699349733329 0.009720225350370272
0 0.2964395177598164 0.8928132311827606 0.045407032275017974 0.15429981712597593
0 0.2969467483730025 0.7618198431977912 0.03411622735779649 0.11402284091365897
0 0.2976219574618407 0.6743556804150401 0.02703335446452698 0.0637726647950013
0 0.30958037476472866 0.42951561103131547 0.04748306085047029 0.1551112418826044
0 0.3172194641540804 0.2970502254542336 0.04762383722202878 0.11963909909576667
0 0.3205421393402059 0.17890937449493804 0.046921426029096554 0.12778331831799963
0 0.3227451663069145 0.06495213459677063 0.04209816268860369 0.10906060560364801
0 0.32649087832073564 0.0075266672786604 0.037203068116881136 0.0150533345573208
0 0.3893822458109409 0.9579997347775596 0.033160582334190745 0.024578845525655313
0 0.39057881734977756 0.8969012188816402 0.034532021338830814 0.04649852798020257
0 0.3913984242335049 0.8327406563880968 0.035341825522097026 0.04109028687014462
0 0.3950697727817058 0.6449832154894808 0.03837567749903536 0.11838166853909127
0 0.4042181914563549 0.3547212251051374 0.057960412541686004 0.3829769923926204
0 0.40859486490779795 0.07031546891371784 0.037964240273761454 0.1406309378274357
0 0.42784105552593543 0.6556300881580798 0.017592900252688514 0.08365534949339061