0 0.745301647432661 0.47854166578226226 0.19796275442655345 0.9570833315645245
0 0.540056659712105 0.2837042358537058 0.09950330188355204 0.5674084717074116
0 0.4975594349120903 0.4922602653236686 0.022572492987910166 0.08440071800586842
0 0.465095750809255 0.7920714864910203 0.05435432964061943 0.3001769554790034
0 0.4452916087639992 0.8699922585962638 0.020317163821793677 0.07828467073942967
0 0.3938558842463454 0.1420661866902146 0.08168005603372995 0.2841323733804292
0 0.37057988416825194 0.3145785262134423 0.04807349228820404 0.11055398809830501
0 0.3573025432212045 0.43093571652704926 0.04191723096974944 0.10618720448806997
0 0.34495676714731 0.5316315966713663 0.04072681318995424 0.07889026707129235
0 0.32338198090211545 0.7185540635227572 0.06765449317711537 0.2631578292848838
0 0.21872869457133493 0.9010167686442866 0.044269497129101595 0.09172612225856713
0 0.24741050833488143 0.6708259626718894 0.07171534810930423 0.23087576086545997
0 0.2677412590871594 0.4554300462484203 0.06489129145096448 0.21119606114337405
0 0.29191978945841063 0.2544021845939728 0.06726767556368649 0.20868799106530397
0 0.3201803692221513 0.010229201275471543 0.03860237222369341 0.020458402550943087