0 0.8594964908985494 0.4815206734930197 0.17787828405714248 0.9630413469860394
0 0.41860901872671685 0.9179211049234275 0.04567671065070178 0.11800696077762238
0 0.4530655819851205 0.4242955128424643 0.13594003344076222 0.8485910256849286
0 0.16609833607371752 0.109682756572051 0.07880656409851967 0.219365513144102
0 0.09622355049856246 0.6040425675743337 0.11385039495694059 0.6998490639891857
0 0.661916548209789 0.5456279378606409 0.0399335447554994 0.05224372867680538
0 0.6622076044925579 0.8043569519352739 0.03336111584000784 0.0720895716138422
0 0.6466351083752767 0.8637412461654839 0.05933532629366632 0.05242899359157711
0 0.6950551563931577 0.23639802596936152 0.048720475867897135 0.059850884521090664
0 0.3711882746947699 0.9057384594623465 0.04605337121042372 0.13529802706004312
0 0.5702632189537791 0.9561901411149516 0.030911200793275802 0.03382965640600713
0 0.6521069656990481 0.723858577964682 0.057229062018139584 0.10415123810386037
0 0.4989956379158733 0.863790447059388 0.031849609375500694 0.22532135336785827
0 0.5284127447794569 0.5151490269121143 0.04756669295604391 0.37791730271822593