0 0.1578125 0.5010691003911343 0.06091796875 0.9978552803129075
0 0.4373388671875 0.45825293350717083 0.2001904296875 0.4328031290743155
0 0.33357421875 0.2981942633637549 0.0429052734375 0.015827900912646676
0 0.3608251953125 0.29514341590612775 0.0053271484375 0.009172099087353325
0 0.3686474609375 0.2809517601043025 0.0057568359375 0.00876140808344198
0 0.50623046875 0.06044980443285528 0.036962890625 0.1091199478487614
0 0.416044921875 0.12158409387222946 0.007294921875 0.2379400260756193
0 0.6036865234375 0.05350065189048239 0.026630859375 0.09686440677966102
0 0.55216796875 0.5029465449804432 0.0656201171875 0.9941134289439374
0 0.7166064453125 0.6713168187744458 0.02701171875 0.03000651890482399
0 0.649677734375 0.46900260756192963 0.1268798828125 0.36592568448500656
0 0.8412109375 0.5563363754889178 0.07076171875 0.8873272490221643
0 0.87166015625 0.09842242503259452 0.0191455078125 0.030482398956975226
0 0.851611328125 0.06353976531942633 0.0113134765625 0.0641199478487614
0 0.8776806640625 0.06036505867014341 0.019287109375 0.0233116036505867
0 0.8759912109375 0.021812255541069102 0.0130322265625 0.03734680573663624
0 0.3241943359375 0.6802542372881356 0.00939453125 0.01134289439374185
0 0.33869140625 0.8542438070404172 0.041884765625 0.02576923076923077
0 0.282470703125 0.8032203389830509 0.010390625 0.011571056062581487
0 0.2428369140625 0.8900586701434159 0.0097509765625 0.011095176010430247
0 0.20580078125 0.9730638852672752 0.007890625 0.009146023468057365
0 0.358095703125 0.7436049543676663 0.01138671875 0.030749674054758803
0 0.324755859375 0.7083050847457627 0.0164599609375 0.022353324641460233
0 0.348427734375 0.6899674054758801 0.0077783203125 0.010547588005215124
0 0.3765576171875 0.6837092568448501 0.0092919921875 0.008142112125162972
0 0.751865234375 0.7829335071707952 0.0070166015625 0.014641460234680574
0 0.7790283203125 0.8648044328552803 0.010966796875 0.013865710560625815
0 0.8043701171875 0.9419687092568448 0.0073974609375 0.010919165580182529