0 0.16605673638125917 0.17613587627233004 0.045831519797625224 0.3124512095327245
0 0.2983214113658116 0.26986972227511624 0.085084335298309 0.5233666840716639
0 0.5071256079895563 0.3201042771857244 0.021631911558140534 0.03955713270552325
0 0.731123881123492 0.29732985924692934 0.014679883849798727 0.014428829159089504
0 0.7505843907261263 0.2594563286703174 0.02549723638041584 0.06328501925546542
0 0.7802057941984467 0.33853839170559386 0.013537640676933499 0.025230650430803164
0 0.8133302604648907 0.3799949185379228 0.012477280242741364 0.023861724783348297
0 0.8336603160844185 0.4179270213761564 0.023057289980536175 0.036874391271428
0 0.9202046107064161 0.5523118504456712 0.023776227030652516 0.04297157398690103
0 0.9604872082794313 0.6173506163386473 0.047292913415902096 0.07850065812265186
0 0.9932656366331895 0.6736488222683511 0.013468726733621135 0.029400410071241015
0 0.476400920215512 0.5727481284513459 0.019934496812504917 0.01992027742342713
0 0.4592075501933993 0.5956933787207319 0.013501550394968862 0.009676953579293636
0 0.4971403895284048 0.5497477683211456 0.016411992125852252 0.02054175754908085