0 0.4975927734375 0.029602346805736635 0.0193896484375 0.05047588005215124
0 0.4935107421875 0.1889308996088657 0.017138671875 0.25041720990873534
0 0.489873046875 0.4196805736636245 0.01630859375 0.18848109517601042
0 0.4876416015625 0.7235853976531943 0.022705078125 0.4186375488917862
0 0.7382177734375 0.07380052151238592 0.0426953125 0.14093872229465448
0 0.73083984375 0.28691655801825294 0.0456689453125 0.2609387222946545
0 0.71861328125 0.7136375488917862 0.0500341796875 0.5657561929595828
0 0.8280224609375 0.9117666232073013 0.025244140625 0.05998696219035202
0 0.9539697265625 0.4536831812255541 0.0165771484375 0.053259452411994784
0 0.94240234375 0.6319491525423728 0.0189306640625 0.0896805736636245
0 0.9189501953125 0.6255671447196871 0.0291064453125 0.08246414602346806
0 0.929931640625 0.8441329856584094 0.032783203125 0.30402868318122556
0 0.8936572265625 0.7115580182529335 0.0339501953125 0.06663624511082138
0 0.975517578125 0.043546284224250324 0.01921875 0.07857235984354628
0 0.9685205078125 0.18365058670143417 0.0235107421875 0.17653194263363756
0 0.871787109375 0.03189700130378097 0.0851611328125 0.036779661016949156
0 0.83333984375 0.1182529335071708 0.01796875 0.0771903520208605
0 0.8886669921875 0.07195567144719686 0.0162109375 0.03734028683181226
0 0.67251953125 0.34971968709256845 0.017978515625 0.06648631029986962
0 0.70515625 0.3538852672750978 0.00458984375 0.09913298565840939
0 0.60044921875 0.7721642764015645 0.0223974609375 0.04576923076923076
0 0.6049462890625 0.2332529335071708 0.0259326171875 0.028246414602346805
0 0.885185546875 0.2764928292046936 0.0360107421875 0.041466753585397656
0 0.7564111328125 0.4810951760104302 0.0222900390625 0.03955019556714472
0 0.7870263671875 0.3681747066492829 0.01080078125 0.04467405475880052