0 0.135888671875 0.4167079530638853 0.0410009765625 0.82251629726206
0 0.1453759765625 0.9076401564537158 0.024326171875 0.18471968709256845
0 0.1988525390625 0.9287809647979139 0.0859814453125 0.1424380704041721
0 0.4689794921875 0.5001043024771838 0.0706787109375 0.9997979139504564
0 0.5196826171875 0.11647979139504563 0.021591796875 0.22848761408083443
0 0.51755859375 0.3817535853976532 0.0253125 0.15507170795306388
0 0.5165673828125 0.508735332464146 0.0257666015625 0.040971316818774445
0 0.5122265625 0.686251629726206 0.0268310546875 0.2211212516297262
0 0.5089501953125 0.8875554106910039 0.0227197265625 0.07873533246414602
0 0.8607861328125 0.9371773142112126 0.0168505859375 0.09857887874837028
0 0.881806640625 0.4317340286831812 0.0507763671875 0.8569556714471969
0 0.718681640625 0.32592568448500653 0.0536669921875 0.09570404172099088
0 0.7858935546875 0.13368318122555412 0.1138623046875 0.26265319426336375
0 0.6620751953125 0.48971316818774446 0.0208740234375 0.04706649282920469
0 0.2822802734375 0.4154237288135593 0.0422607421875 0.06693611473272491
0 0.3067626953125 0.31182529335071707 0.047158203125 0.11028683181225554
0 0.3909814453125 0.05275749674054759 0.048798828125 0.09973924380704041
0 0.3606396484375 0.1370534550195567 0.047958984375 0.06963494132985658
0 0.3400244140625 0.21379400260756193 0.0426318359375 0.08215775749674055