0 0.7185364619491369 0.8422422921130231 0.049266694646451066 0.28448144602180453
0 0.589574899576363 0.6969511341185468 0.10379998888352425 0.5818038365869995
0 0.38318004392416843 0.5846105257293325 0.03188393778403897 0.04384366244760133
0 0.12669582077946134 0.6075768864242758 0.02220899546940046 0.05351010782692517
0 0.17247549176205193 0.5718247642328956 0.027399076650603992 0.023955271037065677
0 0.112600542931523 0.5456136696126921 0.023913516393328754 0.029526568452555482
0 0.06057186314113709 0.44241684031707945 0.02402229760281496 0.045780136299140683
0 0.044967498983567264 0.40278640129345694 0.011009595704049578 0.010855092856127416
0 0.6051226780193119 0.24214231580844944 0.054555816449055106 0.16307525523936897
0 0.5765247558431614 0.05934776318693204 0.0807657881621983 0.11869552637386407
0 0.4400796408938606 0.15007376366604655 0.3409681392725878 0.13936811256328852
0 0.4466201410128627 0.04657369202632634 0.10968183389662746 0.08451801135118227
0 0.4369125700465104 0.007183602933620019 0.04331666551674961 0.014367205867240038
0 0.20519257468353044 0.46665282150834747 0.02826183795960639 0.03245417843800507
0 0.21626069958307323 0.37720443799666 0.03482632369717579 0.1188083017686763
0 0.23276310032986394 0.29789337901338986 0.035776864521587855 0.10257942283995267
0 0.36977683864845573 0.6348270723226269 0.025164894709726607 0.04792646595250462