0 0.833266957597014 0.7666749631704846 0.055850555092615696 0.02615145120911267
0 0.8527610363767602 0.47860629961132506 0.21047901869059532 0.4289938298555886
0 0.7830785140710297 0.45223995548588847 0.04630508852586211 0.045820153587463906
0 0.7303390285681379 0.14630712542043423 0.059907012917683626 0.05901502454281759
0 0.5876022053679596 0.10958065710493235 0.05020441073591914 0.20168335701553505
0 0.6272259568413063 0.38934261767445333 0.06848989807172792 0.3249695109983331
0 0.6927621323120162 0.7873841377184078 0.07838013294724812 0.40302447716433226
0 0.5609034268997177 0.8741704151946631 0.05057055320741047 0.11558759544792903
0 0.5533820928096168 0.4623382974413685 0.06243689210556182 0.1506225373192783
0 0.5110863636990586 0.4695396582726486 0.04651392628338647 0.14969181388730723
0 0.447566800015263 0.5481624947034812 0.19238141769697614 0.4259792868518828
0 0.35961881174480115 0.7504329006679541 0.24183369121779127 0.38096347115683926
0 0.31236765858777116 0.659838961982776 0.10210301143170689 0.21342316915432324
0 0.24353700409367998 0.7185622851251321 0.04340881321805896 0.14076009003823353
0 0.35488430760360246 0.11211526426742652 0.07585059195728207 0.1774813808417057
0 0.3357981473018002 0.3315141087302946 0.043712270542501805 0.036896388735291295
0 0.5207475280722823 0.17550979978245068 0.04614829110876289 0.034884200135664345
0 0.4697846008494731 0.18325985219445956 0.024726009936190684 0.027717935982290533
0 0.7882598422281742 0.10586461810808949 0.1472164057678239 0.18952363486272739
0 0.8343088677625305 0.11819689631056143 0.07120859364605292 0.16852578000192958
0 0.7422313453617628 0.2445518686590761 0.04554188375674492 0.041708227422300334
0 0.7480434946010566 0.5740143792629514 0.04204967680459131 0.1352722158200818
0 0.731519401555436 0.5590657475045334 0.03357070323244169 0.12215693483373687
0 0.26109755807728857 0.17284257740979272 0.1320773424816666 0.27675657457629554
0 0.9901664726097623 0.5609775839797556 0.019667054780475396 0.14369504307293088