0 0.2915519822073495 0.7204810495626822 0.3370074312219253 0.5590379008746356
0 0.702236103466216 0.5178571428571429 0.1932705719837742 0.38629737609329445
0 0.8785457319987441 0.5983965014577259 0.12757699765322728 0.27332361516034986
0 0.7167732345446096 0.8950437317784257 0.06592263538897866 0.119533527696793
0 0.4775232033678122 0.6082361516034985 0.2894754065800624 0.48104956268221577
0 0.4878008987944257 0.5426384839650146 0.06619514660001001 0.2368804664723032
0 0.44656047946285654 0.3553206997084548 0.030680459902048977 0.06486880466472303
0 0.4704544607600455 0.28061224489795916 0.07761061401945563 0.047376093294460644
0 0.3084872719436403 0.36042274052478135 0.05482447400403683 0.03644314868804665
0 0.24066998617803975 0.08491253644314868 0.040362311443666594 0.029154518950437316
0 0.36923966274563336 0.6526967930029155 0.05683361441262649 0.06268221574344024
0 0.4492786901120334 0.9887026239067055 0.07619882415572689 0.02259475218658892