0 0.6965404471048041 0.9675420624749806 0.05372202609475692 0.029655386830420117
0 0.6356907416843636 0.687949998962231 0.05258933550724545 0.05276484999432833
0 0.5647668076399965 0.422558559027076 0.06318826261970009 0.05964672522985163
0 0.5010231156251418 0.16640224275691595 0.06051774945541376 0.057586120366548955
0 0.5024886445229448 0.015464946448092851 0.03552718721289586 0.02339441809342449
0 0.54509216683449 0.04639380793440335 0.021218593594640876 0.03076263777742606
0 0.6038641958185202 0.10872600223343952 0.04298791493107698 0.06220950537105005
0 0.6755939022702607 0.19155738706693284 0.044504998138120505 0.07038068609188124
0 0.6977268348400562 0.25394476249087455 0.044172495959358134 0.06493850922113294
0 0.6859639400197283 0.31130902446752173 0.03204607393855318 0.05804476086354659
0 0.671187660171486 0.35267106105692825 0.036586995891258974 0.05740010812089251
0 0.6622148029982677 0.4015576467708347 0.02146797022871254 0.03484427043048725
0 0.6544733374927707 0.4331151033923258 0.01893255708276881 0.026665174294947244
0 0.6492153526760062 0.46367194038732346 0.018371417639666574 0.0341402520775173
0 0.6432091959405858 0.4986426306750954 0.021758909635129324 0.039606175192392006
0 0.6357846570783316 0.531222474313529 0.02387869505762021 0.04098255023949679
0 0.6298616258876018 0.5675537088189879 0.02277723957402953 0.03961409060710086
0 0.6214758953943119 0.605225699005362 0.028533893626054827 0.05053802142214142
0 0.6131213579885016 0.6350785176473899 0.01922349648918559 0.031427079056852006
0 0.6067359304513203 0.668006412754954 0.01969109868629057 0.030750764655362972
0 0.600755760952726 0.6992375852977636 0.017020585522004233 0.028690159792060303
0 0.5932013279227827 0.7338562664090507 0.02460608559010363 0.036228560892300726
0 0.5898293274299566 0.7661276356518976 0.0187974570644262 0.032783665567184574
0 0.5842128531976041 0.7949818135211092 0.04697819317486953 0.02756312030828234
0 0.8010963908136159 0.7796689095477004 0.023940997199697136 0.05866170965472006
0 0.8111914848565975 0.7324909195206114 0.06554709700783809 0.039946538024869804
0 0.8461052640376507 0.8874507096502356 0.03669086080568102 0.07575953964495948
0 0.7063757107959661 0.9411004986455566 0.028845656435085628 0.03898131098650999
0 0.6791874434369202 0.9000922233082563 0.01571131617668724 0.02392033961544684
0 0.6641879002407559 0.8836568557437655 0.015752878949032365 0.02460061172429038
0 0.6472815913344805 0.865166819877004 0.017405062174418503 0.02665330117288404
0 0.6301882499526515 0.8436155595204464 0.018122041005594912 0.030058619424456076
0 0.6076239880745605 0.8199819269101372 0.02680899655728522 0.03896548015709228
0 0.5749906193903142 0.8397867665819543 0.03536085209063246 0.053990832161966276
0 0.5637161501697047 0.8801560989595765 0.024429422799415665 0.04166678005569437
0 0.5553408313777217 0.9096687815471823 0.01808047823324956 0.02937834731561254
0 0.5511895078952016 0.937514424375192 0.016802359958970916 0.03344810684661072
0 0.5462120927999882 0.9643337224789045 0.02269411402933882 0.038253546389413945
0 0.5544002110506527 0.9964120090247841 0.0337607273717809 0.0071759819504318735
0 0.5868205180060782 0.9938551654446172 0.01474496071143917 0.012289669110765738
0 0.5733069909788014 0.9455057561894542 0.021083493576298268 0.03688112904966351
0 0.5522862197089919 0.7597162740354352 0.03591157983242792 0.05467506197816385
0 0.5213363533869346 0.7237783778556263 0.028710556416742788 0.045099802258747476
0 0.49547293090872496 0.6919597125487454 0.026923273173013927 0.049165604082391144
0 0.4693601317964437 0.6560594145888033 0.033635955021862736 0.04241829089691713
0 0.24675125926520963 0.6026529624469518 0.1478020923669436 0.48663247382050445
0 0.3547299594637052 0.8581331910936786 0.07343394818366115 0.044087536288246895
0 0.3226419025883948 0.9649092799720868 0.03597388197450449 0.07018144005582651
0 0.30915444683082643 0.8785173813368025 0.01571131617668724 0.02392033961544684
0 0.38899645266125366 0.15703210348576 0.022891516189758352 0.049814214532399495
0 0.3391400164932537 0.09068951526604166 0.03760532583015917 0.057408023535601364
0 0.36374601805047496 0.16023557866225813 0.03358398054821049 0.04989732638684173
0 0.35153634443565585 0.20195753984285833 0.03187982284917222 0.05532367242817244
0 0.3409840598968763 0.24165253667266828 0.030695241820891065 0.05259466857808951
0 0.33274900495744836 0.27762582544061076 0.021842035179819804 0.04096671941007908
0 0.3263064391124026 0.3054536585855255 0.02539577826466362 0.04915373096032794
0 0.316767320678311 0.3325774733774704 0.02616473156949228 0.045080013721975495
0 0.30970127123164515 0.36685997614169 0.01951443589560261 0.036188983818756765
0 0.3036431820390137 0.39265095066742856 0.01943131035091202 0.03482843960106985
0 0.2958861409979974 0.4197886174351138 0.02426317171003448 0.03894569162032053
0 0.26307098770529197 0.41579382756579336 0.034259396607041664 0.052622372529570194
0 0.2960575139051496 0.4517475545750197 0.03468543603180129 0.051265786019237466
0 0.3265449838807554 0.48428211135693366 0.02693368487432082 0.04100629648362304
0 0.3479142530292582 0.513346047715928 0.018028503759597428 0.0368573828055371
0 0.3667896718041626 0.5349111600482259 0.026195882640530625 0.053919593429587055
0 0.38861096761425096 0.5588789921519254 0.029624937408338617 0.060065788653305294
0 0.4117623141558291 0.5879567804866602 0.025769843215771002 0.055276179939919776
0 0.43073643401094314 0.615302226890451 0.022216100130927296 0.04708916838967092
0 0.4453307191685204 0.6334343170196961 0.019077984769536094 0.045704877927857435