0 0.9685762106259962 0.48411489671803615 0.04205506715267349 0.18520765525506105
0 0.6768664652932298 0.07365516139663814 0.08410349063287766 0.14731032279327627
0 0.38134023864010536 0.38957567351532113 0.055773543292630304 0.2249913156294261
0 0.41860500540926415 0.6330609231670707 0.059919157941752094 0.24322095773718316
0 0.4413051309592033 0.8077227396907882 0.02556214032709495 0.06725195632514358
0 0.4562715038231353 0.9072566557532394 0.03659821303357549 0.10680609337653017
0 0.5172236953828121 0.8623588863271194 0.0781996875979931 0.07461594296841406
0 0.5807625663182079 0.8461971502314772 0.02583899202228575 0.030810814364936687
0 0.2254558968196534 0.7486150181470861 0.023593668412134682 0.050638597632216106
0 0.27490658631275827 0.7769160552165593 0.028880425310636577 0.047515982387055546
0 0.30294075012788996 0.8542394065034189 0.047073938677205454 0.04692774384863793
0 0.23572636989655876 0.47389247997072176 0.05568884965171032 0.04909488323861583
0 0.26103668622899434 0.44276940408126914 0.01825021244010083 0.026586487169479853
0 0.03980668025942348 0.24970271773278274 0.04758745575898559 0.14421123329324634
0 0.328150342135686 0.029121126196133787 0.020156244380300285 0.04033451634951315
0 0.3965253442481844 0.022309994893387725 0.039432588212721185 0.04461998978677545
0 0.4815086390126992 0.04077960401759523 0.04501019409010784 0.08155920803519046
0 0.872046551493213 0.7487008949601266 0.05087452075514689 0.12304259459871124
0 0.7207487737833049 0.6515373951203698 0.05641677845392053 0.10707190121012329