0 0.9645898162834566 0.9029202479898717 0.027203884911006268 0.030354006098062564
0 0.9153405129714224 0.6018078183015519 0.16931897405715518 0.6754224848540933
0 0.9789188362421609 0.11428976675371252 0.042162327515678125 0.08949624271947251
0 0.9794455284176186 0.26310458763996625 0.018641617676352022 0.022980860201104417
0 0.9772998397911838 0.23217003246285164 0.027577949862113763 0.03647645507765448
0 0.9826773490907719 0.19046097084456104 0.025499727211968002 0.03565357676668021
0 0.904764823112923 0.15390066562952032 0.010546952638802523 0.014963093745835224
0 0.8007648970294422 0.3138739519495725 0.021353693612983483 0.025880206389141906
0 0.786061415057466 0.33266622484601754 0.04089936461250666 0.038763939609191236
0 0.7598342132801323 0.33860173812677824 0.009611748244592795 0.016252334862456894
0 0.745213940885729 0.3252786157054463 0.011315905943631063 0.010952764193839327
0 0.48710743558787234 0.9131251960372482 0.09044403797147617 0.11945229646423045
0 0.49871457505300865 0.8101767114964954 0.0419902403290259 0.11470485494593873
0 0.5574255203717564 0.3816888247698498 0.24233976929934006 0.7633776495396996
0 0.7515895449517799 0.06556450795115222 0.018527257027740753 0.04600315725018658
0 0.7624845753048637 0.0890546141302432 0.0170413248917358 0.04657647470743209
0 0.6062378074297949 0.3647281061624265 0.011565282577702727 0.01503439684690055
0 0.6578188885679175 0.5394270025279753 0.016397143936825304 0.019436893454755844
0 0.7193085774872033 0.44528304132000257 0.008219353354585098 0.010058582781799845
0 0.743093231101532 0.6922960125799946 0.04696778147356275 0.03851148610673989
0 0.8120554879993062 0.059281157111232566 0.047435383670667734 0.03786686554842902