0 0.2016015625 0.5011473272490221 0.067265625 0.9970795306388527
0 0.681201171875 0.5008670143415906 0.0694970703125 0.9982594524119948
0 0.4412646484375 0.703800521512386 0.009111328125 0.5923989569752282
0 0.445341796875 0.16246414602346806 0.013193359375 0.3176727509778357
0 0.5663623046875 0.07803780964797914 0.0087451171875 0.06483702737940025
0 0.5615185546875 0.33237288135593224 0.00755859375 0.033363754889178615
0 0.5597314453125 0.44363754889178614 0.0056884765625 0.1446936114732725
0 0.563642578125 0.19192307692307695 0.010107421875 0.10197522816166885
0 0.49123046875 0.7006910039113429 0.0284765625 0.01971316818774446
0 0.5623681640625 0.9636571056062582 0.01265625 0.07267926988265971
0 0.4273193359375 0.8987288135593221 0.0094482421875 0.04949804432855281
0 0.45638671875 0.48990221642764015 0.00978515625 0.08970013037809647
0 0.480693359375 0.2614732724902217 0.00740234375 0.01638852672750978
0 0.4311474609375 0.23436114732724903 0.0085986328125 0.014361147327249022