0 0.5517513949173144 0.43525860450196263 0.06390342768412466 0.5372049157078381
0 0.59416075503551 0.858327007172693 0.03431901305916739 0.2663159553170645
0 0.7968455912981119 0.5981016914789846 0.02617893280426912 0.023252114176784446
0 0.7386704409484339 0.5095904670252331 0.029413308626415613 0.06344806509208924
0 0.6808548703957304 0.395376045279365 0.02118073463647547 0.033091378914649715
0 0.7248795441534475 0.408543391113776 0.015554949434461778 0.017242776610229674
0 0.3405764044916474 0.489617110031105 0.021324474437734005 0.03638518655628344
0 0.37293045866985636 0.43335218447005597 0.010647863238741104 0.017863212513978426
0 0.3835130632634608 0.5344241720374889 0.010096783902640499 0.016541856894867164
0 0.4157407773612297 0.7354937722245637 0.03579627697761007 0.07403424029481101
0 0.2713964754457407 0.3695600671855969 0.11640733603220327 0.24785574148850087
0 0.6374389030019949 0.7186156876858051 0.024434582823894102 0.028506876153567333
0 0.8722618542606391 0.7988359424510012 0.144066558495608 0.33894879539556666