0 0.613645596870946 0.4796304153259261 0.1786924030724078 0.9592608306518522
0 0.5864173118024725 0.28066685115353024 0.07723225028532947 0.08549966875535304
0 0.5511865630558768 0.5845550235781746 0.0677943252012606 0.06873368440832521
0 0.509158052169682 0.49392666081386977 0.07057608990526248 0.17515938721957003
0 0.7445272143618814 0.5869488010373822 0.0685768494939249 0.13692880707570135
0 0.22486645609873152 0.5458948509681003 0.06752235935941835 0.13484280524508566
0 0.19541710957607203 0.8308887515765635 0.038010959644741445 0.1726253719012642
0 0.2256243442275698 0.7765585426404129 0.022067947437250723 0.021756669880327307
0 0.6779456145775274 0.3540293403815142 0.0357079339645559 0.10364395063789747
0 0.525610037166001 0.8256517128916577 0.06849890782582989 0.05743280538218067
0 0.4676560306852376 0.7979674718552308 0.06552152266737424 0.0391655919702998