0 0.4485182721729505 0.7635481006767572 0.05831086524247337 0.05722639741745749
0 0.4446031400163748 0.4948023189850829 0.05691228174891575 0.04991097214831002
0 0.4397121780622711 0.21726682934732783 0.05920055497681413 0.03826041001108878
0 0.4879125299049073 0.12597191453358203 0.023692586844859913 0.04496280270696362
0 0.5337557119733568 0.14113743559294376 0.04084107439905516 0.06125361740811009
0 0.50078619919086 0.1719858506024781 0.03063279245426787 0.0546342790776352
0 0.4941369676315318 0.23281631869558728 0.036772838806282904 0.06753051463238724
0 0.5385257553823796 0.2346325874537459 0.044857181029640106 0.07137670993444824
0 0.4378817284603925 0.36207493136927804 0.038186149747267556 0.05778718862259289
0 0.40979165611363133 0.4152190662463763 0.03153779253222825 0.06191518011800619
0 0.38540714124570624 0.4723689572273847 0.03621181608487861 0.057649091707486055
0 0.3617032173671797 0.5261905163379826 0.03218834573058015 0.05605537482061889
0 0.3276748336896321 0.6059958304071411 0.033407285374049966 0.051547616808661725
0 0.3034960271528885 0.6595225329823524 0.03055798942474741 0.05331675602098171
0 0.27877887196207385 0.7052131456751962 0.03366909597737186 0.05615894750694894
0 0.3237512495382642 0.9651818247378513 0.014755373505729757 0.01743571661391619
0 0.2770022224896539 0.18665444606022455 0.014770683849349266 0.04368260506065612
0 0.25408373042109333 0.22664201307596088 0.021134556393733538 0.017225770059686882
0 0.29768205422303184 0.06054033938678345 0.012878516940194524 0.036332655562731825
0 0.5624337458669046 0.02187285133885008 0.03990603653004824 0.04374570267770016
0 0.8037319872019066 0.04023547158462053 0.024134041298269713 0.06139731668635555
0 0.7529662411844305 0.15073804340617206 0.06391198004422488 0.03465308312889539
0 0.7913848241614723 0.6040718937379002 0.029526640251271496 0.10442396140025435
0 0.5674293347147858 0.8598859345643662 0.03935296042854994 0.06967942036125109
0 0.6525492169417834 0.9149536576333346 0.017447699672277654 0.021560906927760432
0 0.6654724991204517 0.8864916161817471 0.017328131404283277 0.028113997982251258
0 0.5883474286398638 0.8118364695884291 0.017619979798652048 0.04191346584833598
0 0.6029458323628389 0.7885064234483485 0.0219874275095066 0.04090666085067309
0 0.6193205165888311 0.7555380245755886 0.022824988281659925 0.03834066319491938
0 0.6346145301967281 0.7242855779811987 0.018083525423202514 0.03275985290931541
0 0.6493438392213641 0.6986498664919749 0.021650813876663802 0.03497780709573239
0 0.6665674212531764 0.6593887088713339 0.02449274610225284 0.04173804352288331
0 0.6840601776120239 0.6240455961918769 0.022062230539027172 0.04222418390732659
0 0.7014968316987312 0.5896906258049099 0.025367708389166677 0.03983080739545649
0 0.7341152948490547 0.5260594934085336 0.03401307333392795 0.05355842562241875
0 0.48179690630880323 0.008158520966408471 0.013663948750160419 0.016317041932816943
0 0.6982629509490533 0.8241607447276358 0.017627343522365342 0.03338409020886522
0 0.6832381116681917 0.8593312362632093 0.02331857169725716 0.03837518742369631
0 0.7150564155611222 0.7924753446827525 0.021269435005347646 0.03691956745193569
0 0.7340112214093815 0.7573580400811287 0.02533030687440617 0.03917204586712959
0 0.5866821868887424 0.9061098171874918 0.023886958142374973 0.03972723470912644
0 0.387337952983313 0.9275988389602622 0.022742821528425612 0.045552515777736946