0 0.4428577784236382 0.5151875507966517 0.06292327425515475 0.02861433466670105
0 0.41320355697870015 0.41625415159830126 0.1118435065301436 0.09303558562556266
0 0.5824932240233955 0.41700825310563305 0.0625130665019063 0.07221886661317992
0 0.5319090001043346 0.439399822933054 0.05792300168419348 0.06040860480729815
0 0.6444999711627759 0.5895345093929377 0.1011028033315356 0.4444903846410234
0 0.4209994843673586 0.1570150224327418 0.1171913158491639 0.15794680578334488
0 0.5687077960189109 0.16529213440387833 0.10943873847859123 0.13947073848096714
0 0.6469483370241973 0.23630386823201216 0.05023780110536319 0.1509862828641765
0 0.648038632514001 0.14074469176059815 0.026126708466626156 0.0409993966576211
0 0.8440021994881036 0.0952785221593287 0.06375657041972062 0.03300872025579611
0 0.3798278647944133 0.5763545081776011 0.052225177699283254 0.18959481272697648
0 0.21291150753144678 0.21291575459698125 0.022506675731228463 0.019048676458675
0 0.21539876315885836 0.10541517004463 0.02529341230206029 0.03660501106852599
0 0.21312045105204594 0.14131362140029516 0.012978018180611211 0.015043829898868325