0 0.07813048058561001 0.1332412620467043 0.08759143327422429 0.26488205968738293
0 0.05922094584514852 0.3637708125250707 0.0786082211379467 0.21883672943032606
0 0.04711068160023156 0.543609563129892 0.06847089489485685 0.16345407100001946
0 0.03629461225864681 0.6873110395189429 0.06188954874153659 0.1468283827628141
0 0.030637346691482763 0.8074985837083392 0.04816540567637873 0.11069917314733743
0 0.02724423585477544 0.8797543766976218 0.03965624904724125 0.05750302273621788
0 0.13875730847192727 0.8737591428187316 0.020966820264283714 0.06709404904532391
0 0.15460108871086686 0.6915007542873326 0.04772955699193018 0.24533214936883838
0 0.1926265371418011 0.31567270271102366 0.05889028032224573 0.3566012369287498
0 0.39193659673863435 0.013431894649042226 0.01670581150301977 0.008983601012016293
0 0.4199397152520327 0.026259733743789582 0.024428786727241424 0.03351395266602421
0 0.40755421643085415 0.08219173835820419 0.03616306999450603 0.08750145722439998
0 0.3026792364148411 0.20364777322688402 0.06591883262348779 0.05525037100375537
0 0.2660291356206607 0.552650871504328 0.06167692727356971 0.060881001004166914
0 0.31779952188675514 0.5538574716229333 0.049493934428466335 0.07850172701179636
0 0.3599259287569852 0.5870677116404125 0.06355667689313893 0.3996812086475361
0 0.3296383101302028 0.8660327840181911 0.05059186587367897 0.08139206378103461
0 0.2921033896153998 0.8673065271808162 0.021939901350386006 0.05565773825009225
0 0.30711898218239136 0.9285323772904595 0.092393661810222 0.07735302013089172
0 0.23303451934605907 0.8902801771274008 0.06641161568449451 0.0502485479843632
0 0.7165235822703858 0.11517554198727956 0.04290047909671411 0.12203545491719267
0 0.7524771520559029 0.11708778364214387 0.026668723100834353 0.1059010337511135
0 0.772155456148591 0.1286473179328888 0.03269486101359295 0.12036522122547623
0 0.7011382512436974 0.28849227941905686 0.08897614468791164 0.23913160495585334
0 0.6736106916673562 0.5148819437664409 0.08898238720586707 0.23984793733407686
0 0.6471280021336058 0.7380731196681632 0.09323053507374081 0.2349336397118888
0 0.6104301428110608 0.9202838640989246 0.07339285884444695 0.15943227180215078
0 0.6529109841739825 0.2630179038380573 0.03547052635892284 0.06958064414064047
0 0.41059819564912736 0.5545879345402555 0.035351918517767984 0.05597032895439414
0 0.4106641179451395 0.6237015054106506 0.022270378944549207 0.03203127339688887
0 0.45122733785373126 0.5698586060317171 0.04079163560018701 0.06469135377479678
0 0.5239355134096115 0.4809555572460192 0.026088168930971302 0.03928212257632827
0 0.5472597503162054 0.4492707598655333 0.020742089617885165 0.04130608342927807
0 0.5660738415295339 0.42321034067137253 0.020161911305501153 0.03627925315354163
0 0.5891797782364242 0.39724995050258854 0.02563284097769794 0.04858193986506174
0 0.6432796777427687 0.32725024894290244 0.020124456197768092 0.031981258884200656
0 0.6244531014935294 0.35187800338061603 0.01855871176337099 0.03695807464724889
0 0.6077505991782269 0.3740486090072358 0.017454537800202556 0.0333514054997873
0 0.44284066203968486 0.6538150987940525 0.03166522140841172 0.06376245971764798
0 0.4726096614195362 0.7461808391279522 0.04140302650234853 0.07329984594165069
0 0.5595366423889769 0.9898011766432416 0.02496526741393646 0.020397646713516817
0 0.5015271208846781 0.8331553311829173 0.019070222378244066 0.03410524876252687
0 0.5130491585414553 0.8627875348816941 0.01525243239182197 0.026854399583087468
0 0.5237539901322784 0.8909683183817658 0.01584509574011696 0.033313894615271226
0 0.5347832447280488 0.9256023450999353 0.02231407657023782 0.03704560004445366