0 0.46140553785281974 0.7390934655080296 0.5606978356104579 0.5218130689839408
0 0.4550900943964333 0.5647950496559544 0.6366876367243384 0.3742536393527736
0 0.6989588711055725 0.6871568382985365 0.14644185770809826 0.6256863234029271
0 0.15374809192297603 0.8018230757916479 0.13613236854691507 0.39635384841670424
0 0.17409666253291298 0.98271005897096 0.15824679263112887 0.03457988205808005
0 0.07908347934718123 0.8633357114633424 0.0790807362707878 0.2733285770733151
0 0.13904405134019088 0.5380782946188647 0.1975847366103469 0.22698285797649473
0 0.013753651294682801 0.2893618182130975 0.022286033267331515 0.27912310380302585
0 0.05647232484880922 0.1557396501143549 0.10911571886146011 0.09177224297171913
0 0.04754607217817669 0.1862206252649969 0.04131952549620036 0.11455562585237662
0 0.3016095264051513 0.21228603375344604 0.41302031134503175 0.27866044451129407
0 0.7721679210390163 0.19372573717534017 0.168463459226587 0.2696959240839954
0 0.8818298060825747 0.37396125190235147 0.039081848315010576 0.10040360744551768
0 0.9642949893174699 0.5034487481536893 0.07141002136506008 0.3480296954659693
0 0.9290368956346075 0.7079079074407528 0.14192620873078501 0.10955079100635637
0 0.8179417131262108 0.8780517278549264 0.11197911475283044 0.08470466472315277
0 0.8203134479519779 0.9427389497453649 0.1186100929429267 0.06532860664383067
0 0.7793745231161187 0.6929319630506221 0.11070363808257462 0.06864063954102816
0 0.7557925167646065 0.5822211729958703 0.12135787743137277 0.08018906906651874
0 0.6308605537485877 0.268386353537724 0.09122715464535286 0.0649793655335402
0 0.7406581298047635 0.21363165837797923 0.07872973401969638 0.06191540228827442
0 0.746294183042938 0.3370994216152821 0.04003244600522868 0.09782582170886725
0 0.7014043232001774 0.24617051793720343 0.026595196901606482 0.04083376259143097
0 0.6734223808209373 0.11148325431773495 0.0532015798196963 0.05374747385914403
0 0.8722324315805916 0.09459454906488954 0.059519698654702594 0.04498121410753444
0 0.2578675460536616 0.529966321193006 0.039650386530076485 0.1330267765533739
0 0.9615097209882576 0.7875359409651443 0.0769805580234847 0.12739192768593544
0 0.93067195554599 0.8449859449494957 0.13865608890801998 0.26548000436872954
0 0.8044406485086523 0.8173978844498736 0.1232242643496622 0.07303616070906357