0 0.1407071814115923 0.8303922735016614 0.05686892153275073 0.3266344366789223
0 0.1651760903399195 0.5565844305458855 0.04944009046175891 0.22300043593108962
0 0.18605978143146443 0.342053359842824 0.0474315396266977 0.2118029974745263
0 0.20590442412942064 0.12354277238314619 0.04889842089636499 0.23213661282723835
0 0.5508096985947283 0.8601095098554895 0.08176725904556008 0.2797809802890209
0 0.5623763506756554 0.6058156146413475 0.07496132998859256 0.2338024991291003
0 0.5782660886298377 0.3569511167553108 0.06888441416481954 0.26038411418573343
0 0.5886495100534416 0.1305231370513537 0.06356440189980161 0.20065574908665582
0 0.8463158919877767 0.9720624233971432 0.042131315772717344 0.05587515320571363
0 0.8486662394042689 0.88446573927913 0.048396328153046064 0.11961431288122612
0 0.8514447961412174 0.7805136182915327 0.04004077960027022 0.08854789191442432
0 0.855010225566962 0.6601787974349972 0.04626112479902223 0.15681432846057847
0 0.8588072893977065 0.4479387834329652 0.05085137094209042 0.17072833647231392
0 0.8594696783029132 0.3163302540589528 0.04569532935184423 0.09400009853999694
0 0.8615114963365218 0.21234953179851307 0.04384999630279933 0.11682147326514038
0 0.8637579012692175 0.1041093075721493 0.043900506732633224 0.10766622885376327
0 0.7183784549355582 0.9744221863172211 0.049517738328398196 0.05115562736555768
0 0.6218203713794007 0.2595059432499653 0.025312601670485227 0.06769945365054601
0 0.6443309533890159 0.20063561633616492 0.026408380186542676 0.05989296025914071
0 0.6710416432658073 0.14652405302272276 0.03135144644969375 0.0607389434061821
0 0.695082432804571 0.09165231038076696 0.023795209970983774 0.05652108270921114
0 0.7117152190856209 0.05783019987046206 0.021377485337748674 0.03680464032079989
0 0.8237750710554419 0.49089454955879713 0.02683658950699888 0.05860141178485404
0 0.8049528964776503 0.4422371627866764 0.023795209970983774 0.056521082709211176
0 0.7878940696115176 0.40809188947536346 0.021547299260777576 0.05054704069547975
0 0.7720693602769195 0.3687422872364469 0.022479107102063307 0.059740420137313656
0 0.7515156893393985 0.33052215959237585 0.03252261416612475 0.06470892640518412
0 0.7303416615676039 0.28472785497813635 0.025048363024800523 0.051991129291593476
0 0.7157386303792709 0.25067791924296534 0.015004855960739302 0.047022623023723016
0 0.704180276795459 0.22495280604886214 0.019601698240820146 0.040660218228431584
0 0.6882329658991599 0.198400777222946 0.022611602869283168 0.042085239309316985
0 0.33920247295016587 0.898170636265614 0.021201075277707124 0.043338652753146856
0 0.3299216227622239 0.7379453102667747 0.042673738226866625 0.03109053104327355
0 0.353154335354536 0.7562452803740402 0.012209432436881891 0.019442484698221154
0 0.35224618701976373 0.4473127083533112 0.04221405399885856 0.031726771522802684
0 0.3719703968913921 0.1749619939897594 0.0417543697708505 0.03236301200233182
0 0.20438749880518986 0.380515337665746 0.012599570712773697 0.03777204103620406
0 0.2165526405048725 0.34750458151052194 0.013027780033229899 0.03648049256191739
0 0.22879024978079993 0.31810755308407856 0.01458324277729558 0.028037758690982875
0 0.24055243737494333 0.288363803145028 0.019507273518164454 0.038694294244158975
0 0.2544838484104135 0.254436821300967 0.0188902147523971 0.03605399474990043
0 0.27344323267054915 0.21315493891186396 0.022069933303889247 0.05122141620546569
0 0.29243079376973036 0.16104140709403325 0.019897411794056262 0.057023850582141586
0 0.31382693818538343 0.1100061748444807 0.024588678796792572 0.05262736977112269
0 0.3331168089748136 0.06184355851042358 0.019488237995882313 0.048504846650293615
0 0.35035091656785466 0.02574693753369569 0.016390504781775915 0.024837488778108777
0 0.5479737654982549 0.28585469052048884 0.023209626112768274 0.05453609120971017
0 0.5324952801467273 0.23929670033923944 0.01902855376787403 0.049141087129822826
0 0.5160282568314448 0.19795257284320772 0.025873306758161293 0.0487527243482626
0 0.4975398668514539 0.1525907935601031 0.02378277058571417 0.046055222308318926
0 0.48052825234664903 0.11746255825665383 0.02094927601729236 0.03809618879508657
0 0.46646359265520365 0.08244872804457486 0.018713804692355656 0.04258800718224741
0 0.4518510437057294 0.04347444859110808 0.023814245493266026 0.04671053030307646
0 0.4404201854605286 0.3378126095709979 0.03317397953267971 0.30282155116190274
0 0.32931454813286815 0.9862537186797579 0.02681171073645956 0.027492562640484185
0 0.3009433236950814 0.9570861106868634 0.008425094504891989 0.012100624149289755