0 0.634573473924317 0.6066036529121664 0.12811498288745898 0.677830765086182
0 0.6032136846832026 0.6992541152680493 0.07164946726042588 0.060445171811572405
0 0.5665665074770944 0.4213528235356085 0.06783383086988493 0.0824088919810205
0 0.7993528789087009 0.7222635521653865 0.046628866491732056 0.12056094277801573
0 0.26498981698600516 0.8589948189120331 0.056305306092766697 0.13892923588963282
0 0.22793730109489108 0.6563869424211064 0.02306393224386202 0.06027268181124509
0 0.5612583646095543 0.11984453599717358 0.0548379801997291 0.23968907199434716
0 0.5410257293071241 0.1621773060247205 0.048213137108077515 0.07243048831578171
0 0.6980718420035574 0.2456232856887096 0.05043319451123259 0.15480654305143543
0 0.6290863657933323 0.028952234187579244 0.08507158701872083 0.04881761623968476
0 0.6830344413588487 0.01690264230456565 0.02421132740337389 0.019489432664703286
0 0.216143769767419 0.1127243477261488 0.05745817993721243 0.04126732225738517
0 0.35907245055357506 0.5231607512944217 0.20834898344109157 0.34373685135594256
0 0.2603549341968783 0.9598479410255983 0.027106926392566642 0.06441337931247987
0 0.5694795268576903 0.8632442452305213 0.047130219496913 0.17812453046208565
0 0.5384729601277941 0.8290773802018883 0.029519012436071624 0.11132977893324399
0 0.722818027857144 0.8835696356682872 0.025079599632107544 0.061673686519024384
0 0.446698142089401 0.06607442723459714 0.057778812673084004 0.0780812446134762
0 0.40846493926108235 0.02778272368264122 0.0193179010854289 0.03272052196620558