0 0.3064128590119888 0.35194202114327244 0.016766844661581466 0.12290021050636332
0 0.326153163323444 0.3927427172297135 0.011652352448335006 0.016280667191845774
0 0.2963570231119477 0.5808508305501323 0.008651111207386724 0.03212020551015367
0 0.30942470573648073 0.5773850374125452 0.01081236596558564 0.039975431712866875
0 0.2983955891235138 0.9351280940011393 0.009564203785229729 0.01681704938074112
0 0.4932993734340408 0.8156994090824164 0.011207990508595857 0.025330846655153845
0 0.501901197036577 0.7506509762637278 0.01952403211346967 0.018989513703768893
0 0.5674884005452178 0.10035650215469437 0.01173155071801994 0.025371576282754982
0 0.568602056435173 0.5288818286143797 0.04880589389488024 0.857763095125964
0 0.8639557446519087 0.3029705621533897 0.013211215532839122 0.07510338518830743
0 0.843609819176756 0.28286033113772147 0.014270153495455426 0.01648431532985278
0 0.8601207925055095 0.37394613461737214 0.010106040518427459 0.018955681106244557
0 0.7194651277973368 0.28552024588624314 0.010185238788112156 0.028046590197153647
0 0.7212547599054759 0.2503922924108027 0.01006948747088064 0.01475987691044036
0 0.7225482465898511 0.2184519217098167 0.008504899017199209 0.015336988726936887
0 0.7756069966840009 0.1446967153002549 0.010672612755403637 0.08399064614120955
0 0.8362967855469352 0.044806088952196836 0.012742118089321288 0.021257231342153564
0 0.6239409703360302 0.005637163143440379 0.018069102802429175 0.011274326286880758
0 0.5876843341320589 0.004072031581179539 0.009333067956180677 0.008144063162359078
0 0.574275856535836 0.008703955016179364 0.01325349394956302 0.01740791003235873
0 0.34504500474236605 0.06552796215978035 0.009022367052032354 0.014678417655237565
0 0.33373528129279223 0.3309225968130807 0.010574771156531076 0.0127027044401396
0 0.6690368016636298 0.9318363579976334 0.0060515866840399534 0.03401445947004892