0 0.11745962026774867 0.3470754924673607 0.23491924053549734 0.555689446473183
0 0.6445395780018264 0.4340526415581142 0.27454183898510764 0.12049262448004505
0 0.6264721543643742 0.7139077353216824 0.732822444276859 0.5721845293566352
0 0.11823401674302453 0.788874078937684 0.1278644936414895 0.42225184212463185
0 0.20465910367930149 0.7242818353236508 0.16639640961796398 0.126193036849563
0 0.20731127395606694 0.8729000715424132 0.16638378586527058 0.0954604548770336
0 0.35151496812503774 0.08796967786512465 0.03325326068188492 0.07776005212326262
0 0.31482525568594516 0.35846137399361033 0.05593826693573013 0.17922600399131966
0 0.39988507296509573 0.3955723333731748 0.03794224382908675 0.16679113371466003
0 0.7312662861918906 0.13485642455008123 0.06341215308956377 0.03796428917060485
0 0.7761769160873182 0.1295982882764449 0.02180717656228046 0.021083020245178104
0 0.8017706552301803 0.11983729337800256 0.017277924664549048 0.03124269156437573
0 0.8110367587645607 0.09948130194290586 0.018362040834368952 0.06344717252890937
0 0.6719070366497497 0.27738352661147286 0.19055241973919715 0.07200812314717545
0 0.8511731035188131 0.18770956659535468 0.02677599993612579 0.09616473664726294
0 0.5186433776482604 0.3037633394359438 0.03931619745691685 0.03557914382303848
0 0.34159428711539247 0.3263777299125977 0.05149212826420008 0.04411437383947897
0 0.2874164593016984 0.4272583047879096 0.0442123425894824 0.13649833730254776
0 0.30484495794126787 0.5100461929376924 0.03979101366978477 0.032818589822537034
0 0.31994768175949934 0.6059741991873828 0.07311651483939495 0.054707883595146584
0 0.30868548201086643 0.5754293215413211 0.04603717818545668 0.031160473285052087
0 0.3903240978068292 0.5982977253579616 0.024839301580127968 0.04504248800490895
0 0.3790910853455729 0.23518187878035182 0.04323790041191401 0.11058756263172054
0 0.9411283737500055 0.5906434401389649 0.06489884498452586 0.12327897448529009
0 0.42450090345214647 0.23135899270201835 0.0535254391062013 0.04076446552978119