0 0.38849609375 0.10548891786179922 0.019326171875 0.18614732724902217
0 0.3896240234375 0.41364406779661017 0.0136962890625 0.4268187744458931
0 0.3919873046875 0.743800521512386 0.0209912109375 0.11754237288135594
0 0.6058447265625 0.391277705345502 0.050185546875 0.7720599739243806
0 0.855703125 0.17194915254237286 0.0186083984375 0.03761408083441982
0 0.6521728515625 0.17297913950456326 0.0192578125 0.030039113428943935
0 0.741171875 0.289986962190352 0.0119970703125 0.016844850065189047
0 0.844521484375 0.3480508474576271 0.022529296875 0.10620599739243806
0 0.8292578125 0.633194263363755 0.03943359375 0.44855280312907436
0 0.7214599609375 0.612503259452412 0.025771484375 0.05935462842242503
0 0.6881787109375 0.5902868318122555 0.0178759765625 0.058370273794002614
0 0.75779296875 0.7404889178617993 0.039208984375 0.049204693611473276
0 0.9293115234375 0.9526662320730118 0.07697265625 0.09132333767926988
0 0.5597607421875 0.7871121251629727 0.0263818359375 0.041199478487614086
0 0.5079736328125 0.8564667535853976 0.0135986328125 0.01982398956975228
0 0.531318359375 0.8242959582790091 0.0079296875 0.013409387222946545