0 0.8867313915857605 0.46638005361968315 0.22653721682847897 0.8726374292940755
0 0.4869837754945853 0.5109786069637815 0.28858549668619093 0.9780427860724369
0 0.6573870869144606 0.15656285574022988 0.049281316249843804 0.03574836638434182
0 0.7206571475535907 0.47575640001323055 0.05492616654747903 0.04748537667424467
0 0.7732210785601087 0.7858956272468572 0.04198118272870881 0.04698225803035096
0 0.8593875700703423 0.7831258322311242 0.18997305869486872 0.33419588802079025
0 0.6704220193403932 0.9528648901596043 0.026998483260541446 0.07663368899654929
0 0.635214760947929 0.7715337463283118 0.06124262419753691 0.23849141998328913
0 0.34692540950385475 0.8261444301301367 0.24399888454683213 0.34771113973972656
0 0.18233559702526958 0.5594684023751018 0.24523891942849005 0.8810631952497964
0 0.7135719654029606 0.9545419523059167 0.07587752243686287 0.06917535295166799
0 0.6192943666655197 0.33756460775564473 0.039057199165244694 0.13541030323629719
0 0.5411879123663109 0.30213562825115836 0.019164747279801 0.06337190340912903