0 0.7325244961999585 0.10353006507458873 0.10234283780802877 0.20706013014917746
0 0.5411656838861505 0.06777264290871396 0.05714530545820891 0.13554528581742792
0 0.6054284218822593 0.04265509410365607 0.0819818240260214 0.08531018820731213
0 0.6777534222048252 0.49148372842248017 0.13447981506042364 0.37393090502916576
0 0.5667119972437836 0.3138281394529417 0.06525047367747906 0.13922162446867092
0 0.5626275074961894 0.5454771719650713 0.0815203942930578 0.25189144838552413
0 0.9899343878475058 0.4858667296818599 0.020131224304988454 0.06823533489010472
0 0.9234493875827425 0.5382452592970205 0.050158843698250584 0.06335779753043407
0 0.9468722875578767 0.47842419689112825 0.01645027748471516 0.03719527138575334
0 0.9539130414564686 0.39933582083697583 0.05443655767837064 0.11058178544489962
0 0.904034298715895 0.46577266863247213 0.05086351618680614 0.10829140826464015
0 0.8573631009016269 0.5670296207302145 0.047033099712518116 0.16378850878554874
0 0.6362660428486141 0.7305150546606666 0.081505243643089 0.1315189366707508
0 0.6106587107130608 0.8735075720981337 0.08243174429271245 0.11050180439766634
0 0.7769866385832406 0.7645527777340547 0.07633657583500088 0.11347534633549182
0 0.42440060453630724 0.9086648831305099 0.05548747220378842 0.11813608174324373
0 0.463326715437707 0.9586764537254003 0.02450508770664004 0.016677260820126605
0 0.40672595203346396 0.7680224753794772 0.058382501323039085 0.08161529716888898
0 0.17141991703896012 0.01461189365502285 0.05057914161356181 0.0292237873100457
0 0.2341434809233064 0.027510813280865815 0.048104410409622364 0.05502162656173163
0 0.1681477121510382 0.13350873511284317 0.0210475733854559 0.04091749588476509
0 0.2210123413939891 0.2264352648637593 0.054913138061303164 0.10313444379815331
0 0.23171995640241025 0.3461303971184118 0.02314347796601554 0.054665544263766574
0 0.3086619698488451 0.4710547733820471 0.08737858393973244 0.19449613774021565
0 0.4698329091143492 0.2889692809929266 0.055534867965995875 0.1290204354847404
0 0.42477955438013926 0.41086757775879884 0.029697453395831713 0.04016302802613355
0 0.3937030573071345 0.5260031439598523 0.03766077380275888 0.11552773325691298
0 0.3575493822410393 0.5278541319388291 0.014650596417951686 0.0914744338911056