0 0.2996484375 0.04864406779661017 0.0129443359375 0.09134289439374185
0 0.3200390625 0.07433507170795306 0.0127783203125 0.014282920469361148
0 0.3267041015625 0.010534550195567144 0.0110546875 0.011225554106910039
0 0.5519580078125 0.3563624511082138 0.0145068359375 0.7053715775749674
0 0.5834326171875 0.6932203389830509 0.01169921875 0.02226205997392438
0 0.839140625 0.020508474576271186 0.0083984375 0.012477183833116037
0 0.8154541015625 0.06990221642764016 0.00736328125 0.010384615384615384
0 0.835322265625 0.08168187744458931 0.0063330078125 0.01286831812255541
0 0.769033203125 0.7326466753585399 0.0117919921875 0.0049934810951760104
0 0.790361328125 0.7422033898305085 0.0085302734375 0.009054758800521513
0 0.68759765625 0.8719687092568448 0.0237646484375 0.03091916558018253
0 0.5471630859375 0.8921056062581486 0.01033203125 0.21578878748370273
0 0.58958984375 0.9695567144719687 0.017724609375 0.021942633637548888
0 0.5709521484375 0.9901108213820078 0.0355810546875 0.01938722294654498
0 0.303037109375 0.6451043024771839 0.0110009765625 0.011818774445893089
0 0.29412109375 0.26076271186440675 0.007490234375 0.03153846153846154
0 0.306708984375 0.26294002607561934 0.0063623046875 0.03699478487614081
0 0.6993359375 0.029589308996088658 0.0147412109375 0.012803129074315515
0 0.7152880859375 0.10640156453715775 0.0159716796875 0.02027379400260756
0 0.53439453125 0.5797783572359844 0.006298828125 0.008572359843546285
0 0.6015966796875 0.5913363754889178 0.0087939453125 0.012183833116036507