0 0.07868178987793682 0.5230753733900112 0.15736357975587364 0.9538492532199776
0 0.45544161387732035 0.5085688606436858 0.16742041628112955 0.9828622787126284
0 0.24439517152562953 0.2875421514837783 0.06605882147014872 0.05147312557253643
0 0.2509639785996627 0.5844261367530591 0.03702192173663815 0.03580522450657925
0 0.16750379901123227 0.4839666536136054 0.15873286470106 0.3181131437777841
0 0.24920418819839402 0.8315484434652223 0.058635572690353424 0.09876985367533739
0 0.3127076869153297 0.5443543774077756 0.03939756051640676 0.22293339972275286
0 0.31251386174611184 0.7188734148304864 0.012855109855573728 0.037510022927978406
0 0.3789437994357981 0.6557577344240569 0.048166530499861165 0.2391357523398498
0 0.3774097805533539 0.31493999660862504 0.07279082675112876 0.39738754169870477
0 0.3822742253667366 0.8294182812491979 0.023067060273187657 0.06236018617850374
0 0.678922182812977 0.9022532233875132 0.10330245576925956 0.19549355322497344
0 0.7658325713666992 0.514163123016761 0.17468406361580793 0.9716737539664779
0 0.7490965820330964 0.10806876647694466 0.07720366133063268 0.16029436220208854