0 0.7044425418452338 0.9961950917064653 0.020808391400975706 0.007609816587069495
0 0.7326093031704645 0.8981121853109286 0.015292522694165318 0.04304118394696616
0 0.5268530066523801 0.9967764991229257 0.03329152492875998 0.006447001754148623
0 0.47163932770730255 0.9154913254682873 0.008309285290198297 0.010556484783585288
0 0.4562185278302149 0.9156282071457896 0.023845430312235762 0.16874358570842082
0 0.44537390059498444 0.910196500292695 0.01029926928305147 0.04563213815359936
0 0.4472119525849271 0.8596142784792762 0.010697144459821402 0.043584872168974616
0 0.40363389794661597 0.8503364004948193 0.01630641622857645 0.015610906293443553
0 0.4724845160823332 0.7232947178080855 0.013154751871400692 0.041601637156442065
0 0.4393218764454999 0.7350097513181267 0.014043905286884751 0.021032930852055886
0 0.49044065790445307 0.738665795476571 0.01573709940190729 0.032756830794773074
0 0.5006702905355783 0.35832738028824757 0.05577796915082872 0.6841596172804219
0 0.5045474604853633 0.09905036486495548 0.02129198740269543 0.021944797163594702
0 0.47036324507712407 0.07421818272841257 0.030865254574163455 0.036659844888522114
0 0.38069544867545785 0.013557120738606569 0.0068892262330183815 0.0036468902053798037
0 0.5895939029867107 0.059322496203378317 0.017913889518649317 0.03488413549451325
0 0.7777670618214483 0.04760348410726054 0.012623846229704836 0.014123336273849917
0 0.7139776210117883 0.34911214237330057 0.013287174227322403 0.025815220730521168
0 0.2238595863455236 0.8640389351238579 0.007872390819450905 0.011915992858994386
0 0.22094527076170614 0.8835840084359319 0.00660840893818112 0.007757429917652399
0 0.15869153820867798 0.9896903647412045 0.008894574699861005 0.02061927051759091