0 0.523583984375 0.35111473272490223 0.315400390625 0.06591264667535854
0 0.44814453125 0.5239700130378097 0.143994140625 0.03964146023468058
0 0.2723291015625 0.4754628422425033 0.0808984375 0.028344198174706646
0 0.28375 0.28376140808344197 0.0503515625 0.02377444589308996
0 0.372587890625 0.26996088657105605 0.052431640625 0.025319426336375492
0 0.2576904296875 0.15854628422425032 0.0588134765625 0.015045632333767926
0 0.534169921875 0.15579530638852673 0.2749658203125 0.057548891786179925
0 0.6379296875 0.10470013037809649 0.4102685546875 0.058213820078226855
0 0.8062451171875 0.1191199478487614 0.047958984375 0.025338983050847457
0 0.758232421875 0.1260625814863103 0.0310009765625 0.02379400260756193
0 0.733447265625 0.22709908735332465 0.055537109375 0.05615384615384615
0 0.7841552734375 0.2593220338983051 0.0259912109375 0.03832464146023468
0 0.4432568359375 0.06157105606258149 0.0151025390625 0.11423076923076922
0 0.691865234375 0.39552803129074315 0.1046630859375 0.14445241199478487
0 0.7410888671875 0.37477183833116035 0.0203369140625 0.024087353324641462
0 0.5720263671875 0.5723337679269883 0.078564453125 0.12265971316818775
0 0.55513671875 0.5202086049543677 0.0109033203125 0.10753585397653195
0 0.3854248046875 0.45165580182529336 0.0267626953125 0.018435462842242505
0 0.5053515625 0.6816036505867014 0.3005029296875 0.08234680573663625
0 0.67015625 0.48382007822685785 0.0393798828125 0.022757496740547587
0 0.2774267578125 0.7326271186440677 0.05529296875 0.026688396349413297
0 0.347392578125 0.538089960886571 0.015517578125 0.5920925684485007
0 0.0417236328125 0.4758083441981747 0.027978515625 0.651284224250326
0 0.148984375 0.8636571056062581 0.012666015625 0.10189700130378096
0 0.1765234375 0.9136245110821382 0.0362548828125 0.018409387222946542
0 0.2657470703125 0.8903976531942633 0.0350048828125 0.025104302477183833
0 0.342255859375 0.8779726205997392 0.0257861328125 0.015677966101694914
0 0.38044921875 0.9793546284224249 0.0354296875 0.028161668839634942
0 0.48732421875 0.961955671447197 0.0284033203125 0.01908083441981747
0 0.494765625 0.9167079530638853 0.017294921875 0.06571707953063885
0 0.1252880859375 0.0852477183833116 0.08982421875 0.0844393741851369
0 0.1311962890625 0.27352020860495435 0.1016357421875 0.13014341590612777
0 0.1271630859375 0.34872229465449806 0.0412451171875 0.10514993481095176
0 0.87908203125 0.4435136897001304 0.034794921875 0.548109517601043
0 0.9514892578125 0.31722294654498046 0.04123046875 0.5449674054758801
0 0.7922412109375 0.6151043024771838 0.0605615234375 0.0316297262059974
0 0.61373046875 0.8538852672750977 0.395751953125 0.12177966101694915
0 0.7617236328125 0.9852086049543677 0.081796875 0.02958279009126467
0 0.830078125 0.9532138200782269 0.0336767578125 0.03416558018252933
0 0.920263671875 0.9496349413298566 0.0292138671875 0.10072359843546283
0 0.8179443359375 0.03906779661016949 0.0207080078125 0.07648631029986962