0 0.89880859375 0.9272033898305084 0.0944921875 0.14558670143415908
0 0.3812744140625 0.7794458930899609 0.02296875 0.4411147327249022
0 0.2520556640625 0.6388070404172099 0.04447265625 0.03380052151238592
0 0.2411474609375 0.027516297262059973 0.04544921875 0.05416558018252934
0 0.386318359375 0.16194263363754888 0.023291015625 0.30998044328552804
0 0.4328662109375 0.32619947848761405 0.044765625 0.11697522816166883
0 0.507080078125 0.38661668839634944 0.0239208984375 0.08378096479791396
0 0.45578125 0.5094719687092568 0.0127783203125 0.08758148631029987
0 0.4939697265625 0.5044198174706649 0.0089892578125 0.09767926988265972
0 0.2401806640625 0.9224250325945241 0.014560546875 0.045730117340286834
0 0.2522802734375 0.9882985658409387 0.0398876953125 0.023402868318122553
0 0.6377490234375 0.9671251629726205 0.0437890625 0.06574315514993481
0 0.6500732421875 0.4586897001303781 0.0610205078125 0.1071903520208605
0 0.1136279296875 0.39464146023468055 0.0151904296875 0.10630378096479791