0 0.9245385450597177 0.44373198494647376 0.15092290988056462 0.8874639698929475
0 0.8746868400435907 0.8976874457066736 0.03703132199258457 0.05223348842431127
0 0.8428844466363763 0.8189594009106466 0.061040464929263835 0.06292230566482826
0 0.7928122428254144 0.5320055358623657 0.06278454854938666 0.05645116092548967
0 0.7417290759768846 0.22548012912389354 0.06278454854938666 0.05645116092548967
0 0.8065517938314554 0.012981810280257335 0.04741411969331238 0.02596362056051467
0 0.5636328420794466 0.045055409187526096 0.029545814452052954 0.09011081837505219
0 0.7334666417137401 0.6676509058975044 0.061058921514231215 0.2864938370031891
0 0.7656798927859885 0.7111707801684292 0.031201549502167292 0.1121507412006098
0 0.7738099261615625 0.6775971234773885 0.02370988976664647 0.08882320082799358
0 0.685899326982908 0.6843626655432112 0.019360139896344344 0.07208064257468264
0 0.7135547535048204 0.8408419683854556 0.03844858953266561 0.17309619800464557
0 0.5524930513060997 0.4935861500113584 0.25265168350253603 0.9871723000227168
0 0.44491912022099833 0.9646714090002836 0.034954762452438906 0.05363216939553392
0 0.2404983481917554 0.5252786452117432 0.25487122507770005 0.9443579732713373