0 0.4673313837325287 0.043618003461518236 0.04378975159204153 0.038771508839803785
0 0.506327602131228 0.04904755967927071 0.00967859904951507 0.01508224547928729
0 0.5628985190813052 0.06767323557566846 0.06266163373858027 0.012671593757030284
0 0.5947892814021055 0.10612823775219685 0.013023823334281457 0.007986370077267999
0 0.6055861124076389 0.07164954780781368 0.025505848591115585 0.041746585349814916
0 0.5622825062415895 0.14604211801920644 0.059708533796472764 0.013834188945516067
0 0.3894801859285054 0.22562984817557047 0.04922383973780868 0.09464351009681019
0 0.2819680876086972 0.21283402102809043 0.041320723392173714 0.010849000554865007
0 0.2799973722069887 0.3414125982073635 0.03824186972286161 0.09007633704620294
0 0.5838227966533291 0.3724967631539989 0.013116185470612851 0.013284383322301111
0 0.6646256765018191 0.48771448072535073 0.06105933004032193 0.09131763265412526
0 0.7309096209341605 0.5091842388154609 0.027871384124360642 0.09215866523901566
0 0.671268526105545 0.7692658807726853 0.06667814245875231 0.1577856604011981
0 0.7541295403320551 0.8177715815918312 0.05666431592828487 0.09504828040374148
0 0.8129655769933978 0.7247060975274987 0.016451938172089908 0.147775438789274
0 0.7168125361827606 0.8660248865107321 0.03773346323628748 0.032487427693596804
0 0.7142641426922294 0.933041044403624 0.029001990820921447 0.10015965448082297
0 0.6169961541385918 0.9535528756087969 0.0256208865247796 0.019919265401181864
0 0.8161592275470129 0.21145993759394113 0.04243978482169304 0.018187738141043023
0 0.7773594860563934 0.23151357777434614 0.012332351522045898 0.05360078025429229
0 0.8040643834728176 0.22833498928989457 0.012654789525705546 0.015244153602059711
0 0.30889504088778685 0.4071621512826 0.010105359193298045 0.011135720232641236
0 0.30926943259313294 0.37178565708069855 0.008651899756327137 0.013041521138142349
0 0.40434551303688315 0.7372119425668109 0.006680147512742538 0.07049550705510499
0 0.40556661555439855 0.622486680781492 0.00497227746410928 0.029381935031840733
0 0.579022695033951 0.6798905969354091 0.010786115211992917 0.021758731409835978