0 0.5638912973175368 0.09082663633330745 0.04310517528023504 0.16480213736010735
0 0.6030090311697603 0.39211966144439986 0.07145581739345745 0.43969360051333845
0 0.6451197603379071 0.7307925951785583 0.03753041449393818 0.1250277601856648
0 0.3814788561210704 0.4172667007580833 0.15292506567638714 0.7806596783730615
0 0.09662220654220538 0.2268468974592431 0.024276757917584872 0.042082946473471
0 0.30379306164488495 0.19205934031437902 0.02357911252221723 0.03467269340922535
0 0.22898908795880873 0.3274500493894512 0.014623337860514436 0.01973473048259381
0 0.13151085732134923 0.4049748673166759 0.03723119419083351 0.11358765251406318
0 0.18543273741810315 0.6943897508423528 0.10090730506944616 0.46773078426013387
0 0.29220436659729254 0.654342722203311 0.03448701381562057 0.06645783544784029
0 0.323192746903295 0.6255628240664014 0.02635209290938732 0.06364075815611388
0 0.27261832696073124 0.7916002871699478 0.04687660593563016 0.05857822665694299
0 0.4802828184716336 0.8045802575619587 0.032482083601019285 0.04759181380557433
0 0.5421075813945182 0.8664177463840016 0.016727472864273854 0.023130789845902337
0 0.5141505892984228 0.8377311064867401 0.009981440372132189 0.01562657134314445