0 0.957019746966742 0.46125285637250096 0.08274933448798054 0.6782536993406191
0 0.8773385699432721 0.4366354363194375 0.15587593342157355 0.07633034238575748
0 0.9160439946276935 0.43320703027207086 0.03490239089090084 0.15107074789398056
0 0.8920280467770727 0.3276166980808053 0.14570448337418956 0.07705720294973363
0 0.9587947209542689 0.16980378400707358 0.062149533227623316 0.2996254167211474
0 0.7980259710304324 0.1651901353955692 0.07987408554489879 0.055963140662210045
0 0.7379629223022875 0.5466140782275923 0.10054012834455556 0.6174895680125368
0 0.49153389355957994 0.4150896575939051 0.1699673752237874 0.1751133148090509
0 0.4926283524186659 0.5523620447582146 0.38473984087865165 0.11912796898299484
0 0.4826045538470365 0.1256664972825611 0.5041155058915308 0.15307267997631005
0 0.09355251420541429 0.10101759470657837 0.05933081680302071 0.20203518941315673
0 0.1433142354228483 0.1389608757907751 0.07967264673738926 0.032833888961529806
0 0.1798495167761979 0.18020118751205955 0.06583703594036597 0.13871776875208444
0 0.17616615513359898 0.31097185332344646 0.07685535719331894 0.17679810257487544
0 0.1225342667830127 0.4506298819631867 0.11219167593381682 0.611415583125869
0 0.15260112591901012 0.5334068664617317 0.0655826318157074 0.16793778524967098
0 0.25196827801770294 0.518044777368663 0.10525531329688555 0.048703812381521314
0 0.2688292552773813 0.627139912607322 0.030130316699958668 0.12901688276681753
0 0.24271686576066948 0.616186614002022 0.029017192028112725 0.11806916065994968
0 0.21054764028777195 0.6287269351982862 0.020479524243510083 0.07266425455330748
0 0.06383010799095137 0.3254412088028877 0.10999183946297324 0.06667604485562312
0 0.07786769267568382 0.320488261125974 0.02631175778914942 0.1580151099856052
0 0.07036980461807932 0.24650541213057536 0.11205847941495223 0.12867585930844158
0 0.050005920029687026 0.7733379619298816 0.05699863682503105 0.2925058538058566
0 0.010679509963571697 0.8819634613416315 0.021359019927143393 0.06614669110904225
0 0.16043772058740657 0.8898685136768498 0.04814032337647063 0.09342281946594617
0 0.3662494395750166 0.9521906456250727 0.06435622495822248 0.02712145871905859
0 0.308035958299712 0.9459545389643361 0.02558266655949629 0.015869923419991425
0 0.27930664788604037 0.9433229265785863 0.028625807034578742 0.014699484298417782
0 0.28845455676398096 0.8278499932610598 0.03325568912610253 0.020426818813335915
0 0.5114838034202148 0.7830357823837536 0.0253223377640287 0.04440966780873422
0 0.4407576267532566 0.7235259897284372 0.010893903165961782 0.02379461953707666
0 0.32738565401934805 0.7108636713108508 0.021627840220077653 0.02922189213537781
0 0.29313847433305285 0.6990567754108326 0.01592630615237177 0.01730874027549659
0 0.35756740058158315 0.40064932408528725 0.09761783875513402 0.048228549641238044
0 0.4645638536560799 0.2688889460594833 0.06089871424663566 0.0391445673994436
0 0.3437912148527175 0.25872686461736794 0.0649246366357636 0.03395586399017967
0 0.4075140351145651 0.2166869457777797 0.179623022190646 0.05673106359782824
0 0.46858142411919373 0.1873904818652246 0.04686130792196964 0.06342747831145927
0 0.3870189159680399 0.9046647749162905 0.04679021187226045 0.05526421300533683
0 0.444812102336031 0.9007284841270595 0.012948337056189372 0.025962172594349454