0 0.0391796875 0.4278487614080835 0.0701904296875 0.12045632333767928
0 0.1683837890625 0.1908539765319426 0.060048828125 0.11946544980443285
0 0.461533203125 0.036284224250325944 0.009189453125 0.06415906127770535
0 0.846474609375 0.07357887874837028 0.011689453125 0.024621903520208606
0 0.9162890625 0.06070404172099088 0.0131689453125 0.018963494132985658
0 0.910615234375 0.1741851368970013 0.011396484375 0.017646675358539764
0 0.844970703125 0.19166883963494133 0.0104638671875 0.020658409387222947
0 0.458388671875 0.5145110821382007 0.0122802734375 0.40572359843546285
0 0.456552734375 0.8936179921773142 0.0114697265625 0.20539113428943936
0 0.716396484375 0.5688657105606258 0.0472119140625 0.11991525423728813
0 0.7543310546875 0.6973989569752281 0.04970703125 0.13958930899608865
0 0.8148828125 0.8967601043024772 0.06205078125 0.17645371577574967
0 0.6269970703125 0.27963494132985656 0.040810546875 0.11953715775749674