0 0.15583984375 0.43109517601043024 0.0140478515625 0.11398956975228162
0 0.1467822265625 0.11524119947848761 0.0127197265625 0.046408083441981746
0 0.17861328125 0.4494719687092569 0.0185009765625 0.08891786179921773
0 0.1588232421875 0.6689634941329857 0.009013671875 0.020964797913950454
0 0.1642333984375 0.9675684485006519 0.013466796875 0.0648696219035202
0 0.3790087890625 0.24502607561929596 0.0171435546875 0.0331877444589309
0 0.4003369140625 0.6160951760104303 0.0087255859375 0.7645110821382007
0 0.4327783203125 0.13840286831812257 0.0174560546875 0.0231877444589309
0 0.4026220703125 0.0791916558018253 0.011591796875 0.1508800521512386
0 0.3851416015625 0.08055410691003911 0.00669921875 0.009498044328552804
0 0.4340771484375 0.09758800521512385 0.00791015625 0.00878748370273794
0 0.434658203125 0.030234680573663627 0.007138671875 0.04555410691003911
0 0.384794921875 0.019517601043024774 0.007158203125 0.034250325945241196
0 0.6231494140625 0.11254237288135592 0.016240234375 0.030084745762711862
0 0.5148583984375 0.05197522816166884 0.0070751953125 0.05898305084745763
0 0.527158203125 0.35308344198174707 0.0076806640625 0.09011082138200782
0 0.6411767578125 0.18802477183833116 0.0180810546875 0.010378096479791396
0 0.6717041015625 0.304413298565841 0.028779296875 0.1063754889178618
0 0.659755859375 0.41187092568448497 0.0077734375 0.10028031290743156
0 0.6257470703125 0.6158279009126466 0.027744140625 0.033702737940026074
0 0.4308349609375 0.8566688396349414 0.009521484375 0.04013689700130378
0 0.385078125 0.8239700130378097 0.008310546875 0.04041069100391134
0 0.3902880859375 0.8607431551499349 0.0117822265625 0.015052151238591917
0 0.3856591796875 0.8936179921773142 0.0071533203125 0.013559322033898305
0 0.335595703125 0.8729856584093872 0.0200439453125 0.035671447196870924