0 0.18875074641399006 0.7854263104461424 0.04482772331735564 0.03518802914501524
0 0.21250142063338248 0.8058545575354872 0.013327792767931753 0.018558034882946575
0 0.2210457171371743 0.48961433113656305 0.04587484373620381 0.03527765559505102
0 0.2417160179193625 0.5117100589746164 0.01391234079669606 0.020001449506565867
0 0.24036308649311436 0.2577341611649325 0.0338226314293867 0.05793354874582798
0 0.03465447930838668 0.6922764302446908 0.010943615508109373 0.0476149716784507
0 0.044467726846704 0.6461632375768934 0.022894018595852845 0.0465477737559598
0 0.06649057570496104 0.6028654945798386 0.028373571967454873 0.052590311600544316
0 0.09086944550562649 0.5593660920702035 0.03043731889548107 0.052070263801315186
0 0.1130930866492553 0.5146473410620384 0.039027739613957425 0.05768238029670604
0 0.13668919800830037 0.46524869583336526 0.04244354605753329 0.06424496594051968
0 0.1532324934949554 0.4168046794920837 0.0293901984766329 0.051980637351279405
0 0.17340505279287735 0.37928059498950606 0.02893278983158063 0.04149112686176876
0 0.18698736860849294 0.3412677247507009 0.0256947831009942 0.05096764407685346
0 0.09666130024129804 0.23423661609295066 0.07730862272125585 0.062352347121612445
0 0.2845945738204247 0.13321959112102272 0.05176582060809316 0.08664029921912732
0 0.25765372704694767 0.19027458626747842 0.04079171119031365 0.038326026841375836
0 0.31745692523504115 0.8747831695043964 0.01998111738157485 0.08740319598954036
0 0.32618271951529626 0.7796293014355145 0.024377892679627068 0.10450010534788207
0 0.3367639671009181 0.6667688497590255 0.026649933230312603 0.12071846110685182
0 0.3474366964155503 0.5560063001804386 0.02477947725037047 0.10174771577569731
0 0.3629056922869816 0.39254086996620835 0.034701302504270226 0.16181566036650694
0 0.37263802986661126 0.28431549928520966 0.018700373175428615 0.0580325666189109
0 0.380649554861874 0.2029100279152359 0.018608891446418162 0.055934664521008724
0 0.3967106000993575 0.0767038345509781 0.04787146197881971 0.1534076691019562
0 0.423417578805277 0.01417297446739236 0.019971278452030866 0.02834594893478472
0 0.45004451946320717 0.14327411259128317 0.05218289641393146 0.04835801365766034
0 0.4974088895887359 0.14483532793407972 0.0209625747965704 0.026178427026203818
0 0.6294543957989278 0.2746171878767206 0.04246887622217181 0.07678756530291422
0 0.324634054338368 0.9068077065466823 0.023727681647010022 0.041742295310890694
0 0.3455462130859208 0.8681674511576268 0.03206898734309354 0.05360330487497026
0 0.36704291986223797 0.8308809839421549 0.035246006254339865 0.042728186261283996
0 0.3826584886962097 0.7912902594046769 0.037457058985685174 0.05754794062165236
0 0.40381299396964637 0.6196171694104333 0.02277204295717219 0.04375057095875701
0 0.38870880882329867 0.5805501164385989 0.026650421790831918 0.04895936842898715
0 0.3726668138144642 0.5380537798077879 0.026619927881161687 0.04826006772968645
0 0.360243999407093 0.4941947995529007 0.022802536866842422 0.04444987165805771
0 0.3473738595644731 0.45212888427128317 0.019356236513596446 0.037187985314943516
0 0.33645557422100236 0.4186697880558707 0.020001772361701094 0.04003000133716421
0 0.3250772983599636 0.3806876439075126 0.02129284405791051 0.04571403338160559
0 0.31303565782346926 0.3455699223938842 0.024586674862805694 0.04947941622821628
0 0.2995936350344042 0.3084663318448983 0.023692023992308204 0.05288629327468407
0 0.28976821097428684 0.2759665602284011 0.016306356986062278 0.03901700806273834
0 0.28226315020187615 0.2544987535131526 0.015167754838203776 0.03682947951480046
0 0.26829240345835553 0.22937290130231436 0.029974746505397328 0.05342405197489854
0 0.36464935837381124 0.009346365320467063 0.05495316700940255 0.018692730640934126
0 0.31038157149120815 0.07380666997705032 0.029542668024983697 0.055477140847782797
0 0.3297561253926747 0.0300336924057843 0.027204475909926112 0.0497034823533057
0 0.458935482233712 0.8051168752818227 0.04172669490002524 0.08369094584588527
0 0.6442024929587776 0.35372363360876635 0.0335988465716325 0.07672504117691108
0 0.6807251958651902 0.6429433731291941 0.04215877338043899 0.08163785697300138
0 0.7016053950215152 0.8204943711750758 0.024652826427177508 0.03903471896372368
0 0.7135984685407291 0.8966780298853578 0.03872280051725584 0.05068937330369904
0 0.6800446299928227 0.9346455509265906 0.05487201277045504 0.02629408385516329