0 0.4256862282744307 0.7605481679628356 0.10179359874787887 0.43646116262345397
0 0.5306828919201345 0.5640130737744952 0.06547636302471137 0.059981359997358506
0 0.49377768470923444 0.8257195817213175 0.06237077296259944 0.059957219624698875
0 0.5716536034036671 0.2849853053584559 0.04828419961735869 0.03426075945533807
0 0.5288684116795327 0.09002451149846555 0.05256083992221233 0.1800490229969311
0 0.4594679028901457 0.021176008027191745 0.07214491551114033 0.04235201605438349
0 0.4862883333894713 0.05673378824862582 0.050059830779890006 0.08544848662645348
0 0.4697419210849694 0.120142556899287 0.02561827926186917 0.058979995616000536
0 0.4941761169038261 0.2039803652767355 0.029181241686186448 0.045176900739566726
0 0.4790121886841787 0.1688273342010216 0.021886684089408266 0.03405556628773175
0 0.45850665557860876 0.09567857580726455 0.018236393991945272 0.027803336129587453
0 0.2790974429576769 0.2018484899561629 0.08095312125101231 0.04834549201280017
0 0.23151870277908665 0.09260189418354664 0.037210211159977295 0.10609478970717695
0 0.20721468301449486 0.2764069873687689 0.06099297837487675 0.21900060045509737
0 0.19769534033474803 0.46770460603835334 0.06578050423118463 0.1298292161522686
0 0.17071432298052616 0.5716522858308711 0.03823336265105193 0.10333658476915616
0 0.16155431289455918 0.6671624032938742 0.02980724679653543 0.07007718969517591
0 0.3569167591895663 0.8962878562025783 0.04899452110177943 0.07852481051329842
0 0.3367799376720396 0.8483791331373791 0.017724818246407897 0.029182438598597663
0 0.3249924438826427 0.8159662017201912 0.021369085745722965 0.03405154289228834
0 0.31527534346798697 0.7835371767212306 0.017751919938073905 0.035406504988639474
0 0.3019516167924411 0.7549399116176201 0.025524928990575294 0.037541544716968876
0 0.2898857503872205 0.7180338328386796 0.01982231331281511 0.03542259857041235
0 0.27938773550842577 0.6845734985345435 0.021384142241092894 0.037509357553422655
0 0.2663047402102786 0.6518248441398504 0.021360051848500962 0.031976854095608
0 0.25453983116393664 0.6245986347143639 0.016141910224612085 0.02225473908999968
0 0.23959706087770696 0.5807990552880931 0.020351956852796373 0.038192873694762895
0 0.2288613259205876 0.5521816732072662 0.017730840844555937 0.030565564463051642
0 0.46645384961898956 0.49431632549071447 0.03047842139299443 0.10535092263418776
0 0.4889528154243931 0.490337711661685 0.027884407076419888 0.10394767979251769
0 0.49101133615135917 0.5470317902202338 0.04012006678227958 0.06116733948509241
0 0.5149287490819845 0.39331370798232207 0.017309604071238358 0.05269155489886675
0 0.48604678655661876 0.29844509155051197 0.033911897957129934 0.06181062167200007
0 0.5086404357343324 0.25677428621739856 0.05191642192037768 0.03636361202012141
0 0.5428951041403351 0.21847076914794591 0.04117031996502022 0.06463320093711301
0 0.5267580559613757 0.3164556727122271 0.045383377892278295 0.08126289847410306
0 0.6300995404075077 0.09641950901450402 0.04431505691509376 0.07364765942872147
0 0.7538012001482043 0.15389699697445364 0.044387328092869785 0.09024516980216545
0 0.7194845023012931 0.5940126595517475 0.03829961123067979 0.11855096927814648
0 0.7417306915330021 0.5914191832848934 0.028970795848048545 0.11571229643126044
0 0.6575554022985961 0.81476429601235 0.02887443427768059 0.09358228260000163
0 0.6245604449094971 0.9640576286110442 0.018814218317110398 0.041638618169567085
0 0.4176865563359259 0.9442265241915953 0.019999979958180737 0.07622481157179548