0 0.6342866305646856 0.986957156458337 0.027394753909935416 0.02608568708332582
0 0.6047801483112756 0.9780047572042949 0.04670458270032116 0.04399048559141021
0 0.5695603467118333 0.9695204340702972 0.026093064617038923 0.03510027119818166
0 0.5895023193912869 0.9367141197237838 0.04079572626438888 0.02551123839513847
0 0.5188442135870729 0.9806668529707252 0.04265107455497593 0.03866629405854967
0 0.6031098744212108 0.9107859944533094 0.016153956999287376 0.024635884358651085
0 0.5667125080030121 0.8582808745524229 0.04034012725974441 0.0694641669252526
0 0.605176361593414 0.7304378390837193 0.053157985721653034 0.04400349281977481
0 0.6262175211636415 0.42962927912876675 0.05455656921521043 0.05131123425396157
0 0.648713075051471 0.14246340090534573 0.048102583297686304 0.05025360267878319
0 0.45525043786640673 0.9820971642833817 0.014180206233090905 0.03580567143323662
0 0.46287210880950225 0.9205789054609081 0.010754577218764437 0.033490358019670166
0 0.4705538553346913 0.8245377927260366 0.016992683563825762 0.1087119014941043
0 0.5001959060593029 0.481293262321049 0.012422335039357574 0.03687621259519281
0 0.5164978273924484 0.2988551259459324 0.0362453512530809 0.3265327582000784
0 0.5371677793326413 0.07437898100308918 0.015840600329970526 0.07975707655902384
0 0.3678595553704981 0.18615538332706197 0.03256236087818301 0.06241631697254096
0 0.3858245713546964 0.3495688656525733 0.0492926509424943 0.12319203845527436
0 0.2588377736269089 0.7148583926199698 0.0598154553489835 0.16126304486193554
0 0.17059136754027243 0.9634017933563533 0.03186704244135731 0.07319641328729341
0 0.20936004828389235 0.9677965559568767 0.028150147928854657 0.06440688808624659
0 0.05907523526820062 0.9529924628084062 0.014643168961448856 0.015351858339483935
0 0.2102231200830352 0.18395882475495526 0.05829730358743145 0.1605122363997199
0 0.33248646585015795 0.15486870273346434 0.022563177678337924 0.033567971962454174
0 0.3907213622707257 0.19352630571292767 0.01951214670780668 0.049132790151925794
0 0.37413477178222343 0.1323363730276946 0.02152388188495602 0.04991428092543773
0 0.3613733070405517 0.08229214636151931 0.020768487866036668 0.04527226791585422
0 0.349625073611168 0.04057448573331717 0.017432972224850504 0.0385005587648091
0 0.8003289252915183 0.45136038254504013 0.02693857200909847 0.06731822146359949
0 0.7858399185952564 0.4012087677893279 0.01979663137846193 0.07146931749244274
0 0.7717099081510737 0.34909620960428356 0.028404594808463142 0.08447670351139124
0 0.7559758973302482 0.2859760158010147 0.023214313772882297 0.07102533214318987
0 0.7441755349386772 0.22772795234205134 0.021696162011330303 0.07027452368097421
0 0.7321020249101177 0.18301518252508256 0.018659858488226315 0.06877290675654313
0 0.7198378254458999 0.13729892925997556 0.020746396694896117 0.07087192058670848
0 0.708919789064956 0.08968309718812899 0.017261274994668698 0.06146516532235636
0 0.6976424649838363 0.06584404475863782 0.01637836608784909 0.028588453528611633
0 0.19689072338468558 0.8855344522564733 0.01566037358369003 0.02460520204735488
0 0.21642098795367992 0.8817903509345776 0.01357383537702028 0.022506188217189523
0 0.18704967575998016 0.8320357898966304 0.023333882040876674 0.06446839917121877
0 0.17581401795167023 0.768203594602538 0.02713294330661347 0.06207881154828203
0 0.16693775453892237 0.7107983865396792 0.02026754072672597 0.05377480316150952
0 0.15958332474958328 0.6571237549721543 0.018861593509454835 0.055000279284274096
0 0.1494767846596991 0.6039391322208265 0.019661752766847878 0.05176783626523278
0 0.14292619598960982 0.5579169640073001 0.014546274760787662 0.03963398795368491
0 0.13642037255799438 0.5198306164449906 0.01428446415746566 0.035022657255397695
0 0.1686371143544385 0.30136093919987206 0.018487578361852032 0.048412664001006564