0 0.4615771484375 0.2091264667535854 0.054287109375 0.03415254237288136
0 0.4712158203125 0.4961668839634941 0.031123046875 0.021401564537157757
0 0.5156640625 0.38402216427640157 0.0100439453125 0.10080834419817469
0 0.5360546875 0.3955932203389831 0.0090673828125 0.09879400260756194
0 0.4977734375 0.5997262059973925 0.038291015625 0.061968709256844855
0 0.450419921875 0.7567014341590612 0.030888671875 0.03442633637548892
0 0.509375 0.806310299869622 0.0056298828125 0.06573663624511082
0 0.328095703125 0.46743155149934806 0.0074755859375 0.03624511082138201
0 0.279833984375 0.418761408083442 0.018291015625 0.1149478487614081
0 0.284775390625 0.1524445893089961 0.0283251953125 0.0922490221642764
0 0.3317236328125 0.01878096479791395 0.0181201171875 0.03367014341590613
0 0.3154296875 0.05138200782268578 0.01302734375 0.03032594524119948
0 0.303798828125 0.07574315514993481 0.008974609375 0.026864406779661017
0 0.292265625 0.09391134289439375 0.012265625 0.024217731421121252
0 0.3044091796875 0.2135006518904824 0.0101416015625 0.04962842242503259
0 0.31818359375 0.2360104302477184 0.014609375 0.03427640156453716
0 0.3323828125 0.2680247718383311 0.0133349609375 0.026629726205997392
0 0.3469775390625 0.29735332464146025 0.018037109375 0.03435462842242504
0 0.36162109375 0.33052151238591915 0.0181298828125 0.03341590612777053
0 0.37927734375 0.35391134289439374 0.016708984375 0.047490221642764015
0 0.3956201171875 0.39571707953063884 0.0220703125 0.03679269882659713
0 0.416630859375 0.4262907431551499 0.0165234375 0.03694915254237288
0 0.43216796875 0.45872881355932205 0.0118115234375 0.041466753585397656
0 0.4470458984375 0.48990873533246415 0.0151953125 0.05604302477183833
0 0.464306640625 0.5307431551499348 0.01533203125 0.04528683181225554
0 0.478359375 0.5524054758800522 0.010947265625 0.030130378096479792
0 0.5278515625 0.6516036505867014 0.042109375 0.04305084745762712
0 0.512412109375 0.7009322033898305 0.024560546875 0.05053455019556714
0 0.494208984375 0.7407887874837027 0.00962890625 0.029647979139504562
0 0.4806494140625 0.7632333767926988 0.0160302734375 0.028005215123859194
0 0.462724609375 0.7922229465449804 0.01796875 0.03191655801825293
0 0.44341796875 0.8246610169491525 0.0189013671875 0.038943937418513694
0 0.4283984375 0.8573859191655802 0.0122119140625 0.02579530638852673
0 0.4123046875 0.8888070404172099 0.01943359375 0.03142112125162973
0 0.3931884765625 0.9211212516297262 0.0181103515625 0.035684485006518905
0 0.377060546875 0.9529335071707953 0.0141015625 0.028885267275097784
0 0.3596630859375 0.9802477183833116 0.01734375 0.030071707953063888
0 0.82341796875 0.07696219035202086 0.0162060546875 0.14814211212516298
0 0.80921875 0.4285006518904824 0.013046875 0.1331812255541069
0 0.7856982421875 0.4391590612777053 0.019111328125 0.09476531942633638
0 0.801708984375 0.5598370273794002 0.0097021484375 0.06071056062581486
0 0.7967626953125 0.7048761408083442 0.012998046875 0.08797913950456324
0 0.759677734375 0.6837614080834421 0.044228515625 0.018076923076923077
0 0.7940087890625 0.7872425032594524 0.0123828125 0.07917209908735333
0 0.7372998046875 0.9248891786179921 0.0278466796875 0.05894393741851369
0 0.7093994140625 0.9691134289439374 0.0266552734375 0.049941329856584095
0 0.5761279296875 0.4389113428943937 0.02751953125 0.0716232073011734
0 0.5988720703125 0.39368318122555407 0.0155517578125 0.03705997392438071
0 0.61455078125 0.36312907431551494 0.0139453125 0.02774445893089961
0 0.6321142578125 0.33103650586701433 0.01798828125 0.03345501955671447
0 0.6505517578125 0.2981747066492829 0.01388671875 0.02561929595827901
0 0.6658056640625 0.26646023468057367 0.012373046875 0.035606258148631026
0 0.6777685546875 0.24423728813559323 0.009921875 0.02031942633637549
0 0.68765625 0.22672750977835723 0.010859375 0.02201434159061278
0 0.699404296875 0.20685136897001305 0.0084521484375 0.016492829204693613
0 0.70908203125 0.1886375488917862 0.0089697265625 0.01833767926988266
0 0.718427734375 0.17288787483702736 0.0064697265625 0.013996088657105606
0 0.7275634765625 0.15576271186440677 0.0077880859375 0.019960886571056064
0 0.738818359375 0.13385267275097784 0.0123974609375 0.025423728813559324
0 0.7505908203125 0.1123207301173403 0.007685546875 0.0175619295958279
0 0.7609033203125 0.09399608865710561 0.0085302734375 0.01711212516297262
0 0.7782080078125 0.11737940026075619 0.013466796875 0.029647979139504562
0 0.72298828125 0.3141199478487614 0.01455078125 0.03393089960886571
0 0.5619677734375 0.6465254237288135 0.0232421875 0.06194263363754889