0 0.575617503553788 0.798554848680655 0.04460112766995421 0.15263742354031998
0 0.5343115539884167 0.7855697050018923 0.05386436424611376 0.1619499157838323
0 0.4436294115598859 0.8990713503800423 0.04107138669644978 0.20185729923991552
0 0.3105934695290193 0.9366426103888137 0.04957502988272169 0.0575176795831654
0 0.3601834987520429 0.8678185447613551 0.02281041384641171 0.14590609299687887
0 0.37844404751801025 0.8511451280024498 0.025869332745790577 0.12459117391197604
0 0.32752742669733315 0.6050380585249455 0.04148657574129704 0.03282142370953406
0 0.4633996031802383 0.5573722466844259 0.06360163439973407 0.4239772414826089
0 0.5144446715657388 0.6361504589035909 0.040913092781249105 0.07579603525351579
0 0.34805948445815243 0.32305186382308193 0.04596420270049354 0.030411720975301065
0 0.3465299344238484 0.11428972014292481 0.034219408687249826 0.045810228401178626
0 0.3826631447568899 0.028499995388789563 0.04153596693313462 0.011991393930629469
0 0.7500649052008249 0.2112911733507509 0.026286885125831678 0.05136526744777079
0 0.7867192675525854 0.4612155989294591 0.05289102508097649 0.14038425242680158
0 0.8479084617177629 0.967678458752802 0.03526995555886416 0.06464308249439588
0 0.7846099309751808 0.8931960477642092 0.11751217833435065 0.2136079044715814
0 0.2623145796402741 0.34964154021881616 0.10728638993165289 0.18812114969871363
0 0.5809479314480188 0.5119271516527938 0.015918316816920526 0.014430584256379686
0 0.6033222485712966 0.6840155114753151 0.033631259886355964 0.088111892435066