0 0.5931982421875 0.18919165580182531 0.0269091796875 0.3701890482398957
0 0.5592431640625 0.3689374185136897 0.0246435546875 0.043943937418513684
0 0.6140380859375 0.3977705345501955 0.021015625 0.03644719687092568
0 0.620380859375 0.5022490221642765 0.0172314453125 0.03998696219035202
0 0.5958935546875 0.44374185136897004 0.0270947265625 0.013572359843546284
0 0.5859716796875 0.7399869621903521 0.026953125 0.5117405475880052
0 0.51478515625 0.4621382007822685 0.0533349609375 0.032366362451108216
0 0.5165869140625 0.17271838331160363 0.055546875 0.034400260756192964
0 0.5717626953125 0.13194915254237288 0.0060986328125 0.06084745762711865
0 0.5135205078125 0.731825293350717 0.0531298828125 0.03619295958279009
0 0.563349609375 0.6888526727509778 0.0089794921875 0.08243155149934811
0 0.511083984375 0.9795632333767927 0.050576171875 0.03271838331160365
0 0.84611328125 0.9548761408083442 0.01185546875 0.04162972620599739
0 0.8483837890625 0.8861538461538461 0.0130322265625 0.03797262059973924
0 0.8559228515625 0.6697327249022164 0.014521484375 0.1861864406779661
0 0.8614306640625 0.5097457627118644 0.0118017578125 0.07342242503259452
0 0.8649267578125 0.4484615384615385 0.0107373046875 0.015710560625814864
0 0.868125 0.34690352020860493 0.0090771484375 0.05934810951760105
0 0.652421875 0.20185788787483702 0.0240283203125 0.041323337679269885
0 0.37966796875 0.25533246414602345 0.0093701171875 0.050482398956975226
0 0.3571044921875 0.38585397653194264 0.0134619140625 0.047887874837027375