0 0.8744082993804233 0.2847855438825496 0.19740530843826595 0.5695710877650992
0 0.472429376700286 0.299040143421343 0.1554122685346833 0.598080286842686
0 0.18206777780494818 0.3582912016163231 0.13452075120149679 0.5858826087548887
0 0.5502737265622647 0.6335118465495759 0.05337322554384715 0.15486711629760305
0 0.5129036806101621 0.65081302251848 0.051649978790683164 0.13857520483338337
0 0.7099337528764259 0.6674540341887566 0.03387688102156857 0.12683399459245268
0 0.6470829809865692 0.7622593539174416 0.06632709336883816 0.2985672440652726
0 0.5769336347904248 0.3760013180767368 0.07622667809830004 0.36267133734588053
0 0.5289905219672559 0.09244903008167692 0.04435967925120889 0.18489806016335383
0 0.26427056255190967 0.06460175246668073 0.045041076141331134 0.0566309282981352
0 0.34808864801368805 0.28046766544317236 0.02630390343503976 0.04816034145970327
0 0.6803094701758666 0.1578185496284805 0.03727824020718354 0.040447279456175135
0 0.7325764478136408 0.45007092247735203 0.04540434174674876 0.045910825210614084
0 0.6909287668875028 0.10157806963606528 0.018470684174568607 0.026593112536989465
0 0.7832552708639978 0.7559469452870594 0.06669686740652438 0.05730848745935413
0 0.9601443304845158 0.6023203942547751 0.04823612588950713 0.14699412294670455