0 0.7983159315813174 0.5196389252962598 0.13917213460223948 0.9607221494074806
0 0.3414564229874731 0.9227184012103689 0.04425526772339863 0.13302522563222244
0 0.3543454428399358 0.7990029376370728 0.038056666754916244 0.08988979736415112
0 0.3628065391510061 0.7200592704224753 0.035101737012681856 0.05977414131144597
0 0.3989210654424765 0.34820898835576425 0.09404831541076163 0.6504593553888027
0 0.34184590509944485 0.08953148909605649 0.04786556685029063 0.17408877349738375
0 0.2539018493233129 0.8987801263727635 0.0492057249299931 0.1590528319716879
0 0.27224020824846007 0.7501386561634275 0.05007829864731907 0.14743288372245553
0 0.28603627395460496 0.6158272464510863 0.04832680194738189 0.13100507695813737
0 0.29911437526866524 0.4972437315199965 0.04608089445331388 0.11594127988615117
0 0.30885491284533706 0.3988141789836632 0.04214608526673576 0.08923763774615358
0 0.3170943337517798 0.2976367102438875 0.04001383276497065 0.1220494782734758
0 0.3234155318564832 0.2060212371235794 0.02854920667412585 0.06793034391914608
0 0.3610214179313171 0.9741751756820055 0.028623336704103927 0.03441859140875675
0 0.3850028013940026 0.942552480860736 0.024784298221992337 0.05422259781198031
0 0.40936999348448483 0.9010138550647097 0.02936812752794293 0.05220642850165096
0 0.432672355763401 0.8625452459173685 0.029377069671861114 0.05289042302969474
0 0.4557185705013335 0.8240746470881497 0.024119986693416775 0.04259071147148007
0 0.4822020089990707 0.777421979786818 0.027202699329138123 0.043298582182058294
0 0.5015503813642559 0.7474734570118559 0.024119986693416775 0.04259071147148007
0 0.5305129377832397 0.7463303020079701 0.010945981743592334 0.014447451727790795
0 0.513980310175548 0.8156343760098621 0.01604586251816245 0.0910866737787396
0 0.5198098232960509 0.8987934325778838 0.012468739088310029 0.09174281276049319
0 0.5077974494389812 0.622338272653647 0.03251343517109135 0.05770226090853562
0 0.4840031363132698 0.5612717501974734 0.03672804369776489 0.0666260246831511
0 0.45967864381775486 0.5015692374336316 0.030905012773844453 0.05221836659291819
0 0.43984408811705 0.45113646507218275 0.0293323589522703 0.04947045038947571
0 0.42151959123049226 0.40276761438613257 0.026213877740876326 0.046026601566722225
0 0.5703335339060687 0.2869486171704347 0.0553273371272697 0.5489376716841516
0 0.5596289900482663 0.2827610833633005 0.015929614647226382 0.08219474491417082
0 0.5312054222117065 0.14470140350088853 0.028003735895118946 0.026206677708475776
0 0.5109629683860043 0.38020420972615054 0.028974673195544608 0.022110669267724682
0 0.48578664520222736 0.6207991709560607 0.02028354108993824 0.02341100913996385
0 0.46501660488535446 0.8966576543359057 0.025874076271986887 0.02003480950105844
0 0.6535908756923713 0.09092694014938504 0.029332358952270536 0.04947045038947571
0 0.6884097716636124 0.17089085812938973 0.02307751224164598 0.04121476368788103
0 0.6732631763632331 0.13417578028449637 0.02353615446010431 0.03711477588337412