0 0.5090644621783234 0.9150309805247443 0.12450218210637336 0.13144308281645464
0 0.5255389128126235 0.7930173210854901 0.044489247344801044 0.14634789606630802
0 0.38497318920005313 0.9440305419578405 0.06771740169838723 0.04043558678765129
0 0.39544686636302706 0.8673307217595104 0.04037778770344775 0.13373071391800737
0 0.17040339297149776 0.8608564157945535 0.13932044988659936 0.14041803547604606
0 0.17634295377856885 0.774322132356897 0.030608676174812673 0.06907726248447753
0 0.48367837436120287 0.40664001792423476 0.027319805639556556 0.024744785092724056
0 0.42880158776906047 0.39569028126907124 0.01574275882020823 0.01937254655273919
0 0.6997687225450668 0.35672011227328054 0.02129850877360491 0.029295926701368075
0 0.6480165914258523 0.3130616435706205 0.015550674633560234 0.027647151829715732
0 0.6555247112822319 0.2136368462477862 0.018111540172233667 0.027076338446215514
0 0.7096874134872896 0.25926132915327266 0.022851303804660814 0.029368376430604026
0 0.6063715486179991 0.3486068882924844 0.051127128520704564 0.038971226743573874
0 0.6572409784310491 0.3763714845087998 0.023886500492031414 0.029416676250094687