0 0.4514029425885425 0.531683527058462 0.0742134915865206 0.1516121801059338
0 0.49811769187540367 0.5481502097973612 0.07373398209948899 0.15227265831801629
0 0.5191229690267961 0.32954795342686233 0.07543845964716546 0.29631220032199823
0 0.5931555417070454 0.1113035820473877 0.01643151289782553 0.027124429147724817
0 0.6167774235899732 0.12516896221155743 0.017088955279368313 0.030545583588703414
0 0.6009707115795119 0.07242546255001503 0.01646619014857934 0.01625986930298911
0 0.6246222489448582 0.08561057060534123 0.01817161795144058 0.020400883646333027
0 0.6043332500122531 0.22928392551924656 0.040554789533904484 0.06745114291812937
0 0.6126673908270437 0.17850104411711198 0.036165303008370224 0.036720134639604794
0 0.5693858575396173 0.17102635301888539 0.026604768750157395 0.050609970990101213
0 0.47552238527526763 0.6569812329345395 0.0737143701537409 0.1285027223020143
0 0.512481566347824 0.6924892775821639 0.10854015468494228 0.1461554439972393
0 0.5246289475375627 0.5600836400671854 0.04231905317401044 0.1429019653094792
0 0.7268101254401022 0.6664093849316194 0.07652709434275805 0.13472414076541067
0 0.7534450248002704 0.6872061465131705 0.03465192314984042 0.14192478474922232
0 0.7889802675891452 0.685180461793835 0.08365540391505948 0.13500125532006313
0 0.7742904203739174 0.5834177825020359 0.03168637490798777 0.07389757386486857