0 0.07873046875 0.1311342894393742 0.0265966796875 0.06583441981747067
0 0.2704931640625 0.21346805736636243 0.0507421875 0.015958279009126466
0 0.210341796875 0.4807235984354628 0.14154296875 0.38628422425032594
0 0.2725439453125 0.5153780964797914 0.038447265625 0.03694915254237288
0 0.27828125 0.8095241199478487 0.049921875 0.047894393741851365
0 0.40759765625 0.8845827900912647 0.0175244140625 0.23084093872229466
0 0.4110986328125 0.5961994784876141 0.01837890625 0.3080443285528031
0 0.4071044921875 0.20428943937418514 0.0165380859375 0.40256192959582787
0 0.5444091796875 0.15089960886571055 0.03208984375 0.1053715775749674
0 0.4919140625 0.5380443285528032 0.038369140625 0.13741199478487615
0 0.53287109375 0.5372359843546284 0.0233349609375 0.13902868318122555
0 0.604541015625 0.4724250325945242 0.1242626953125 0.38636245110821377
0 0.7173779296875 0.2953650586701434 0.17962890625 0.3331747066492829
0 0.74904296875 0.38689700130378096 0.067822265625 0.19265971316818775
0 0.82271484375 0.3414602346805736 0.02134765625 0.13090612777053456
0 0.6295068359375 0.900684485006519 0.0475634765625 0.17347457627118645
0 0.6791845703125 0.691271186440678 0.03724609375 0.028559322033898306
0 0.4812548828125 0.8114341590612777 0.0399072265625 0.02604954367666232
0 0.5306884765625 0.811271186440678 0.020185546875 0.023142112125162973
0 0.2151318359375 0.8779465449804432 0.110107421875 0.2408670143415906
0 0.1755126953125 0.8212777053455019 0.0442626953125 0.15380052151238593
0 0.2810498046875 0.7155215123859191 0.0383544921875 0.03288787483702738
0 0.323349609375 0.40597131681877446 0.0211572265625 0.12564537157757497
0 0.3369189453125 0.4223924380704042 0.0143701171875 0.11479791395045633
0 0.7274853515625 0.8629204693611473 0.08791015625 0.27415254237288134
0 0.0745166015625 0.3815189048239896 0.033671875 0.1317405475880052