0 0.4468346005395924 0.8558637767811504 0.061687291835504136 0.04499263280515149
0 0.5063513046221226 0.7785891092259872 0.014283309866704976 0.09506366162612492
0 0.48049874714495183 0.28307621294873675 0.05571103862187969 0.04542594549565599
0 0.4943975378384266 0.03286568043449254 0.05307930119253864 0.02935038947622017
0 0.39294845063790496 0.11517087370734193 0.024618489712273654 0.08015756148831477
0 0.3329023863863538 0.02425886475587792 0.0271164635184191 0.023682582906045177
0 0.3269663882953325 0.07597652966225364 0.02787599612365793 0.05366200835760212
0 0.34634698208366943 0.11236090557132246 0.0172159812859311 0.03128448665786253
0 0.36100338449959274 0.1472296877598414 0.016259576686870184 0.035906195009076235
0 0.37541053467224583 0.18208878385374036 0.01680448617229017 0.04125179888939487
0 0.39180590216620054 0.2176911476659842 0.019297008604992064 0.041348659835594916
0 0.40892582389052595 0.2559856856076274 0.020751917690593587 0.036746323673621295
0 0.4220780119095381 0.29179501967050353 0.013790256753608149 0.038472449908415356
0 0.43461295725808896 0.3125952688183612 0.018746298494712085 0.0353372769938915
0 0.4475535970954207 0.3440673535376159 0.012723640282207698 0.030444357993317586
0 0.4590045240979913 0.37481554272776585 0.017320392533410413 0.04326850796278922
0 0.47124671251682226 0.4005994479913895 0.013732250505008443 0.0318146602945673
0 0.5147841224639412 0.4975299643117809 0.023354651995634787 0.04949298488613307
0 0.3218828391084082 0.5449790635793794 0.09548698629763058 0.034991699329931
0 0.3146273734874537 0.7195232607666344 0.011784637557726647 0.03706340322868571
0 0.30349065965696087 0.9675101139568519 0.037411388241384715 0.061353648528395505
0 0.32932333252314755 0.9215606788304634 0.020282416328352947 0.040055846291305354
0 0.35100265168850225 0.8944309665896221 0.023441661368534122 0.059479669306905375
0 0.37174296812937585 0.8606047203564524 0.017940710142010086 0.05726923834111049
0 0.39051826974838766 0.8233720905593984 0.01846821775285032 0.06061750533727463
0 0.4104847266475809 0.7925127913686004 0.022989561880873463 0.0647865288087439
0 0.4320424073165846 0.7507262558826729 0.019471027350790957 0.061322028677139526
0 0.45152776160381725 0.7178502476184805 0.02147664654667246 0.06273107535686932
0 0.47232318398086054 0.677699101252155 0.01995793058761135 0.06000984294360992
0 0.5120503502224264 0.6109774745655528 0.036559394889803 0.07795937818453594
0 0.5300357874308435 0.3496036772216867 0.01066616471400315 0.0802809191509789
0 0.527419075440777 0.2779065196427584 0.026107853295618582 0.022312280604795526
0 0.8317685388519392 0.14521077608018698 0.027378190139950208 0.1681178731480711
0 0.8270106977857138 0.4337387809889265 0.013552780385765998 0.06841313098149238
0 0.818192487642124 0.7017958639668888 0.013952674249687056 0.057114260827190476
0 0.73449111833186 0.993442652642762 0.01980131371639232 0.013114694714476113
0 0.7168552902464143 0.9715856375319051 0.020775120190033334 0.03940943951916057
0 0.7007497793697496 0.9313325070845875 0.02031722007751257 0.044050520059614275
0 0.6858586262727059 0.8947895913979864 0.01981871559097219 0.04403114787037424
0 0.6697212119593114 0.8581982452382855 0.02280974251021469 0.04414738100581447
0 0.6531374987831162 0.8155955162368809 0.02079832268947308 0.04207255536469985
0 0.6362639289896309 0.7776435538705501 0.021783730412834077 0.04077974182041029
0 0.6139677164052313 0.7324878183280384 0.03138292940402045 0.055794950566436775
0 0.5956392375261447 0.689817286664294 0.015795875949489425 0.039881496588145
0 0.5832058031126433 0.657365905692202 0.015790075324629546 0.039215717626760335
0 0.5699956088450314 0.628214361243174 0.01827679713247156 0.03864679961157556
0 0.5530640328029467 0.5969201884906915 0.023812552108155326 0.04485190434567922
0 0.7014127968608673 0.5690518911450452 0.1663152277603842 0.04240300293170818
0 0.5687993514428229 0.5079540838616339 0.04453546667444883 0.0782693332123764
0 0.714132382775297 0.2538601072334408 0.02582397192889671 0.046926729986793835
0 0.7756685091130258 0.28821964884567514 0.02083312643863304 0.04606722913300877
0 0.7612526580030827 0.2543592211938534 0.01726818690967104 0.03727649731032599
0 0.749253921202662 0.2292507809862345 0.012161328922207733 0.023101417228844526
0 0.7294589319882542 0.18319323794784578 0.01826519588275157 0.03731524168880599
0 0.7137359131009305 0.15627505891746463 0.01970270309377323 0.03071556864267783
0 0.6982592461444471 0.12969945546239584 0.015210362090049712 0.02987543997813281
0 0.6887559320891583 0.10435498672028463 0.012648232159028352 0.021789231495314847
0 0.6789685620414395 0.08299550565186231 0.01118752244856695 0.02572578869590369
0 0.6687203915687702 0.05728908914519864 0.01320474289416821 0.02846639329840309
0 0.65637669221489 0.04315631570580924 0.013048126022949184 0.010490361341012923
0 0.5875522553663266 0.8167098576394343 0.034965270807562544 0.06658301927327387
0 0.5872600223137312 0.7357789694526985 0.02483856420553594 0.04821954353108355
0 0.27100735778662954 0.8610191013789689 0.02320523275494118 0.26113320584954575