0 0.5808675196633042 0.4977562134781597 0.12198662913454754 0.9954607683369978
0 0.7649996072306049 0.01195711964896545 0.06096168760607397 0.014793407549303007
0 0.7374318524032842 0.32255388560668413 0.06572419217249005 0.06638184128098845
0 0.7135866843875364 0.6599714407491382 0.047834277644416 0.03688718877788754
0 0.7062735966974953 0.8848497975129408 0.02707573073356712 0.048181806834880346
0 0.7579785155140851 0.9732311736770763 0.05775368521379169 0.04126019804479117
0 0.8582125089626873 0.8510918580916212 0.08941701599778684 0.032914259497984065
0 0.4780115920722067 0.7197968070766726 0.05619900595748966 0.033372206884603635
0 0.4211117727461285 0.7120049072126127 0.03769590740098938 0.028932517619866763
0 0.3197274947948153 0.5635081113251175 0.06653404417268301 0.20242664814534864
0 0.2419438558755341 0.7964518167925947 0.03420329780298322 0.033201339390155654
0 0.398421488956736 0.9735183190124957 0.028958898271487322 0.04390048256499785
0 0.4368017543228536 0.9728621765830665 0.02913406841072777 0.046765812077891836
0 0.2801656721291241 0.9167995850347642 0.0767054137641144 0.14952223965342434
0 0.22836051569334045 0.1557476371668863 0.09799999865623757 0.3114952743337726
0 0.47254123953374166 0.11196193420415897 0.03569215544544383 0.09264025678324748
0 0.8281906456348568 0.5176727148267429 0.21843407352050417 0.45921585213674
0 0.860307250406861 0.09319785448087903 0.10913506963674502 0.17125392599227493
0 0.9396410573998837 0.2339900292022281 0.027426071012048015 0.053912465860668314
0 0.2043129289480863 0.5436409035771825 0.14829753997791076 0.41714346921684015