0 0.7153880625607842 0.36299935715018977 0.03031068426423459 0.12805006033526836
0 0.6884354574026877 0.34139604833984966 0.04569878351688809 0.15231875590826915
0 0.5279822371638403 0.16347687574991746 0.06818285447203452 0.0782488323715798
0 0.37865139149254956 0.49584152111989466 0.03480264453727486 0.06633530053953134
0 0.37404786017280783 0.8269547504902951 0.04521873342199146 0.34609049901940986
0 0.4268846546229397 0.6488250000188365 0.02884622122269494 0.05255568976272116
0 0.5240147349001204 0.7246937331822076 0.03202407336121457 0.21306824043162506
0 0.5454538376427482 0.4795825904077104 0.02655903458355323 0.19862419105505666
0 0.5720541003123755 0.18322965473366654 0.035673907314767786 0.31378017955863946
0 0.6065503678146009 0.8130442981592148 0.016377335900452393 0.04265187602086185
0 0.6486316552477439 0.6652522195038858 0.020243758039637558 0.05432733643479974
0 0.1727014616520742 0.2259578081997432 0.04149453315960542 0.1277181254263039
0 0.15028931278000401 0.22560126985440682 0.02482786505404195 0.1129257388498564
0 0.1701241316631446 0.08086193015250208 0.022991635218695506 0.08160155482488288
0 0.17803882519848696 0.012004313213907984 0.018667767118301055 0.013495176395102065
0 0.4862201755798604 0.43552944883278966 0.04065723054127435 0.03728943547736958
0 0.43945055355460705 0.3435253247298569 0.04266641941732704 0.11416018377668938
0 0.4846069799206551 0.7507012708454578 0.0346539335030616 0.041181066021405914
0 0.4517989776138823 0.7289158766806355 0.025062233672205315 0.02456953224562368
0 0.25911719824798274 0.877471330271973 0.1413943267717594 0.23210286987930479
0 0.3924836597317971 0.9578679742563343 0.021695285933253834 0.08426405148733138
0 0.4095100137948256 0.5727131225919582 0.05310186785702374 0.026800919463008374
0 0.5171838689796977 0.45964037809676556 0.026785313338401492 0.03210002597015881