0 0.471494140625 0.7724250325945242 0.0159912109375 0.3772685788787484
0 0.5394140625 0.353096479791395 0.03541015625 0.08235332464146024
0 0.6089501953125 0.4012255541069101 0.0241796875 0.06455671447196872
0 0.975419921875 0.9247001303780965 0.0491650390625 0.06911994784876141
0 0.7185205078125 0.9775619295958279 0.022109375 0.0448761408083442
0 0.4776220703125 0.16773142112125164 0.0191064453125 0.3354693611473273
0 0.34181640625 0.05376140808344198 0.041533203125 0.03803129074315515
0 0.343330078125 0.6672490221642764 0.03263671875 0.023696219035202085
0 0.33796875 0.9440743155149935 0.0239013671875 0.049517601043024766
0 0.7529833984375 0.4626857887874837 0.0493115234375 0.13441981747066492
0 0.391015625 0.18077574967405477 0.014765625 0.2204367666232073
0 0.5612939453125 0.538181225554107 0.0255322265625 0.08649282920469362
0 0.5978515625 0.531812255541069 0.0112353515625 0.10558670143415906
0 0.3914111328125 0.7620273794002608 0.0155615234375 0.14427640156453717