0 0.45864668993016594 0.254398714504392 0.04032978960159238 0.46582192069052974
0 0.5039196516738854 0.4503357118690112 0.02948019037506054 0.05766327566476035
0 0.4802437892578581 0.7836186914941546 0.03674291631720768 0.43276261701169083
0 0.5016149738171976 0.9213891785486079 0.01821553826384215 0.016855648059614054
0 0.5206597017894731 0.9470323057848554 0.008237526188934675 0.040017195458826794
0 0.5367916664214342 0.9469859430012971 0.02480314610544076 0.02518556822590006
0 0.5933252177676864 0.9882197355159896 0.01820674114215229 0.014836805529331417
0 0.6291085757163705 0.9902829178880856 0.006071846087947383 0.005618549353204889
0 0.6964891299674174 0.5089693681955472 0.014197942068809121 0.0200637394284513
0 0.7083353542188818 0.50909304259905 0.009620598511675566 0.010466247332793931
0 0.5239556440015395 0.7112523169740029 0.022262458197841607 0.020377031791719243
0 0.49253280196771676 0.6918589359074435 0.018751826634769944 0.02427765144335466