0 0.9732127612766249 0.7101043079526461 0.041944010364751066 0.5005501286024066
0 0.8974747321816094 0.7777094444433789 0.16668358508429632 0.031237232503879588
0 0.9073306110339119 0.6600019650943607 0.06884417757884916 0.629881714929804
0 0.9112822954456343 0.9879064278952606 0.02890169165579982 0.02418714420947875
0 0.5712458254884114 0.9550147674085526 0.39395867956029035 0.0899704651828948
0 0.2946117925472397 0.9832861451560069 0.019556776656723982 0.018924711980578084
0 0.19112781506515603 0.9157623540387166 0.10017870854451993 0.031636322310350934
0 0.2014741015038737 0.8836815997329703 0.09171675352524244 0.040815278717582
0 0.2873545083932099 0.9022113895480047 0.03529263837004819 0.032776750340609034
0 0.34439409161066986 0.9514598678774652 0.026952419318617787 0.05126802766474586
0 0.3135901407415027 0.47559820047820517 0.07194525945796844 0.7029809586360193
0 0.2907954205494254 0.8442301433211749 0.03264769215744785 0.03560040344423006
0 0.08411260688267025 0.8926053263210828 0.056705044311764305 0.02952849972367751
0 0.06359795580439585 0.9431565197463292 0.09526338832807918 0.06593692364653216
0 0.06253754403720388 0.7779918948746856 0.11216042388855939 0.1686141769062769
0 0.20246400256787556 0.7669110868006859 0.1305119204612446 0.05430940181913931
0 0.3964091682500407 0.8104054058426222 0.05454975725976421 0.028778826218035583
0 0.7141763983380088 0.9049022781831458 0.18475658937557624 0.14181081248779218
0 0.6872531511656067 0.6863164608711586 0.12470549439736889 0.18456520070985052
0 0.5799328546376884 0.6044035075754888 0.08328017613240979 0.09296584253636828
0 0.6918659591188033 0.5592133077866887 0.05974329134356275 0.05679080650544363
0 0.8154303659240602 0.48626118616611974 0.04661491862196295 0.037249785528897836
0 0.8280817682982821 0.44203612255799246 0.05895397441595437 0.03744149701155472
0 0.5956116428868597 0.3696423666417663 0.3815419940353345 0.1369902047679885
0 0.4365067744279948 0.14434574189415628 0.0729212008804697 0.03909087909622234
0 0.3168688660057353 0.10164769319997649 0.04372650047366855 0.021448796798707648
0 0.2115614250881349 0.07099418135655984 0.11277060057942434 0.05116900800504206
0 0.2422471560951782 0.04281182965240746 0.07451856334612432 0.07922216284044743
0 0.9928485776996153 0.11107564976949419 0.013422599910183417 0.12410887763346695
0 0.8983082077367965 0.07772351405027643 0.045220855581914285 0.05370042438247421
0 0.8354529733572656 0.042355996636700505 0.058164657488346226 0.018092187517665576
0 0.8269188191854483 0.0794802510765026 0.042981289782942966 0.0465037594728207
0 0.8197861254955017 0.17358627071249116 0.02544598461594083 0.05912267797964033
0 0.7547535509455293 0.16111221591557587 0.07064146257141016 0.06985149495055945
0 0.7378096938589541 0.26688768471886853 0.023032430744603337 0.12067725081573306
0 0.6637986306510294 0.12029276955706661 0.07954353993598091 0.09434016031983264
0 0.5632741912392214 0.2573693928820583 0.03191184577194119 0.061371698496566526
0 0.4790292132552068 0.13425924348732082 0.02297746335087159 0.23956341975526946
0 0.4421316757706585 0.021915419831848356 0.06638042528271736 0.031111199553508176
0 0.058439825261748166 0.22946441842565204 0.039002400088402424 0.15243759863135156
0 0.15028435455205325 0.20223228885292915 0.06051659494994528 0.03388484096600107
0 0.22652412240210026 0.1783400979975391 0.047497878601761356 0.06376241880502179
0 0.21737389094922627 0.22154484237038627 0.028131103338629525 0.01834174411202897
0 0.27155043364483655 0.2435226786362259 0.04059189510046791 0.027845776511591216
0 0.0733549526238036 0.5545587074828647 0.1467099052476072 0.08046411983678954
0 0.20893108216145823 0.641627938148266 0.11952947048642597 0.03480172197001211
0 0.2122087281951323 0.5345654210903446 0.10816701772442291 0.06828596754571423
0 0.5389041616999308 0.6438888069759787 0.0797963761768939 0.11368113453186698
0 0.4444039642472002 0.6485106225844609 0.019579438993956644 0.10271892966901787
0 0.454722018563237 0.47492505009308295 0.021631718688547803 0.09558894701420151