0 0.4563037109375 0.420026075619296 0.013515625 0.21771186440677967
0 0.4483251953125 0.7238396349413297 0.0158154296875 0.31134941329856586
0 0.53080078125 0.9421773142112125 0.02783203125 0.11563885267275097
0 0.5663623046875 0.9416818774445893 0.02322265625 0.11662972620599739
0 0.3867822265625 0.9288005215123859 0.0248828125 0.14240547588005215
0 0.3884130859375 0.8051238591916557 0.00736328125 0.09329856584093872
0 0.6591650390625 0.7734028683181227 0.0495458984375 0.2043024771838331
0 0.7579052734375 0.7410886571056062 0.091513671875 0.3161212516297262
0 0.8265771484375 0.7231877444589309 0.0135546875 0.09991525423728814
0 0.3988134765625 0.4465514993481095 0.0949853515625 0.21348109517601044
0 0.3225732421875 0.2799478487614081 0.0479296875 0.026219035202086047
0 0.3326708984375 0.8441003911342894 0.038427734375 0.02653194263363755
0 0.5858251953125 0.04670143415906128 0.0314013671875 0.08308996088657106
0 0.7315625 0.4927835723598435 0.019677734375 0.061766623207301176
0 0.638388671875 0.3403389830508475 0.116787109375 0.3809322033898305
0 0.7055810546875 0.5658083441981747 0.03140625 0.03047588005215124
0 0.8334814453125 0.4770469361147327 0.018447265625 0.0176857887874837