0 0.8062389371071297 0.25901848142868406 0.08141468503837901 0.37987225641257427
0 0.7690891731853524 0.6172843166214264 0.07682697711945874 0.3575714237364334
0 0.7374207823813169 0.8925229283540059 0.06602728877406139 0.2149541432919882
0 0.5753405370907241 0.09054431491818114 0.022081292095993632 0.12516351767228742
0 0.5520686606485643 0.24883936019395977 0.016863261258749596 0.08655025001677533
0 0.540669110252711 0.45312330284350344 0.026991828751590896 0.01647988214443007
0 0.5238642050619432 0.6253052962018258 0.01582420042468713 0.07934910887159198
0 0.48638018214660217 0.637174791056208 0.026566045835653362 0.02363550453142119
0 0.4697686246692716 0.8595447650995512 0.024618602502386233 0.02422670333623051
0 0.4951799907254215 0.9963867313725703 0.011889200001988565 0.007226537254859473
0 0.3983469354213066 0.057998263076778654 0.03204543334261323 0.09223573437728526
0 0.3906800021010645 0.1864735208014201 0.03852979168323789 0.1641257624739389
0 0.38281438148968605 0.3201563159255545 0.027151257509147264 0.09078022421851376
0 0.3775205033741317 0.41286104817493885 0.0228870625049713 0.049589740472200494
0 0.36951000026106295 0.5299206359978998 0.034935691264516455 0.14381094708378966
0 0.3552457594436048 0.6855628731117345 0.014382083341618945 0.08191115204299587
0 0.3503556217551238 0.8805992381783576 0.03401628752087982 0.20634691463589744
0 0.32416261751073816 0.115650730789686 0.06727054752147632 0.21324568749650882
0 0.31285113294924566 0.3300389759164135 0.06498254627326594 0.23077086592429383
0 0.3027459763014039 0.5148117228521806 0.053564240432044774 0.152862094292076
0 0.2964275836076532 0.657992448729292 0.052553587931646994 0.14892040555888744
0 0.2877615321649962 0.8118535029689993 0.05423433501749919 0.17373776264824004
0 0.28149126259395874 0.9325515936630454 0.043678958341618945 0.08282152720683743
0 0.5195917627232806 0.1631073577212667 0.027491473335056638 0.017798836028625243
0 0.49706702545650383 0.4071260014325082 0.01724324875178973 0.018132095203679657