0 0.10053652321006529 0.49240232722004035 0.16365641249770507 0.9848046544400807
0 0.5089404786575374 0.056703397429263384 0.04431869138475436 0.11340679485852677
0 0.47820198584497975 0.5411181512445729 0.12144211127686358 0.8350650001190936
0 0.748335294966319 0.8018652739764246 0.0735323768141316 0.2632137677581251
0 0.8124623009333785 0.3163957814434789 0.10461584806608663 0.6327915628869578
0 0.28310133541319743 0.43169222231611215 0.03691721599658579 0.04642412182111008
0 0.2807571177490094 0.19361122152891025 0.030216143805091633 0.06581814686233563
0 0.2949162154807989 0.1371549021532162 0.05482179215361084 0.04596025624140486
0 0.25500695616250385 0.719969018747068 0.04482673401849615 0.053091620935322485
0 0.5533856700544646 0.06364199781085612 0.04535180923215295 0.12728399562171225
0 0.36759807024413277 0.02888516864257757 0.032338929652015 0.05777033728515514
0 0.29117232734250764 0.2666001580689673 0.052510505799599164 0.09435054270088865
0 0.4343385323709643 0.11188485597959624 0.03212453846448423 0.22376971195919249
0 0.4081140535695694 0.4436193071733208 0.04141737593213037 0.35098465042549915