0 0.9505768330915939 0.6294281635623302 0.09884633381681222 0.599621307635298
0 0.9570666582336363 0.7662328395553366 0.08586668353272721 0.07707277601703619
0 0.9114047202340044 0.8738262930364302 0.03497862881272051 0.042055404014427346
0 0.8350101131460519 0.9424404011523033 0.06293737705914305 0.0535195577870503
0 0.6295170382665218 0.7612323234413176 0.13403272734909927 0.16662612253443368
0 0.7727637111041956 0.758267397708896 0.1360913502591573 0.19211873251796324
0 0.7380491810966571 0.5544658414522089 0.10802832524564496 0.13756393219305377
0 0.6004738562570348 0.5671427562819117 0.13486547807923227 0.18784252988945488
0 0.37497179012370196 0.6718649733660226 0.13046383490749044 0.656270053267955
0 0.6111406110809455 0.4615216157118661 0.5447008106612008 0.26485715059343135
0 0.26918552959312814 0.4696127810894864 0.08336983763759294 0.061924409143140124
0 0.20099320845666044 0.16764756537883096 0.018947754294692233 0.05144611617212007
0 0.19995038367444218 0.23542484486363371 0.03417138421906038 0.03496680765066799
0 0.20649837216033154 0.2539934642709259 0.019481919754037808 0.024621381925349704
0 0.14713951390824212 0.8038088005308974 0.17574616478451965 0.11070805071230563
0 0.13747656440288727 0.908048435101446 0.13149770791623616 0.15595207654191423
0 0.0741153236117905 0.7210042432814711 0.11353270013470314 0.557991513437058
0 0.31157673745897185 0.9431257843610564 0.09563756832163493 0.05100404577718056
0 0.32912044247007527 0.97034525283375 0.12362407492572854 0.05930949433250012
0 0.2921979969170849 0.7189634751905394 0.12108680327166718 0.06592196454854632
0 0.3090979950004038 0.8462786755533399 0.12253699453415906 0.06243527839229942
0 0.42823833490329644 0.8828265857259787 0.02510712577318616 0.06011374548040218
0 0.4603255900758259 0.878172972401855 0.021232948508515467 0.05575523995813279
0 0.5611592359833063 0.9386106076867203 0.0356313160696378 0.1227787846265593
0 0.5306114721065841 0.7482696656944058 0.03574009727912397 0.15580156610177606
0 0.5006743920986261 0.5651007575548803 0.0378542369045241 0.18270860324230703
0 0.4783239867680256 0.44044157542918494 0.019953811834446573 0.03664401275986181
0 0.46136847196936454 0.3117119479093829 0.02950645961240952 0.0913299064069464
0 0.4494773654834343 0.23788190590652256 0.01906103994657489 0.04085437307336163
0 0.5695933864955658 0.1914639052353456 0.03238809266451519 0.029966930864906486
0 0.34064292175472827 0.086519078643329 0.021991433050428052 0.021167616926606975
0 0.30848514457742193 0.09611495672758166 0.021600563821834357 0.02468722424035834
0 0.10100841612368677 0.3563145544550842 0.025252674225136277 0.023388021134622038
0 0.6569060370330544 0.3471023438192055 0.05169895783012996 0.07718622614477448
0 0.3973627639915305 0.3118418586158735 0.029117842605014186 0.0814289163079365
0 0.376016163979486 0.18580117049068093 0.028384864199574526 0.1301443503307245
0 0.436752382156772 0.14954575525502167 0.018892237579350026 0.050031689015118695
0 0.5071706651639373 0.14431749994417786 0.009698196229913128 0.017960169301304445
0 0.5425619251582806 0.13623481248943953 0.04353873237811844 0.031019816597202637
0 0.49256298380968255 0.06192682239492432 0.05821918795834817 0.09504763197356599
0 0.5785841390121723 0.02292544704686533 0.013100481414175235 0.010296043989061773
0 0.28466534699282425 0.5877012837742734 0.11164068448199217 0.040906120040987176
0 0.22839073603369864 0.6163254948551944 0.013350306633214988 0.016660966195568016
0 0.3124496623190264 0.6418942470205568 0.022618614170872416 0.1045365162959297
0 0.2938879069588851 0.5328925270943898 0.022091205375121385 0.09109945830441626
0 0.25169432881721593 0.542882867760852 0.062400959378599186 0.09376488944658178