0 0.58181417884989 0.2000727514473031 0.03082758650027505 0.35019741277588273
0 0.5580647416671812 0.618005164327893 0.04549855096250158 0.488149188194651
0 0.5872134245072073 0.3584891828408076 0.009347082536180376 0.045664153639645454
0 0.5351197977735213 0.3634061009330283 0.005745157355486102 0.006365906356197518
0 0.7835498716058233 0.9446081665469976 0.020244176708912473 0.013003944343787235
0 0.8078955364044081 0.9343564039216271 0.009493499805976021 0.017482087104814224
0 0.8563013156894348 0.42327338874060927 0.010514377733407498 0.01682634468164452
0 0.2969394845336313 0.33811281027372797 0.009511476185922659 0.018857602923246213
0 0.3870211272393994 0.8163469734872694 0.009457547046082627 0.014731055467950713
0 0.38052473765568207 0.8010081988252183 0.01151727928089222 0.014795086440042592
0 0.3844940091259765 0.8520463537944065 0.008391728168784614 0.011948008345040638
0 0.41022731339193946 0.9879256781827833 0.010712117912820868 0.024148643634433396
0 0.5427898142277816 0.9700096802436957 0.014909869861977556 0.059980639512608507
0 0.5100466240503145 0.981172205798411 0.007822865970242215 0.0078054531467214635
0 0.5276723640151549 0.8544332326271749 0.016403346128466938 0.03419637758529718
0 0.5195662364449481 0.7454713397251267 0.007867806920108869 0.011244242692801243
0 0.5418117221538434 0.7382504567191356 0.014484818703008493 0.08432266624294665
0 0.5696707333485002 0.7153792231029198 0.007894771490028884 0.013307516420449111
0 0.5072000243454245 0.6274325281875751 0.023875672689749067 0.01517927227259667
0 0.6146354726046552 0.6252680793341593 0.018861164952325458 0.02533556348060522
0 0.5776316634346531 0.06680750696925022 0.016056582449035614 0.08643396319966377