0 0.28046875 0.34696219035202086 0.038984375 0.05527379400260757
0 0.24263671875 0.2173728813559322 0.02275390625 0.039413298565840936
0 0.2141796875 0.21243155149934811 0.0384765625 0.050704041720990876
0 0.179052734375 0.06433507170795306 0.05275390625 0.12126466753585398
0 0.31169921875 0.057281616688396354 0.0156005859375 0.11421773142112125
0 0.306484375 0.2081942633637549 0.0172802734375 0.10571056062581487
0 0.308994140625 0.36091264667535855 0.020185546875 0.10785528031290742
0 0.3171142578125 0.7363624511082137 0.017412109375 0.5272685788787485
0 0.369208984375 0.4529269882659713 0.0082861328125 0.25261408083441983
0 0.3681787109375 0.12659713168187745 0.00740234375 0.24027379400260754
0 0.3687646484375 0.28556062581486313 0.0091650390625 0.03438722294654498
0 0.3711474609375 0.8436375488917862 0.00806640625 0.21455019556714472
0 0.3730908203125 0.988116036505867 0.004912109375 0.023761408083441984
0 0.512275390625 0.8773142112125163 0.0270458984375 0.06259452411994784
0 0.4779638671875 0.7666753585397653 0.01517578125 0.03713168187744459
0 0.4649072265625 0.8160234680573664 0.0115185546875 0.022249022164276402
0 0.439541015625 0.8203324641460236 0.01064453125 0.015202086049543677
0 0.420439453125 0.7478878748370273 0.0289111328125 0.0661277705345502
0 0.3939306640625 0.6877249022164277 0.0250341796875 0.05252281616688396
0 0.3593212890625 0.5880443285528031 0.046748046875 0.1273011734028683
0 0.6176904296875 0.20357887874837027 0.02392578125 0.056447196870925684
0 0.646328125 0.08363754889178619 0.0524609375 0.15923728813559324
0 0.5215625 0.08383963494132987 0.02875 0.061740547588005214
0 0.5495849609375 0.4348435462842242 0.023740234375 0.059797913950456326
0 0.52443359375 0.5278031290743155 0.0197705078125 0.023461538461538464
0 0.51578125 0.6002086049543677 0.025341796875 0.028265971316818773
0 0.63453125 0.9033702737940026 0.0335205078125 0.08140808344198175
0 0.65919921875 0.8132920469361147 0.0230419921875 0.053996088657105604
0 0.7006298828125 0.6411212516297262 0.014990234375 0.05134289439374185
0 0.7073388671875 0.2719491525423729 0.0213720703125 0.5397848761408083