0 0.07043650793650794 0.7881179439349724 0.14087301587301587 0.3217773571631679
0 0.3975694444444444 0.8294669966255911 0.439484126984127 0.17975714731442016
0 0.026041666666666668 0.4882441003891658 0.052083333333333336 0.7029819978971651
0 0.2951388888888889 0.6068326962427751 0.05803571428571429 0.31531901336166607
0 0.4087301587301587 0.46875231117269806 0.14285714285714285 0.07489631816789123
0 0.48834325396825395 0.6492745306595007 0.30357142857142855 0.13316129862332524
0 0.5099206349206349 0.35240053171988983 0.39831349206349204 0.23912811043992194
0 0.7532242063492064 0.3790852895090741 0.09474206349206349 0.06358270585633183
0 0.11830357142857142 0.3748349302258243 0.12648809523809523 0.25984369782594396
0 0.17857142857142858 0.05108158904510276 0.04365079365079365 0.04146482422311765
0 0.3767361111111111 0.005854771177765712 0.06597222222222222 0.011709542355531424
0 0.6235119047619048 0.0014617486927130034 0.10962301587301587 0.002923497385426007
0 0.7710813492063492 0.03734131090596208 0.10863095238095238 0.07468262181192416
0 0.921875 0.07635484695868329 0.037698412698412696 0.15270969391736658
0 0.7259424603174603 0.8965570960392513 0.10267857142857142 0.07009828497456276