0 0.5496049230900948 0.8469903858511985 0.030847623733309387 0.2752448138525759
0 0.5513319878631556 0.5923434839125324 0.027008591163469826 0.210688817240517
0 0.5507056417142355 0.2548141076655314 0.04558414284615779 0.4668147822319181
0 0.278291928426806 0.9547196900083433 0.05074222442219813 0.07796261660033926
0 0.2847021320176615 0.758273311126383 0.06318128616573782 0.29338238546907186
0 0.2945881055685365 0.3002580265414202 0.08155557187931038 0.6002076909460844
0 0.17049733869308717 0.07208367532624575 0.031046620133236898 0.06881161490655939
0 0.03474253613066678 0.5906168330514189 0.021135638677259053 0.060612925653872544
0 0.04608295872491229 0.3915203849054339 0.025643464121293338 0.1012811759832185
0 0.07203418581719122 0.3970726725021336 0.03637486879905903 0.09428777112710574
0 0.05832639155972966 0.17175911424863147 0.05041732331311396 0.3082962104268421
0 0.09951457920462038 0.29937041483250293 0.04095760158921468 0.07701030415924633
0 0.02135533080083187 0.8915311996991893 0.03492446811765003 0.19783506794625821
0 0.17196166325315418 0.9528509890851046 0.023749446517891237 0.08602583888554845
0 0.11130282031458497 0.9926544562405887 0.01860982795888529 0.00912570449823148
0 0.3489470633231628 0.6839799868280692 0.02301702041836173 0.07514362507038318
0 0.3126240997148144 0.6819288921542942 0.010063973545083885 0.110334656502843
0 0.42478154002077434 0.2095791494486755 0.02696841400738327 0.05278104573663369
0 0.4251957631310527 0.808239220971455 0.030427462880564568 0.03330436852974793
0 0.1130797476660871 0.7818291611154066 0.04209346745465076 0.048787380387351
0 0.25424039286089967 0.5445774191629611 0.026842055384388996 0.04553466892503949
0 0.22134961770270195 0.6724659779806744 0.01390119045957293 0.050303566346577795