0 0.3740966796875 0.03222946544980443 0.0099462890625 0.058370273794002614
0 0.3766455078125 0.09695567144719687 0.006328125 0.03105606258148631
0 0.37734375 0.25853324641460235 0.006923828125 0.2497001303780965
0 0.378427734375 0.593761408083442 0.0091259765625 0.3486636245110821
0 0.379248046875 0.8691003911342895 0.007568359375 0.17106258148631032
0 0.3810302734375 0.9873663624511081 0.0079638671875 0.02526727509778357
0 0.262568359375 0.9361473272490222 0.01869140625 0.04123207301173403
0 0.2730029296875 0.8685853976531943 0.0421923828125 0.043031290743155155
0 0.2701806640625 0.633194263363755 0.0428857421875 0.04122555410691004
0 0.266787109375 0.38471968709256843 0.04521484375 0.03705997392438071
0 0.2812451171875 0.15191655801825293 0.021357421875 0.0470599739243807
0 0.2496875 0.03682529335071708 0.01869140625 0.03647327249022164
0 0.0915478515625 0.2920730117340287 0.0127001953125 0.08725554106910038
0 0.110048828125 0.5313298565840938 0.0228076171875 0.05908735332464146
0 0.13705078125 0.6128617992177314 0.0312255859375 0.0786179921773142
0 0.1737060546875 0.6954432855280313 0.0331982421875 0.07907431551499348
0 0.19609375 0.7667470664928292 0.0304150390625 0.06558670143415907
0 0.22294921875 0.8496610169491526 0.0167431640625 0.038265971316818775
0 0.1182568359375 0.9196153846153846 0.0149462890625 0.018096479791395045
0 0.3286572265625 0.8548239895697523 0.0101611328125 0.025436766623207305
0 0.330263671875 0.901284224250326 0.0054541015625 0.025091264667535855
0 0.4788720703125 0.1429465449804433 0.0158203125 0.016408083441981747
0 0.4464501953125 0.14420469361147328 0.01921875 0.014947848761408084
0 0.4481396484375 0.3818383311603651 0.0166357421875 0.10011734028683182
0 0.476982421875 0.3930443285528031 0.0161767578125 0.11059973924380703
0 0.4750732421875 0.610632333767927 0.0129833984375 0.01834419817470665
0 0.7301123046875 0.24772490221642762 0.012607421875 0.09677314211212515
0 0.5902197265625 0.03089960886571056 0.019140625 0.05477183833116036
0 0.612177734375 0.07209908735332464 0.031552734375 0.034732724902216426
0 0.587763671875 0.12741199478487614 0.0189892578125 0.06356584093872229
0 0.7026318359375 0.39493481095176014 0.0280126953125 0.08250977835723598
0 0.679130859375 0.33668187744458933 0.0171875 0.07669491525423729
0 0.6603515625 0.28259452411994784 0.0198193359375 0.0755606258148631
0 0.6448583984375 0.228116036505867 0.0144677734375 0.08532594524119946
0 0.62255859375 0.1410625814863103 0.0128173828125 0.041173402868318124
0 0.6323828125 0.17064537157757495 0.0081982421875 0.044902216427640154
0 0.6985009765625 0.5170730117340288 0.0197265625 0.06648631029986962
0 0.6790380859375 0.5976075619295959 0.0301416015625 0.09305736636245111
0 0.6590625 0.6860299869621903 0.0236279296875 0.08483050847457627
0 0.6416455078125 0.7549934810951761 0.0201904296875 0.05438070404172099
0 0.6258740234375 0.8157496740547587 0.0212841796875 0.07215775749674054
0 0.5295947265625 0.7345501955671447 0.0175048828125 0.036910039113428945
0 0.5968212890625 0.9658604954367667 0.025810546875 0.026929595827900915