0 0.78986328125 0.10883311603650586 0.02107421875 0.2095697522816167
0 0.758515625 0.12227509778357236 0.025654296875 0.08642764015645372
0 0.773603515625 0.5296219035202087 0.018115234375 0.07001303780964799
0 0.7683544921875 0.7054563233376793 0.0182568359375 0.21735984354628424
0 0.7227099609375 0.6435984354628422 0.060009765625 0.018885267275097782
0 0.75892578125 0.9748239895697524 0.014189453125 0.05034550195567145
0 0.7119873046875 0.9028943937418513 0.0208251953125 0.04368318122555411
0 0.6879296875 0.941923076923077 0.0253271484375 0.05166232073011734
0 0.6660107421875 0.9908800521512385 0.0211083984375 0.016251629726205998
0 0.4166455078125 0.9913624511082139 0.016181640625 0.01728161668839635
0 0.446181640625 0.7566558018252934 0.024560546875 0.026590612777053456
0 0.417568359375 0.740664928292047 0.013740234375 0.022255541069100392
0 0.42255859375 0.4874511082138201 0.025048828125 0.03600391134289439
0 0.4546435546875 0.4938135593220339 0.014287109375 0.020110821382007822
0 0.4354541015625 0.20833767926988264 0.0530615234375 0.0335006518904824
0 0.5090478515625 0.27979139504563233 0.0267236328125 0.5554367666232073
0 0.4772607421875 0.5735462842242504 0.0191162109375 0.041388526727509777
0 0.3073193359375 0.42942633637548894 0.00876953125 0.07690352020860496
0 0.2756103515625 0.039615384615384615 0.0322607421875 0.07014993481095176
0 0.28658203125 0.1913037809647979 0.036259765625 0.06754237288135594
0 0.325390625 0.25620599739243805 0.032548828125 0.06013689700130378
0 0.356806640625 0.32183833116036503 0.0288427734375 0.06704041720990873
0 0.2622998046875 0.6097392438070405 0.0180078125 0.018018252933507173
0 0.3117529296875 0.9878161668839635 0.0119287109375 0.024367666232073013
0 0.32373046875 0.9641264667535854 0.0092626953125 0.024348109517601045
0 0.3371435546875 0.9414797913950457 0.0161328125 0.03510430247718383
0 0.3538134765625 0.9082724902216427 0.0147216796875 0.03341590612777053
0 0.3700732421875 0.8773272490221642 0.01767578125 0.037053455019556716
0 0.388740234375 0.8452086049543677 0.018779296875 0.039119947848761404
0 0.4075537109375 0.8073924380704042 0.0113037109375 0.03380704041720991
0 0.4231884765625 0.7742829204693612 0.0166943359375 0.041792698826597134
0 0.484619140625 0.6616036505867015 0.0186572265625 0.04378096479791395
0 0.467138671875 0.6979204693611473 0.0173974609375 0.0335006518904824
0 0.450654296875 0.7267405475880052 0.016357421875 0.03191655801825293
0 0.5087890625 0.83367666232073 0.0131982421875 0.33264667535853976
0 0.5275244140625 0.6783833116036506 0.0368408203125 0.06548239895697523
0 0.5005126953125 0.6208018252933507 0.0445361328125 0.03091916558018253
0 0.5245361328125 0.584960886571056 0.021630859375 0.03361799217731421
0 0.5632861328125 0.5151760104302477 0.018798828125 0.03420469361147327
0 0.5456201171875 0.5514406779661016 0.01716796875 0.03271186440677966
0 0.5793603515625 0.4814146023468057 0.02 0.029374185136897
0 0.5580322265625 0.4430638852672751 0.04314453125 0.04100391134289439
0 0.5606201171875 0.3766949152542373 0.0468408203125 0.04349413298565841
0 0.5929248046875 0.3434419817470665 0.015341796875 0.036831812255541066
0 0.6113720703125 0.30409387222946543 0.0180029296875 0.04338983050847458
0 0.7302197265625 0.08121903520208605 0.0183740234375 0.03194915254237288
0 0.716728515625 0.10915254237288136 0.0120849609375 0.022666232073011737
0 0.70142578125 0.1392503259452412 0.017548828125 0.0295632333767927
0 0.6870849609375 0.16728161668839636 0.013701171875 0.026401564537157758
0 0.6701611328125 0.19644067796610168 0.01650390625 0.03438722294654498
0 0.6454345703125 0.24751629726205998 0.0119873046875 0.026968709256844848
0 0.65751953125 0.2241264667535854 0.0107373046875 0.02559322033898305
0 0.6292431640625 0.27228813559322035 0.01626953125 0.031101694915254236
0 0.69052734375 0.2764928292046936 0.022353515625 0.04248370273794003
0 0.632978515625 0.383096479791395 0.0184130859375 0.042477183833116036
0 0.5681103515625 0.7826727509778356 0.0255908203125 0.05198174706649283
0 0.697138671875 0.724374185136897 0.0300537109375 0.058767926988265974