0 0.8136773936966724 0.392893922484897 0.27717617614303686 0.5669830744155119
0 0.39890595547600105 0.41433498013683884 0.15551803242887588 0.34427884572319944
0 0.2633731843040209 0.26882106768740066 0.1012504185015025 0.24566562259867744
0 0.4737872734746426 0.07960968428264281 0.0579874154427383 0.13259119127392768
0 0.5993827220619327 0.035337857539440874 0.026021662935814687 0.03232924804694812
0 0.6167958035341081 0.43827357588993593 0.24066196578625546 0.42009336277281517
0 0.5926490686210694 0.48863308517142706 0.044844839295653444 0.22084540563356464
0 0.5856311373368183 0.6633538135192008 0.02423305769030669 0.05824039826380327
0 0.5473424447943123 0.714932781871177 0.07088706672444878 0.03302648161034194
0 0.7073654356370581 0.7201101872572577 0.04951374337686208 0.026043316333576674
0 0.701941995345488 0.9801125989790345 0.03720072776958009 0.02053115569225966
0 0.7220611497988103 0.44930037136145834 0.04967554258622644 0.05131967574742007
0 0.7330590952421696 0.11823368594053625 0.07004575563416406 0.04298992491233451