0 0.013312746371407346 0.39758308990279345 0.026625492742814692 0.13770095306154598
0 0.04856095892310672 0.6772736394991695 0.09347894077709432 0.15079609983344822
0 0.31076090479261453 0.9171183027086871 0.022933992351471935 0.059279635276094284
0 0.8033011297671758 0.9039031677392795 0.0163547947550744 0.023322165529989305
0 0.7405214012324615 0.8670328130678954 0.015977678130872433 0.026086797873662287
0 0.42559512773824104 0.4182246822519618 0.11395568339557142 0.43227325594115795
0 0.5115331641038952 0.06433074042740469 0.05023210111158133 0.12866148085480938
0 0.7029320072349191 0.4337317633876612 0.07964670995423515 0.14575346384586654
0 0.7736452926067806 0.3090962269741135 0.08755131956591315 0.16715590072077627
0 0.8803010559860994 0.13587268503115613 0.10029981907361869 0.1714340951019972
0 0.5395855415751311 0.7129444125737509 0.07269398364649994 0.14253284515277534