0 0.10820209507077647 0.8252842133969724 0.059037527562514285 0.34943157320605506
0 0.45541971826272065 0.8000099795001857 0.4291184102108841 0.3999800409996286
0 0.6855725618507326 0.7609173412342148 0.06866050132347204 0.4681526704293883
0 0.7804823449451656 0.8726721001644371 0.13020637350033926 0.2398673094166334
0 0.4693805694107671 0.8187838327796877 0.6408512294501311 0.17722324150810737
0 0.20744402838354273 0.9859668769853585 0.07061778582311672 0.026116203461455538
0 0.7090044870122038 0.3446153560544077 0.15884197532749972 0.07389984044483047
0 0.8388764859225755 0.21072100757203 0.15355942345805412 0.4096027706297068
0 0.8983333239470249 0.07156987089407472 0.17973116402308212 0.13058011996207625
0 0.9465147654499183 0.18969000117529372 0.09308852199487595 0.03974741780309885
0 0.025509686145607 0.234007821068199 0.04961145156999548 0.40341268116735357
0 0.08795523478392556 0.1510615043124095 0.06181931065287139 0.24673727923205044
0 0.39043594982066915 0.14466420067948801 0.44921867383488673 0.28675226945076027
0 0.37419389342215376 0.27809550785794274 0.4011919812444032 0.14104716389680674
0 0.720264884193458 0.2138366879754755 0.0716791200333302 0.05169212393912093
0 0.35216667747856617 0.4582438132177919 0.07729141040697038 0.07797622777364954
0 0.6919016009203166 0.010757046713012254 0.10557739538902025 0.011585414825363169
0 0.09281417360511879 0.16590158538125108 0.13892612579705488 0.03875779634468491
0 0.7572427432119723 0.6618946710237875 0.12153970972847888 0.027184575474178588
0 0.7888469961428561 0.5743353747131741 0.026105501366379763 0.06479480057923066
0 0.9887832668418278 0.7512433896677446 0.022433466316344387 0.4470994580062813
0 0.9501909219170417 0.9608682722728343 0.09961815616591661 0.04130864299798612
0 0.890776990332148 0.7769771984469693 0.12789001881480816 0.31857084734497254
0 0.7715625739612906 0.8218038791939998 0.1105482672676821 0.054685376224076196
0 0.42993969729826154 0.442699912558773 0.03203656173638577 0.05945820162750214
0 0.23534076332987308 0.3698679954540651 0.047221586511004984 0.03939114424132417
0 0.2335558333329752 0.42670856949251357 0.037316931439866995 0.04738821248074625
0 0.3987260284009207 0.571305091891048 0.031963232532155696 0.05609346407703108