0 0.4725634765625 0.1649413298565841 0.0582958984375 0.03605606258148631
0 0.525908203125 0.24780964797913949 0.0084814453125 0.09180573663624512
0 0.471181640625 0.7279400260756194 0.0521435546875 0.03771838331160365
0 0.4700927734375 0.9816623207301173 0.05044921875 0.03668187744458931
0 0.5156884765625 0.9945958279009127 0.026015625 0.010801825293350718
0 0.3758544921875 0.8803715775749674 0.01931640625 0.07604954367666232
0 0.3119482421875 0.9758409387222947 0.024404296875 0.04832464146023468
0 0.30904296875 0.9103585397653194 0.0244091796875 0.04964797913950456
0 0.33021484375 0.8772620599739244 0.015390625 0.028500651890482398
0 0.3464453125 0.8451825293350717 0.0139306640625 0.03314863102998696
0 0.36279296875 0.8128422425032595 0.0141650390625 0.03831812255541069
0 0.38083984375 0.7801955671447196 0.016826171875 0.038259452411994785
0 0.3997119140625 0.7451368970013038 0.01822265625 0.03333116036505867
0 0.4147314453125 0.7117926988265972 0.011435546875 0.03598435462842243
0 0.42822265625 0.6933246414602346 0.0166162109375 0.03216427640156454
0 0.4426611328125 0.6642046936114733 0.0106005859375 0.028292046936114732
0 0.4555712890625 0.6358474576271186 0.014619140625 0.040378096479791396
0 0.4690869140625 0.6119752281616688 0.011611328125 0.029895697522816168
0 0.51724609375 0.5232398956975228 0.0199951171875 0.04557366362451108
0 0.33216796875 0.4520730117340287 0.0924658203125 0.02227509778357236
0 0.3355712890625 0.2807431551499348 0.0092724609375 0.03477183833116037
0 0.33943359375 0.03505215123859192 0.0333447265625 0.06091916558018253
0 0.3619384765625 0.08569752281616688 0.017783203125 0.03670795306388527
0 0.3814404296875 0.11467405475880052 0.01947265625 0.055847457627118645
0 0.399609375 0.15054106910039114 0.014140625 0.05447848761408083
0 0.4156201171875 0.18932855280312907 0.01466796875 0.05765319426336375
0 0.433154296875 0.2220534550195567 0.01873046875 0.061010430247718385
0 0.45185546875 0.2655019556714472 0.0154296875 0.05797262059973925
0 0.4688623046875 0.3002020860495437 0.0174560546875 0.059452411994784876
0 0.486650390625 0.3420078226857888 0.0162109375 0.0563754889178618
0 0.5215576171875 0.41228161668839636 0.03126953125 0.07207301173402869
0 0.5233251953125 0.6696023468057367 0.0058984375 0.07758800521512385
0 0.5166845703125 0.7391460234680574 0.0244287109375 0.018728813559322034
0 0.8055322265625 0.9097913950456322 0.01712890625 0.1659387222946545
0 0.8180078125 0.625671447196871 0.009140625 0.06606910039113428
0 0.8253955078125 0.3630899608865711 0.0103564453125 0.05454367666232073
0 0.780703125 0.01939374185136897 0.0178466796875 0.03089960886571056
0 0.76193359375 0.053741851368970014 0.0171142578125 0.03878096479791395
0 0.7426025390625 0.08679269882659713 0.0179833984375 0.036310299869621906
0 0.7246044921875 0.12406779661016949 0.01763671875 0.040984354628422426
0 0.7078662109375 0.1576988265971317 0.016708984375 0.040977835723598435
0 0.68984375 0.19136897001303782 0.0198046875 0.04038461538461539
0 0.671240234375 0.23070404172099085 0.0182470703125 0.03883963494132985
0 0.65244140625 0.26557366362451107 0.019013671875 0.037425032594524114
0 0.6281591796875 0.3067535853976532 0.0278515625 0.05121251629726206
0 0.6075439453125 0.3461799217731421 0.013359375 0.03755541069100391
0 0.5935400390625 0.3761277705345502 0.0132568359375 0.036636245110821385
0 0.579033203125 0.4027770534550196 0.015625 0.03559322033898305
0 0.560595703125 0.4310756192959583 0.02099609375 0.04108213820078227
0 0.703466796875 0.4773728813559322 0.1621533203125 0.02046284224250326
0 0.570693359375 0.5198370273794002 0.0394091796875 0.07176662320730118
0 0.697138671875 0.7865254237288135 0.0228955078125 0.04297262059973925
0 0.7591943359375 0.7609517601043024 0.0177490234375 0.04292046936114733
0 0.74298828125 0.7921577574967406 0.0147900390625 0.03483050847457627
0 0.7299560546875 0.8151890482398957 0.010810546875 0.02136897001303781
0 0.7079345703125 0.8574315514993481 0.0156005859375 0.03470013037809648
0 0.691025390625 0.8818187744458931 0.0174365234375 0.027835723598435464
0 0.6743115234375 0.9058474576271186 0.01306640625 0.027372881355932206
0 0.6634375 0.929393741851369 0.0110791015625 0.020123859191655803
0 0.6525830078125 0.9488722294654498 0.0095263671875 0.024146023468057366
0 0.6410546875 0.972477183833116 0.0112646484375 0.026082138200782267
0 0.628505859375 0.9903911342894394 0.0121337890625 0.01921121251629726
0 0.6073193359375 0.22132985658409385 0.030771484375 0.061414602346805736
0 0.602109375 0.30023468057366365 0.0218115234375 0.044641460234680574
0 0.3017236328125 0.13424380704041722 0.0073876953125 0.26104302477183833