0 0.19554986342321723 0.14512985899992176 0.06191218967512587 0.21160523650444196
0 0.22492307078007592 0.38939254881375873 0.06969221303642899 0.2866014071908332
0 0.2544236585593304 0.6482810889677318 0.06631729099603655 0.24979546815030967
0 0.2797855768440174 0.8705239916978691 0.06036692075434827 0.20952879759642523
0 0.2947444478395658 0.9800613969458107 0.04401924953426386 0.027551792914167966
0 0.7593449196808996 0.8508350997506714 0.061243058593829745 0.19322601537183787
0 0.7486780461806892 0.6785998556477515 0.05693867667667406 0.16660040957631003
0 0.7368330549897993 0.5172786507709001 0.05799255464042886 0.17070579061702865
0 0.7255209274515961 0.3586666601355941 0.055849250688064435 0.15841339588253017
0 0.7144070980254313 0.1935861473693602 0.06115418853169326 0.18302193373918466
0 0.702423055430594 0.054061856880892704 0.059632261574019005 0.10812371376178541
0 0.6211636670767634 0.020133864831824708 0.028478046984484078 0.040267729663649415
0 0.6407020604619582 0.1218207064286794 0.017673370600791872 0.10039184839634771
0 0.6501317479234645 0.32742490644641864 0.03491459695265208 0.2096153600138328
0 0.6664290594416713 0.5029308949614403 0.023351205985261435 0.1093660019434296
0 0.6759559688913281 0.6319866714435385 0.02140934084040677 0.12020285890961142
0 0.6837835679791707 0.7413501793506603 0.01629956041334525 0.05955177347807808
0 0.6927241133787926 0.8323166548344347 0.01796924742111417 0.07591392667180914
0 0.560480094365647 0.792875064233352 0.024043322309527826 0.013483257177977005
0 0.5396117907438743 0.5603212121261031 0.025126823627327967 0.020989998762913464
0 0.49238036925640205 0.48759817705190706 0.017051636885968845 0.08745480413449173
0 0.5175414923881193 0.3067026730323619 0.02715163416351033 0.019676951320541182
0 0.49415680891307506 0.048351914661287784 0.027169408175937743 0.021717767647071794
0 0.7023071288410694 0.9385773785733601 0.009976292630816458 0.03491948723376605