0 0.2990625 0.6826271186440679 0.0181787109375 0.12018904823989571
0 0.3267236328125 0.6993937418513689 0.0310546875 0.1419426336375489
0 0.495166015625 0.845664928292047 0.0592626953125 0.06640156453715776
0 0.60822265625 0.508800521512386 0.028095703125 0.05945893089960886
0 0.5841552734375 0.18089960886571055 0.01326171875 0.3553324641460235
0 0.5490185546875 0.37009778357235984 0.023193359375 0.0467470664928292
0 0.4498046875 0.31155149934810955 0.0124365234375 0.2024250325945241
0 0.450712890625 0.5476662320730117 0.0081982421875 0.18971968709256842
0 0.4514697265625 0.8333050847457627 0.0066845703125 0.3003129074315515
0 0.36337890625 0.2390677966101695 0.0121142578125 0.03926988265971317
0 0.3362109375 0.3858279009126467 0.0149755859375 0.04991525423728813
0 0.8281982421875 0.7362516297262061 0.0291455078125 0.11832464146023468
0 0.8495361328125 0.7333246414602347 0.01431640625 0.10641460234680575
0 0.84310546875 0.873780964797914 0.015068359375 0.07616688396349414
0 0.842421875 0.9540156453715776 0.0152197265625 0.038617992177314216
0 0.510966796875 0.5810625814863103 0.0363818359375 0.030215123859191655
0 0.5637158203125 0.6619752281616689 0.031396484375 0.10515645371577576
0 0.4850830078125 0.28127770534550195 0.03001953125 0.034791395045632334
0 0.518154296875 0.29734028683181224 0.022001953125 0.02044328552803129
0 0.6888037109375 0.11734680573663624 0.116611328125 0.22840938722294654
0 0.554619140625 0.06286179921773143 0.013203125 0.09702737940026075
0 0.5722509765625 0.4399543676662321 0.049384765625 0.018748370273794005
0 0.4793896484375 0.5626140808344198 0.0231787109375 0.02766623207301173