0 0.1999755859375 0.14340938722294655 0.0346630859375 0.28524119947848764
0 0.20484375 0.42639504563233377 0.0335791015625 0.27840286831812255
0 0.2099609375 0.6873794002607563 0.0320068359375 0.24202086049543675
0 0.214189453125 0.9039569752281618 0.030625 0.19039113428943938
0 0.3837109375 0.33660365058670144 0.044228515625 0.02633637548891786
0 0.3824609375 0.029106910039113428 0.0436474609375 0.024634941329856583
0 0.4072607421875 0.014589308996088656 0.010048828125 0.011883963494132985
0 0.383134765625 0.6257822685788788 0.041787109375 0.025651890482398958
0 0.4065234375 0.6056127770534551 0.0147314453125 0.018722294654498043
0 0.401611328125 0.944413298565841 0.02998046875 0.07359191655801825
0 0.3845166015625 0.894361147327249 0.0118310546875 0.012033898305084747
0 0.425478515625 0.895599739243807 0.0095458984375 0.010234680573663625
0 0.6119677734375 0.2033116036505867 0.05431640625 0.4066166883963494
0 0.6136669921875 0.4373272490221643 0.0447607421875 0.05988917861799218
0 0.609912109375 0.5173337679269883 0.0481591796875 0.08628422425032596
0 0.602666015625 0.6992242503259452 0.050341796875 0.27960234680573665
0 0.599521484375 0.9186897001303781 0.053037109375 0.1626205997392438
0 0.762744140625 0.8680247718383312 0.02853515625 0.03045632333767927
0 0.9175146484375 0.12947848761408084 0.0410986328125 0.2589569752281617
0 0.9143994140625 0.28492177314211214 0.0174658203125 0.03516949152542373
0 0.894638671875 0.2736962190352021 0.0138818359375 0.06583441981747067
0 0.9103271484375 0.38923076923076927 0.024677734375 0.1615645371577575
0 0.902373046875 0.5295827900912646 0.0200537109375 0.11933507170795307
0 0.89650390625 0.6315971316818775 0.0196044921875 0.0852477183833116
0 0.8917578125 0.7315189048239896 0.0188330078125 0.11292046936114733
0 0.8861767578125 0.8385462842242503 0.018447265625 0.09826597131681879
0 0.882197265625 0.9264276401564537 0.0161328125 0.0753129074315515
0 0.8859521484375 0.4724511082138201 0.01697265625 0.1301303780964798
0 0.8791845703125 0.5716427640156454 0.01318359375 0.06812255541069101
0 0.8761669921875 0.6372946544980443 0.015361328125 0.06494784876140808
0 0.8730908203125 0.7138265971316818 0.01638671875 0.08867014341590614
0 0.8671875 0.8292894393741852 0.01279296875 0.06947848761408083
0 0.8640771484375 0.9051825293350717 0.0132421875 0.08078878748370275
0 0.7432568359375 0.8323076923076923 0.02005859375 0.03583441981747067
0 0.228974609375 0.40108865710560626 0.0159912109375 0.045052151238591916
0 0.2419677734375 0.44626466753585403 0.011962890625 0.045045632333767925
0 0.252880859375 0.4839439374185137 0.0120849609375 0.03515645371577575
0 0.26341796875 0.5127900912646676 0.0088916015625 0.03063233376792699
0 0.272734375 0.5422816166883964 0.01220703125 0.038461538461538464
0 0.2865625 0.58622555410691 0.0181494140625 0.04452411994784876
0 0.302998046875 0.6369491525423729 0.0184619140625 0.05561277705345502
0 0.319501953125 0.6864276401564537 0.0150732421875 0.04801173402868319
0 0.332080078125 0.7273859191655802 0.013408203125 0.03701434159061278
0 0.347939453125 0.7738852672750979 0.0215087890625 0.055853976531942635
0 0.576162109375 0.501890482398957 0.0162353515625 0.04889178617992177
0 0.5590234375 0.5425619295958278 0.0166796875 0.03305736636245111
0 0.5410205078125 0.5800195567144719 0.019482421875 0.040625814863103
0 0.5226318359375 0.619439374185137 0.015390625 0.0401890482398957
0 0.505556640625 0.6508083441981747 0.01953125 0.027920469361147327
0 0.4890576171875 0.684354628422425 0.016142578125 0.03448500651890482
0 0.472998046875 0.7170404172099087 0.0182470703125 0.029106910039113428
0 0.4599365234375 0.7461147327249021 0.0156396484375 0.0309973924380704
0 0.447138671875 0.7747979139504563 0.0176123046875 0.026134289439374188
0 0.43302734375 0.8028813559322033 0.0164599609375 0.028598435462842242
0 0.4196240234375 0.8293024771838332 0.0151806640625 0.02688396349413299
0 0.4072998046875 0.8562320730117341 0.0130029296875 0.026192959582790092
0 0.7521240234375 0.9116949152542373 0.018310546875 0.03241199478487614
0 0.743486328125 0.9422229465449804 0.02115234375 0.029048239895697523
0 0.7373583984375 0.9635919165580183 0.0181396484375 0.014504563233376793
0 0.73189453125 0.9858800521512385 0.0220556640625 0.028246414602346805
0 0.7678955078125 0.9078683181225554 0.009521484375 0.03301825293350717
0 0.7754638671875 0.9323142112125163 0.0085693359375 0.031251629726205994
0 0.782783203125 0.9570078226857888 0.0087744140625 0.03823337679269882
0 0.793857421875 0.9817470664928292 0.0140087890625 0.03650586701434159
0 0.731806640625 0.8000912646675358 0.0164599609375 0.029439374185136896
0 0.72169921875 0.7671903520208604 0.0160498046875 0.0363168187744459
0 0.7087060546875 0.7315580182529335 0.01357421875 0.03378748370273794
0 0.6968310546875 0.6965840938722294 0.017529296875 0.0354367666232073
0 0.6833837890625 0.6517601043024771 0.0163671875 0.051844850065189046
0 0.667236328125 0.6016232073011734 0.016904296875 0.04639504563233377
0 0.6526123046875 0.560677966101695 0.0102685546875 0.050091264667535856
0 0.64083984375 0.5260691003911343 0.0127783203125 0.05707301173402868