0 0.0809479417304153 0.9287316572150436 0.048097194135777406 0.10924509397818968
0 0.11170077211631745 0.42318853568316167 0.09204909954418913 0.8451851664050533
0 0.43767908784604737 0.5015544774494888 0.10103667409331296 0.9968910451010223
0 0.47173666476705006 0.9327211698164082 0.018438212194820842 0.1345576603671837
0 0.478851848284141 0.7186921383438176 0.017371899837437033 0.17991611693030576
0 0.4900640545415687 0.33299507891890784 0.031382954124787435 0.5130856878017936
0 0.5018696757428206 0.025032585030841114 0.014500991861998325 0.04237196531166536
0 0.5438324491436416 0.9398496995695238 0.017302415974109392 0.09253190178676837
0 0.5478805442874621 0.6712292252355775 0.02227907418624111 0.26805417195084785
0 0.5582019231115025 0.47680541329593484 0.015358574215351953 0.025904655612254194
0 0.5570893984468147 0.37721645897347833 0.020156092190740157 0.06461994403523959
0 0.5592753544966603 0.2715636844353096 0.01977880469276778 0.0767934269651744
0 0.5614693172071187 0.1447770209896154 0.0225173939575582 0.08111225873383826
0 0.5606859008697023 0.04053398995863846 0.02127587509022557 0.06820994092608618
0 0.6696737921524175 0.07612628027485256 0.025720264756504324 0.03887782091770406
0 0.6502908643610362 0.01973790733938636 0.027048777660020045 0.017400352070592956
0 0.6934716590498143 0.1436532288216319 0.04464420238513053 0.09131177952341503
0 0.711415059919658 0.20755267297878335 0.01964105540369502 0.025221663232947243
0 0.8913301118992912 0.9292998699920799 0.0373461365022215 0.14140026001584008
0 0.8906533582320306 0.4510899667722825 0.0975356423789889 0.8545391623206045