0 0.3253351666295978 0.030880805986935177 0.026206813945890906 0.032644294145507624
0 0.3453358524349547 0.030028032961104616 0.01731475603630582 0.01937508816959343
0 0.5787956605682876 0.4136968293200127 0.1626411949538695 0.7517214922150791
0 0.5902296777763778 0.7759438366994467 0.01787798777574321 0.02797107670827547
0 0.9188531616218246 0.13461152527951917 0.010662492830074527 0.007638606461563908
0 0.8900404277931329 0.17647375636833498 0.010501499969670921 0.013344250609492455
0 0.9107719043255282 0.19493694267667938 0.009616282509425957 0.0161595503666676
0 0.79113087266506 0.8749364582683938 0.01397524890681924 0.009221360485167696
0 0.8138909319985205 0.8917088731426172 0.011527525364775203 0.012677947986987632
0 0.6915488943549501 0.9897553650230377 0.032624397260689844 0.020489269953924465
0 0.538223151986996 0.9298233461792246 0.04279637229445213 0.14035330764155093
0 0.28545940177947776 0.6385432739996354 0.01444460868968371 0.016384684267402326
0 0.3034048764750911 0.22267708848534654 0.01522233539500868 0.03641697597980083
0 0.3171689134796214 0.22867495326850817 0.015061342534604952 0.04212262012772942
0 0.765326056542378 0.09745886239884671 0.01887726211810526 0.018733800424948162
0 0.7772217737903193 0.1851390836374965 0.0220759613127324 0.026738530974703665
0 0.5443416104982665 0.6388309906429062 0.008751249974725768 0.011120208841243753
0 0.6173731445842782 0.6718732556555541 0.012298685942902352 0.016284624755964653