0 0.2439208984375 0.28160365058670145 0.0443408203125 0.5548239895697523
0 0.24576171875 0.6594850065189048 0.0327001953125 0.1973142112125163
0 0.2820166015625 0.7859061277705345 0.0226611328125 0.023865710560625815
0 0.25517578125 0.939380704041721 0.0377490234375 0.12123859191655802
0 0.7265380859375 0.37434810951760106 0.058544921875 0.7389374185136897
0 0.6669775390625 0.02743155149934811 0.0146240234375 0.030117340286831815
0 0.6627685546875 0.1670013037809648 0.0153857421875 0.20397653194263363
0 0.6606640625 0.3630834419817471 0.007197265625 0.0678096479791395
0 0.52873046875 0.8207627118644067 0.0300146484375 0.048520208604954373
0 0.4972998046875 0.7977574967405476 0.0181494140625 0.02201434159061278
0 0.529951171875 0.6179856584093872 0.02755859375 0.06421773142112125
0 0.49587890625 0.5995893089960886 0.0191455078125 0.04786831812255542
0 0.586796875 0.6494198174706649 0.01796875 0.025880052151238595
0 0.5315625 0.37013689700130376 0.0228173828125 0.015273794002607562
0 0.5417431640625 0.14288135593220339 0.0039892578125 0.012607561929595827
0 0.4931298828125 0.20483050847457626 0.007802734375 0.08743807040417209
0 0.4964013671875 0.4410430247718383 0.0173974609375 0.0769426336375489
0 0.4781982421875 0.8308344198174706 0.0189111328125 0.03320078226857888