0 0.488447265625 0.14735984354628423 0.0234765625 0.2892177314211213
0 0.4901123046875 0.4729400260756193 0.0185595703125 0.15991525423728814
0 0.48515625 0.6604237288135594 0.0213330078125 0.18648631029986962
0 0.486025390625 0.9832073011734028 0.01166015625 0.033585397653194266
0 0.41349609375 0.981883963494133 0.04712890625 0.03623207301173403
0 0.313828125 0.9572816166883964 0.0498876953125 0.07915906127770535
0 0.4130322265625 0.7342568448500651 0.051748046875 0.0439960886571056
0 0.455029296875 0.7211864406779661 0.0316162109375 0.05097783572359844
0 0.3966552734375 0.46709256844850067 0.019794921875 0.024315514993481092
0 0.4263232421875 0.48456323337679275 0.02875 0.023252933507170795
0 0.4304052734375 0.21166883963494132 0.0229638671875 0.02601043024771838
0 0.3933642578125 0.2005475880052151 0.012421875 0.018598435462842244
0 0.2585498046875 0.0594393741851369 0.0124658203125 0.06782920469361148
0 0.265283203125 0.3420730117340287 0.071943359375 0.02102346805736636
0 0.6236328125 0.026564537157757497 0.0291357421875 0.04973272490221643
0 0.599404296875 0.07166883963494133 0.0212744140625 0.05099087353324641
0 0.57890625 0.10729465449804433 0.0202392578125 0.03647327249022164
0 0.5575732421875 0.14228813559322034 0.0200732421875 0.041864406779661016
0 0.5285009765625 0.14964797913950456 0.0114208984375 0.027992177314211213
0 0.52775390625 0.19883311603650586 0.0162548828125 0.03634289439374185
0 0.5546337890625 0.20391134289439375 0.023232421875 0.042268578878748374
0 0.4812353515625 0.3409713168187744 0.0469677734375 0.05376140808344198
0 0.7115625 0.9092959582790091 0.0221923828125 0.10391786179921773
0 0.861220703125 0.9771186440677967 0.043095703125 0.04576271186440678
0 0.739169921875 0.9019947848761408 0.012216796875 0.09989569752281617
0 0.7010205078125 0.37076923076923074 0.0709130859375 0.02651890482398957
0 0.7631689453125 0.30505867014341587 0.0260986328125 0.13760756192959583
0 0.0336376953125 0.770671447196871 0.018837890625 0.02593220338983051
0 0.034931640625 0.8762255541069102 0.0177197265625 0.02496740547588005
0 0.106953125 0.8016101694915255 0.0120703125 0.018455019556714473
0 0.10580078125 0.9050977835723599 0.01259765625 0.022692307692307692