0 0.358447265625 0.08859191655801826 0.0420361328125 0.07640156453715775
0 0.3889404296875 0.4323337679269883 0.017392578125 0.4629335071707953
0 0.4394384765625 0.5361212516297262 0.0240234375 0.4325488917861799
0 0.4397900390625 0.16878748370273794 0.0172119140625 0.24846805736636243
0 0.4902001953125 0.049869621903520206 0.0579345703125 0.033702737940026074
0 0.580966796875 0.20798565840938724 0.0274951171875 0.31751629726206
0 0.588046875 0.5630247718383311 0.0189306640625 0.2507235984354628
0 0.3902490234375 0.7847457627118644 0.007783203125 0.23456975228161667
0 0.1799609375 0.7101760104302478 0.032802734375 0.5683572359843546
0 0.1673828125 0.20458279009126465 0.0203125 0.39384615384615385
0 0.6811962890625 0.8748174706649283 0.027177734375 0.07177314211212515
0 0.66529296875 0.9505215123859191 0.028388671875 0.04045632333767927
0 0.562119140625 0.5166101694915254 0.022998046875 0.1290547588005215
0 0.50681640625 0.49419165580182534 0.0259765625 0.06872881355932203
0 0.4378857421875 0.8615123859191656 0.0104345703125 0.1571382007822686
0 0.339423828125 0.975697522816167 0.035439453125 0.02389830508474576