0 0.017138671875 0.6760625814863103 0.0276806640625 0.07158409387222947
0 0.292060546875 0.06010430247718383 0.051435546875 0.11178617992177313
0 0.398896484375 0.36968057366362456 0.0209716796875 0.020834419817470664
0 0.449912109375 0.35634289439374184 0.019599609375 0.02352672750977836
0 0.4601171875 0.3893220338983051 0.0292431640625 0.027014341590612775
0 0.46984375 0.5827509778357236 0.042607421875 0.05593220338983051
0 0.465439453125 0.7411147327249021 0.0094775390625 0.09528683181225553
0 0.48537109375 0.7532333767926989 0.0105517578125 0.09453715775749674
0 0.459736328125 0.9238396349413299 0.0243896484375 0.01971316818774446
0 0.4007421875 0.8993155149934811 0.0213818359375 0.023761408083441984
0 0.400390625 0.6976336375488918 0.0164599609375 0.035814863102998695
0 0.34787109375 0.7912842242503259 0.0174462890625 0.029452411994784877
0 0.48951171875 0.9020208604954368 0.007890625 0.1959582790091265
0 0.550185546875 0.3186049543676662 0.0264306640625 0.04550195567144719
0 0.5964892578125 0.3047392438070404 0.0409912109375 0.06773794002607561
0 0.592646484375 0.4035853976531943 0.02619140625 0.034928292046936114
0 0.8189453125 0.024289439374185137 0.038486328125 0.04095176010430248
0 0.7893359375 0.27952411994784876 0.02353515625 0.18161016949152542
0 0.7725439453125 0.4702542372881356 0.0225 0.055378096479791396
0 0.7650537109375 0.3085136897001304 0.0242822265625 0.2640352020860495
0 0.7667626953125 0.552522816166884 0.023486328125 0.07042372881355932
0 0.7911572265625 0.5869361147327249 0.012861328125 0.09802477183833117
0 0.7482177734375 0.7913037809647978 0.0355908203125 0.30498696219035204
0 0.73666015625 0.9645632333767927 0.0147216796875 0.04243155149934811
0 0.7705322265625 0.9852737940026076 0.012490234375 0.029458930899608864
0 0.7847998046875 0.7789439374185138 0.01857421875 0.032073011734028684
0 0.773779296875 0.6753911342894393 0.013193359375 0.17498696219035204
0 0.6815283203125 0.9774641460234681 0.02349609375 0.04507170795306389
0 0.2350390625 0.7714211212516296 0.0211669921875 0.10759452411994785
0 0.2569677734375 0.7102216427640157 0.0152685546875 0.0886831812255541
0 0.220224609375 0.9669035202086049 0.010986328125 0.012998696219035204
0 0.2529931640625 0.982444589308996 0.007802734375 0.03510430247718383