0 0.576025390625 0.011453715775749674 0.666298828125 0.017170795306388528
0 0.069306640625 0.28750325945241195 0.040439453125 0.5656910039113429
0 0.1393017578125 0.7635658409387223 0.030224609375 0.33967405475880047
0 0.0940478515625 0.9248826597131682 0.0188427734375 0.15022816166883962
0 0.1507666015625 0.987490221642764 0.009873046875 0.01938722294654498
0 0.2519384765625 0.07732073011734028 0.0234521484375 0.10236636245110821
0 0.2514697265625 0.3477314211212516 0.0150048828125 0.18301825293350718
0 0.2818359375 0.5363689700130377 0.0658447265625 0.024941329856584094
0 0.283984375 0.3533833116036506 0.0218603515625 0.5828617992177314
0 0.6034375 0.5381747066492829 0.5234521484375 0.02138852672750978
0 0.8788818359375 0.3426336375488918 0.04900390625 0.6329856584093873
0 0.946669921875 0.1636179921773142 0.1052099609375 0.04576271186440678
0 0.9439111328125 0.16627770534550196 0.023544921875 0.33256192959582787
0 0.9905859375 0.07454367666232073 0.0188330078125 0.14514993481095176
0 0.9205810546875 0.08771186440677967 0.0433837890625 0.015710560625814864
0 0.8515185546875 0.10292046936114732 0.0464794921875 0.09985006518904824
0 0.8449560546875 0.25026075619295957 0.05515625 0.1116232073011734
0 0.6630029296875 0.32160365058670143 0.1106103515625 0.016179921773142113
0 0.6717822265625 0.35983050847457626 0.075615234375 0.008468057366362452
0 0.54015625 0.27236636245110823 0.147958984375 0.13614080834419817
0 0.6332373046875 0.13372229465449803 0.1647705078125 0.025365058670143412
0 0.79279296875 0.09129074315514993 0.0173291015625 0.07299869621903521
0 0.760009765625 0.146877444589309 0.02791015625 0.08927640156453714
0 0.3738037109375 0.4242046936114733 0.01576171875 0.09604954367666232
0 0.625771484375 0.7351238591916558 0.158251953125 0.021382007822685786
0 0.6272412109375 0.8478357235984354 0.1472607421875 0.01940677966101695
0 0.563525390625 0.9097001303780965 0.6086376953125 0.03749674054758801
0 0.186630859375 0.9558865710560626 0.1165185546875 0.05108865710560626
0 0.910810546875 0.7901499348109517 0.0401318359375 0.4197001303780965
0 0.9136279296875 0.9447979139504563 0.0908203125 0.0498761408083442
0 0.8468505859375 0.819380704041721 0.0795361328125 0.03769882659713168
0 0.8039306640625 0.8315514993481095 0.0384814453125 0.11217079530638852
0 0.80306640625 0.9679791395045633 0.015556640625 0.030371577574967407