0 0.5537353515625 0.1272490221642764 0.0273974609375 0.24829204693611473
0 0.5088330078125 0.2270143415906128 0.0345654296875 0.07357887874837028
0 0.5785009765625 0.3954889178617992 0.0373095703125 0.08752281616688395
0 0.547041015625 0.6787288135593221 0.0188427734375 0.63374185136897
0 0.459931640625 0.5597457627118644 0.02212890625 0.01936114732724902
0 0.4596435546875 0.2715775749674055 0.0231298828125 0.019374185136897
0 0.6110986328125 0.07136245110821382 0.0154248046875 0.03574315514993481
0 0.8686376953125 0.15738591916558017 0.0173486328125 0.05948500651890482
0 0.8563818359375 0.2335723598435463 0.0155517578125 0.053937418513689696
0 0.839052734375 0.5105019556714472 0.0124462890625 0.06397001303780965
0 0.855634765625 0.6174706649282921 0.0132763671875 0.03997392438070404
0 0.8395849609375 0.671870925684485 0.01099609375 0.052040417209908735
0 0.8178271484375 0.8119882659713168 0.0125927734375 0.05668839634941329
0 0.846103515625 0.7555410691003911 0.01087890625 0.07715123859191655
0 0.8402294921875 0.8557561929595828 0.01009765625 0.06579530638852674
0 0.8131884765625 0.8740873533246414 0.0120849609375 0.05172750977835723
0 0.591884765625 0.943728813559322 0.015244140625 0.029230769230769234
0 0.6325244140625 0.9740743155149935 0.0262060546875 0.03889178617992177
0 0.3030078125 0.8089308996088658 0.00873046875 0.06853324641460234
0 0.3111767578125 0.9290417209908736 0.0234619140625 0.1334941329856584
0 0.30099609375 0.2953846153846154 0.0509765625 0.01850717079530639
0 0.2904833984375 0.14441329856584095 0.0114892578125 0.2833181225554107
0 0.2981787109375 0.5308018252933507 0.011787109375 0.45173402868318124
0 0.3537744140625 0.11410691003911343 0.0113134765625 0.06623859191655802
0 0.457939453125 0.8341655801825293 0.017158203125 0.01761408083441982
0 0.7645556640625 0.799276401564537 0.0164990234375 0.037731421121251635
0 0.77064453125 0.33968057366362453 0.0409423828125 0.022913950456323336