0 0.6439110292214619 0.8974358974358975 0.040377163952848655 0.20441595441595442
0 0.6368395892839106 0.5612535612535613 0.0595058273626544 0.46652421652421655
0 0.627861770912059 0.20085470085470086 0.03506990156747808 0.12962962962962962
0 0.4006101277476353 0.5690883190883191 0.13593883638504814 0.8461538461538461
0 0.13110832598401043 0.7891737891737892 0.02427853312060775 0.042735042735042736
0 0.3539512881975173 0.8037749287749287 0.024326877669194065 0.03418803418803419
0 0.2543662329614195 0.6691595441595442 0.014949860160137022 0.019230769230769232
0 0.1399858774761138 0.5979344729344729 0.035982383992119046 0.11752136752136752
0 0.1514665123517077 0.2881054131054131 0.09027763806657556 0.49216524216524216
0 0.2696745854662527 0.31873219373219375 0.034180647162583934 0.06695156695156695
0 0.30665724421804624 0.3457977207977208 0.025530686391414946 0.06481481481481481
0 0.22748103867474573 0.1762820512820513 0.04800748268248765 0.05698005698005698
0 0.44347849419435303 0.14066951566951566 0.033049670014758094 0.04700854700854701
0 0.49885406209153543 0.06908831908831908 0.016750967486641184 0.022792022792022793
0 0.4738133154519041 0.10220797720797721 0.009910066549568832 0.014957264957264958