0 0.13805549626914243 0.45612635542376617 0.2114666472132679 0.9122527108475323
0 0.54566020902874 0.4823578181522457 0.22804329883687327 0.9647156363044914
0 0.8492324155741418 0.47448973597073485 0.23063284650324659 0.9334059824068348
0 0.5581806490511527 0.025383001002936563 0.02570715608594884 0.050766002005873126
0 0.516873351682426 0.24214735627356967 0.06250667409773185 0.3314191150202546
0 0.4814855446985739 0.46720707873603784 0.02470761938634595 0.06681946855888608
0 0.3336886267159871 0.4797440644986107 0.024361226193030362 0.05091352111766893
0 0.4619273349960709 0.582298386569032 0.02783225291465669 0.11538998963072555
0 0.446987089532418 0.6870196607758194 0.021662271618723875 0.06934404656385156
0 0.42758978527321184 0.8065859881912927 0.0339570524897222 0.15936124390091908
0 0.27618872235102676 0.7710760792839 0.04423128955068623 0.0379615787465274
0 0.36587615482778474 0.17622881782519148 0.052527923623273354 0.03929760494259911
0 0.1938827129426211 0.6473423544905476 0.011065352674482803 0.009836176152745188
0 0.4239386532118779 0.33360712990753727 0.03382150732712032 0.15313717751087758