0 0.34714974065609255 0.6560055691140856 0.06675474539777326 0.11061807334161515
0 0.5394664175290307 0.543433345105247 0.029446464931298877 0.09860601602237239
0 0.5250397523674122 0.38901736264935016 0.06187193289777326 0.11023839037244984
0 0.508197307956175 0.6473873740260188 0.025445987315195984 0.07161272816559934
0 0.4362240821297111 0.5836752663364703 0.07398326871358774 0.15152887111026558
0 0.3892710284502988 0.3784240768111008 0.06781132798055678 0.13673166093449007
0 0.6595639370548247 0.20626039095360485 0.1789190008903505 0.4125207819072097
0 0.6409643374738967 0.2924724954366767 0.06354613234851536 0.07522614580748882
0 0.756813804537134 0.12801691666596288 0.10629736589447436 0.25603383333192575
0 0.8714158565505669 0.35362326386433174 0.08213152439612381 0.18990804354315352
0 0.783175914489907 0.6448780785546558 0.17277547522395897 0.45727072016621556
0 0.9308596813149276 0.6343705044609987 0.07323860570863938 0.38575382521089163
0 0.6480995146525563 0.8597282094531048 0.04450838871564944 0.0516190741230956
0 0.708634471600206 0.743736709629814 0.08102856191433006 0.11693427781138682