0 0.5440468399739804 0.6483846555158153 0.01912925762285675 0.06660852926916525
0 0.64009280133796 0.6963260888413245 0.03511452569596616 0.0631521280302953
0 0.6558774200921137 0.8992423650761457 0.044291510266110244 0.034326332168518776
0 0.5762865444636665 0.9668357862642095 0.02913544785950434 0.0663284274715809
0 0.5882887435680715 0.8541883814559219 0.02107264695191561 0.080858011168499
0 0.6398090985288372 0.48213612554331325 0.03827562254353448 0.1996820831211837
0 0.4572407066725837 0.1569741315957603 0.04212647138456672 0.12814703629052407
0 0.5908982444499788 0.09822683611101311 0.016864960480660787 0.09127241876794048
0 0.35152789028645787 0.4506123517367416 0.032325658554997874 0.087103875289858
0 0.309854106808186 0.5745233527056186 0.041693463608258104 0.14691117711492518
0 0.237629046548496 0.7807139587252466 0.026041945050804868 0.062446622906163846
0 0.29820021414339987 0.8738614689714639 0.09216256823213491 0.25227706205707234
0 0.14255392223832414 0.7092389599109991 0.07350906417183213 0.5468246975263179
0 0.5190082762677953 0.8927955953275108 0.0365136424379595 0.21440880934497833
0 0.542093644267389 0.9454422800313332 0.07466093778953017 0.10911543993733351
0 0.5188473149517915 0.19110749469554356 0.024725814424057822 0.05227402079651359
0 0.7014772975718615 0.3155972676406471 0.04792242477610135 0.037965432822818654
0 0.6757609884223167 0.6036516735556913 0.04877559862619949 0.04944473522353865
0 0.6685205772120715 0.8243392621374745 0.03056882411375326 0.04601488244499264