0 0.8579351736410651 0.49303978211233196 0.27000068507841585 0.8926543424477072
0 0.5792443382253986 0.9266553941153166 0.059494014247082797 0.05239814120600019
0 0.6436615335276336 0.6595948100335026 0.06156957731778926 0.06155998411449112
0 0.7152286855384913 0.3670539220280658 0.06156957731778926 0.06155998411449096
0 0.7716169307723472 0.05873107601954785 0.04873053540947391 0.08202412116477649
0 0.8601582899005539 0.0746928417437675 0.05036419792695573 0.09253628162022846
0 0.8646077614063882 0.16988990434326007 0.053434191011647654 0.11008355107077084
0 0.6414713746169488 0.09516091730263958 0.0444939363791652 0.16269857370511745
0 0.5421333846325347 0.7536867047940603 0.07007939212119302 0.27546283281248135
0 0.5531569725983504 0.8061397152796727 0.03420282406836842 0.10928034898705073
0 0.5727871961119462 0.7800350436096798 0.026169066253296337 0.08650068015734991
0 0.4950099308982683 0.7480046937533812 0.021055206225325425 0.06948680885014563
0 0.46141433566750867 0.8877008319242882 0.041542342464636305 0.14723753513079207
0 0.4687985486076496 0.48367196978942356 0.2913722375010958 0.9673439395788471
0 0.1838735612556969 0.8898984686394766 0.03256854647396696 0.05307362444074318
0 0.17430738007462382 0.44961361779453846 0.29201023985075236 0.8992272355890769