0 0.9486672919957162 0.5726682180197809 0.10266541600856761 0.04422815120495694
0 0.9587174423037359 0.45799414660257143 0.08256511539252828 0.6068152232448057
0 0.9335131195529189 0.8280820388440184 0.06261755746782136 0.05031585744836993
0 0.9779411542611472 0.8534698879622485 0.025404017960774534 0.040319982176249
0 0.7021496713172259 0.8358586132317696 0.381704069537486 0.1505040063223429
0 0.5594643857209441 0.9335739033984587 0.03239214763175578 0.047729748149629714
0 0.44874298929494466 0.9416737043174206 0.02432674376244346 0.04976440848587502
0 0.33912255437854566 0.8923312194372601 0.09740781899436618 0.04171238338032208
0 0.34372711541673645 0.8596574882872554 0.0896050500093798 0.049218999940917586
0 0.4267517480559657 0.8532406403340121 0.03586675043721907 0.03508451100476288
0 0.4878851043122821 0.883723801916799 0.02900305822122992 0.051526888790923084
0 0.3844047327064016 0.44787243894824796 0.10952933070699497 0.6769333239932356
0 0.4210187993603608 0.7981000777284399 0.033436592469546084 0.03760132731195961
0 0.23557328910008712 0.8998173673022835 0.05571494119177729 0.034057994971415734
0 0.2254678469521771 0.951848852485937 0.09690161861191306 0.07368479675439708
0 0.1972840459700226 0.7986993025043436 0.11648560390683185 0.17345114726157293
0 0.32638623926317406 0.7502224324915823 0.12765917820380165 0.06609865285447189
0 0.5143229482871319 0.737919842090936 0.05366576086390844 0.033882665527433596
0 0.8263759192824178 0.7393792907969001 0.18449641235347874 0.15542870751444693
0 0.7667753167916308 0.542558554749101 0.12950293180594158 0.18955100354243054
0 0.6536673043830836 0.49557487998004107 0.08476380346023288 0.0971689583780874
0 0.7512637427790799 0.42300833267231286 0.06054852246609663 0.0603566135640485
0 0.8554219218028558 0.3210346135913143 0.04630962823980796 0.040065125392937245
0 0.860220411654534 0.2763252296590502 0.05812524448559463 0.04175726422387972
0 0.6313726347814517 0.2722109029040836 0.3715497759925933 0.17279550833392796
0 0.44743510684482235 0.1052590259049341 0.07157623405890513 0.04563288372194044
0 0.32877008929857393 0.09789860846880556 0.04305873625861593 0.02548207849903993
0 0.22538841081640457 0.09815898142837373 0.11058929369617977 0.061232212301398296
0 0.24842262011873006 0.05291954047283152 0.07699386383578738 0.10535956946672691
0 0.8102293709099604 0.02865925190541196 0.027827295941276534 0.05731850381082392
0 0.747249905188534 0.0355243956957568 0.07141818195571555 0.0710487913915136
0 0.7481087779744511 0.1375680456056924 0.02908090634133976 0.11692736931715186
0 0.6558285277248275 0.03496192602355421 0.08124339660754393 0.06992385204710842
0 0.5835467612572547 0.17602962013332266 0.03410615436704618 0.062181297960540075
0 0.48525982215928715 0.09973340197416547 0.036067465437007576 0.19946680394833094
0 0.4332863439385413 0.0039053366783158494 0.06523171691205407 0.007810673356631699
0 0.07558427579289552 0.5941425537431845 0.12825365792833984 0.7268995710362028
0 0.10718025581092833 0.2878720598582318 0.04647220446719826 0.14974992079802907
0 0.18885583731822933 0.2372718163046716 0.05953081228933312 0.039152783194691454
0 0.25624288791460204 0.19441874305590187 0.04906119982571767 0.0655044200135437
0 0.2546922426943587 0.23713323032158518 0.027525736996895676 0.02074713502895302
0 0.3087031044877735 0.24247066925417982 0.04024760065113858 0.030691040557416498
0 0.16254960962850118 0.5894489466666056 0.16380841819920255 0.09643903452392365
0 0.31271694207831946 0.6315447889433753 0.1160145887478896 0.046710321016382395
0 0.2991327656445738 0.5307167516657997 0.10673371325091248 0.07656959519744475
0 0.6215102716869705 0.5436552870176353 0.08267491378465251 0.11742580005342713
0 0.5339665914044878 0.5738101048953185 0.024706936114590988 0.10020467411713196
0 0.5162718649159762 0.40877424670361934 0.026427822837052126 0.09354005828067666