0 0.3452281493042379 0.1615786562769826 0.0435681351913575 0.26247513562790487
0 0.33787522408579207 0.409144323553939 0.03557972258824323 0.20590876686940793
0 0.3289543322731503 0.74095461653694 0.06312394703084766 0.45745035783357724
0 0.5746605324149051 0.8246045192377266 0.08344343063103378 0.35079096152454675
0 0.5907087309538563 0.5256608748685103 0.06613366807201011 0.24826525880176603
0 0.608198484704164 0.21725631646395197 0.0874409836833564 0.36172973241952733
0 0.8588619213813117 0.14565476381474407 0.04666848133119333 0.1860164892459024
0 0.8380692317831685 0.42740748337533546 0.026887481266987423 0.06200094938468724
0 0.8094411157352623 0.7840492212935055 0.09059219238390223 0.4319015574129889
0 0.7027489497933519 0.9128882431101136 0.009369065001464576 0.0247141283676755
0 0.6073533675622497 0.906594041550251 0.026184911554908027 0.06834485857479015
0 0.6608313700675656 0.34561563543642193 0.01070995486185199 0.03899231622276641
0 0.7617386929011314 0.0849309456331367 0.09592559927236417 0.08049218571952478