0 0.483740234375 0.0709973924380704 0.0593994140625 0.028363754889178618
0 0.4827099609375 0.37122555410691005 0.0567431640625 0.03990873533246415
0 0.481181640625 0.6584159061277706 0.053681640625 0.03416558018252933
0 0.52927734375 0.7496023468057367 0.0229931640625 0.042333767926988265
0 0.4808349609375 0.9264211212516298 0.0506005859375 0.040378096479791396
0 0.5348974609375 0.9667666232073011 0.0094580078125 0.06035202086049544
0 0.557685546875 0.9251434159061278 0.0135595703125 0.14171447196870926
0 0.5856689453125 0.8773598435462842 0.0280322265625 0.057327249022164274
0 0.32341796875 0.736838331160365 0.0146533203125 0.055964797913950454
0 0.3470263671875 0.5913885267275099 0.0081396484375 0.048728813559322036
0 0.3117431640625 0.3192307692307692 0.024248046875 0.04139504563233377
0 0.300791015625 0.24184485006518905 0.03537109375 0.061623207301173405
0 0.395439453125 0.09160365058670145 0.00767578125 0.04161016949152542
0 0.5392578125 0.06157757496740547 0.008525390625 0.09662320730117341
0 0.56041015625 0.37296610169491523 0.027265625 0.739380704041721
0 0.61892578125 0.5242894393741852 0.0312158203125 0.05393089960886571
0 0.6186181640625 0.6119752281616688 0.015986328125 0.034471968709256846
0 0.8230810546875 0.9612777053455019 0.0104052734375 0.07423728813559322
0 0.8312158203125 0.7185136897001304 0.0138623046875 0.1053780964797914
0 0.8519873046875 0.2942046936114733 0.0107666015625 0.03277053455019557
0 0.8538037109375 0.22615384615384618 0.0120654296875 0.04014993481095176
0 0.85998046875 0.05267275097783572 0.0154931640625 0.07822685788787484