0 0.7577846950868696 0.8225690341690642 0.06731390694166076 0.04626156272934229
0 0.7240976116469964 0.5107714009688744 0.07913289814457548 0.06653220500796253
0 0.7893385360893228 0.6664626054142913 0.07721817284318865 0.6449773467266633
0 0.8431833786021021 0.3388365542249877 0.015408807919879423 0.0707456206297719
0 0.7760446447264416 0.17272445110832424 0.03915999814520131 0.08841843512606595
0 0.7447636413067434 0.23019513095822727 0.03752422043532163 0.18526415016835107
0 0.730538029376105 0.05812594795695334 0.031640574881242216 0.11625189591390668
0 0.36372950813316784 0.6993922956428849 0.018381467745063947 0.11112638632951005
0 0.6668636011946356 0.7623445957823184 0.018906113492409674 0.09498739136950543
0 0.6041542677952576 0.15318833764332312 0.04321286969899842 0.07230684582465915
0 0.7044719393026153 0.22276552702489313 0.05953739736212576 0.05090955379463457
0 0.7021940696971214 0.002703698179273935 0.024347816813597625 0.00540739635854787
0 0.628728541840728 0.10149252294641699 0.05848827223898831 0.0172700084780948
0 0.4917540760175501 0.5499424640758729 0.18325096755492642 0.30276072028814427