0 0.0977685546875 0.4968057366362451 0.074443359375 0.9883898305084746
0 0.4647607421875 0.5002151238591916 0.0694970703125 0.9995632333767926
0 0.772353515625 0.5 0.053173828125 1
0 0.2873681640625 0.5273663624511082 0.0337255859375 0.04125814863102999
0 0.2721142578125 0.6607235984354628 0.047109375 0.02810951760104302
0 0.27337890625 0.9265710560625814 0.03501953125 0.029478487614080832
0 0.3973193359375 0.2834485006518905 0.009228515625 0.2614797913950456
0 0.3966552734375 0.4638852672750978 0.010556640625 0.04769230769230769
0 0.3955908203125 0.6192698826597132 0.0137451171875 0.21479791395045633
0 0.398046875 0.9341851368970013 0.012021484375 0.1316297262059974
0 0.261953125 0.11216427640156454 0.038740234375 0.02709908735332464
0 0.1874267578125 0.1814863102998696 0.131474609375 0.3629726205997392
0 0.699404296875 0.9340547588005215 0.0766845703125 0.12758800521512387