0 0.9143790846406323 0.5238587419396618 0.12540849738540202 0.9522825161206765
0 0.7348353952629203 0.9097818730302052 0.05883102244350932 0.042088249937169434
0 0.727609897527273 0.5977498612860118 0.05583333774894802 0.046786107193506954
0 0.7374462329139682 0.34131347829949343 0.029398153054386474 0.05020885353858009
0 0.7136020164247869 0.04648372441030922 0.05196263381709277 0.01810427043037319
0 0.5957547073621434 0.9029116252487744 0.01760418432912516 0.17595178855292795
0 0.594934614438436 0.7747294451232423 0.009242728372180882 0.03522388737206567
0 0.5932448101720339 0.6698293418831188 0.014968598183285073 0.13483757392657655
0 0.5908134506408214 0.4437153293372004 0.026914707982033548 0.2535390321453491
0 0.5914392958288814 0.26024803099191857 0.01406415946681771 0.06048534427089421
0 0.5919973457362143 0.11925743205910462 0.022255308527571314 0.17481599015103616
0 0.5028083160080382 0.5125810943244772 0.13292503465059025 0.9748378113510455
0 0.19814478996460452 0.5133048714001696 0.1350563158970561 0.9733902571996609
0 0.20554140225177844 0.9888846296321013 0.02797454047140396 0.022230740735797328
0 0.1795344629588844 0.9429432563049144 0.030694450331930648 0.06000126922364911
0 0.20446089266140427 0.8673471941441591 0.022936514034261477 0.06166246312944424
0 0.24055135242926368 0.7039157334566967 0.04106978487466293 0.09875887965213243
0 0.2712689580233883 0.5764047536737562 0.03388062982345978 0.08239607756010352
0 0.3118576042999076 0.360639830723002 0.02873843230403589 0.06475579807604268
0 0.3236052956178908 0.3003439782282218 0.021972555293082983 0.02480571764961114