0 0.215244140625 0.0398761408083442 0.0581201171875 0.031082138200782268
0 0.2611865234375 0.030886571056062583 0.021640625 0.04426988265971316
0 0.337060546875 0.04664928292046936 0.00994140625 0.0841851368970013
0 0.3405810546875 0.30983050847457627 0.00935546875 0.34379400260756193
0 0.344130859375 0.6257887874837028 0.0070751953125 0.21737940026075617
0 0.3443994140625 0.7885658409387224 0.007255859375 0.056779661016949146
0 0.3459716796875 0.8979204693611473 0.00935546875 0.11243155149934811
0 0.2582666015625 0.8879009126466754 0.063388671875 0.17751629726205997
0 0.2219287109375 0.8356975228161669 0.031572265625 0.021558018252933506
0 0.22072265625 0.7805736636245112 0.034599609375 0.02454367666232073
0 0.1430322265625 0.5499543676662321 0.0544189453125 0.14552151238591915
0 0.2253759765625 0.5744263363754889 0.0545751953125 0.04113428943937419
0 0.036455078125 0.23385267275097785 0.020859375 0.07376140808344199
0 0.2204443359375 0.31470664928292047 0.0552685546875 0.03795958279009126
0 0.4380322265625 0.8630638852672752 0.0183935546875 0.019784876140808344
0 0.3983642578125 0.8598500651890483 0.0348095703125 0.029876140808344196
0 0.4534228515625 0.2738787483702738 0.0267041015625 0.07782268578878748
0 0.4054443359375 0.07142112125162972 0.0208935546875 0.13044328552803128
0 0.4388232421875 0.07056714471968709 0.0161767578125 0.1295501955671447
0 0.7203564453125 0.17822033898305084 0.03376953125 0.06343546284224251
0 0.6522265625 0.49314863102998696 0.0505126953125 0.17404172099087353
0 0.685732421875 0.2651238591916558 0.0472705078125 0.05380052151238592
0 0.607158203125 0.6693611473272489 0.0324365234375 0.11775749674054758
0 0.58091796875 0.7554367666232072 0.030078125 0.02940677966101695
0 0.5496435546875 0.8410756192959583 0.0256689453125 0.09171447196870926
0 0.52666015625 0.9586897001303781 0.0327392578125 0.08261408083441982