0 0.0480419921875 0.22823337679269884 0.0350341796875 0.4543024771838331
0 0.115302734375 0.5970273794002607 0.01826171875 0.2072490221642764
0 0.06296875 0.8738396349413299 0.0257080078125 0.2523207301173403
0 0.1504052734375 0.8678226857887875 0.1425 0.12307040417209908
0 0.100390625 0.7551108213820078 0.0119189453125 0.10608213820078226
0 0.0941259765625 0.9641981747066493 0.010791015625 0.07159713168187744
0 0.274033203125 0.9598435462842243 0.0114111328125 0.0803129074315515
0 0.251826171875 0.9538983050847457 0.0059423828125 0.09220338983050848
0 0.2692138671875 0.8151890482398957 0.0623828125 0.018383311603650587
0 0.548896484375 0.8062646675358539 0.45283203125 0.022503259452411998
0 0.6653125 0.9294719687092569 0.0439990234375 0.026016949152542372
0 0.5814794921875 0.9345110821382008 0.1156396484375 0.026929595827900915
0 0.265458984375 0.25929595827900914 0.020576171875 0.5103455019556714
0 0.260869140625 0.42282920469361146 0.06541015625 0.02122555410691004
0 0.5981591796875 0.4217992177314211 0.55822265625 0.016877444589308996
0 0.8703466796875 0.2701043024771838 0.0352099609375 0.5354041720990873
0 0.9130810546875 0.6661864406779661 0.0260546875 0.3431029986962191
0 0.859462890625 0.7361473272490222 0.096416015625 0.027418513689700132
0 0.825498046875 0.7677835723598435 0.0791650390625 0.1444980443285528
0 0.9021533203125 0.8620534550195568 0.100205078125 0.036551499348109515
0 0.904248046875 0.9221512385919165 0.007705078125 0.08364406779661017
0 0.9508837890625 0.7610299869621904 0.0169677734375 0.14701434159061277
0 0.96494140625 0.9365645371577576 0.0210791015625 0.12376140808344198
0 0.888037109375 0.9928617992177314 0.0679150390625 0.014276401564537158
0 0.844541015625 0.9507953063885267 0.016513671875 0.09840938722294655
0 0.821904296875 0.966818774445893 0.017099609375 0.06636245110821382
0 0.9465478515625 0.127496740547588 0.106904296875 0.030404172099087353
0 0.9394384765625 0.15833767926988265 0.02048828125 0.17563885267275098
0 0.9456982421875 0.012959582790091264 0.0131201171875 0.025925684485006522
0 0.6221240234375 0.032822685788787484 0.179248046875 0.017333767926988267
0 0.5003564453125 0.12822685788787483 0.1131005859375 0.1497653194263364
0 0.6553271484375 0.1898696219035202 0.1145556640625 0.020071707953063886
0 0.663251953125 0.22421121251629725 0.075556640625 0.010906127770534551
0 0.636494140625 0.3074250325945241 0.0938525390625 0.13841590612777055
0 0.1363427734375 0.1271968709256845 0.1400146484375 0.033428943937418513
0 0.1147802734375 0.052861799217731424 0.079697265625 0.044387222946544985
0 0.306318359375 0.16458279009126467 0.0512890625 0.09205345501955672
0 0.61212890625 0.6511277705345502 0.1703955078125 0.01673402868318123
0 0.4768017578125 0.6517405475880051 0.01099609375 0.011857887874837028
0 0.4374267578125 0.6521968709256845 0.011611328125 0.018865710560625817
0 0.72873046875 0.915704041720991 0.01548828125 0.06606910039113428
0 0.833037109375 0.10554106910039114 0.03513671875 0.08617340286831812
0 0.8277587890625 0.2019817470664928 0.02828125 0.020286831812255542
0 0.829873046875 0.3071186440677966 0.0451953125 0.032953063885267274
0 0.6136962890625 0.7671838331160364 0.1403662109375 0.00909387222946545
0 0.5678564453125 0.7176597131681878 0.051416015625 0.0708735332464146