0 0.4534814453125 0.048728813559322036 0.0564794921875 0.032366362451108216
0 0.45109375 0.35372881355932206 0.053369140625 0.03973272490221643
0 0.4607568359375 0.6354563233376792 0.0332470703125 0.030990873533246414
0 0.4945263671875 0.6467731421121251 0.027021484375 0.03745762711864407
0 0.4979736328125 0.7527183833116037 0.0181884765625 0.031147327249022166
0 0.5170703125 0.8167796610169492 0.042451171875 0.016212516297262062
0 0.442470703125 0.8909973924380704 0.0391455078125 0.044230769230769226
0 0.30423828125 0.7484419817470664 0.0242333984375 0.08885267275097784
0 0.3172509765625 0.597503259452412 0.0115283203125 0.04155149934810952
0 0.2680712890625 0.24327900912646674 0.0263134765625 0.044589308996088664
0 0.2894677734375 0.19951760104302477 0.0188623046875 0.04239243807040417
0 0.306416015625 0.16283572359843546 0.016435546875 0.04464797913950456
0 0.3213037109375 0.1329335071707953 0.014736328125 0.036558018252933505
0 0.3408203125 0.09857887874837028 0.021689453125 0.04222294654498044
0 0.3581640625 0.05894393741851369 0.0146044921875 0.036636245110821385
0 0.3775341796875 0.02213168187744459 0.02171875 0.04086701434159061
0 0.4994873046875 0.05432855280312908 0.0345263671875 0.04627118644067797
0 0.4934765625 0.9021186440677965 0.027353515625 0.02201434159061278
0 0.54369140625 0.8662711864406779 0.0363720703125 0.06104954367666232
0 0.7483056640625 0.8319361147327249 0.060478515625 0.016616688396349413
0 0.7935107421875 0.8234485006518906 0.0124365234375 0.020664928292046934
0 0.7965380859375 0.9385136897001304 0.0136474609375 0.11500651890482398
0 0.803740234375 0.6889634941329856 0.01740234375 0.05232724902216428
0 0.82111328125 0.23614080834419818 0.0129296875 0.1146284224250326
0 0.7485400390625 0.23803129074315513 0.016416015625 0.032209908735332464
0 0.7346533203125 0.26688396349413296 0.0109033203125 0.023637548891786177
0 0.72009765625 0.29327900912646676 0.0176171875 0.03682529335071708
0 0.70462890625 0.3209973924380704 0.01283203125 0.029217731421121253
0 0.688681640625 0.3498435462842242 0.0162744140625 0.030345501955671445
0 0.6612255859375 0.39744458930899607 0.0094482421875 0.043917861799217736
0 0.67306640625 0.3744915254237288 0.0136083984375 0.026297262059973927
0 0.752958984375 0.38867014341590617 0.0160546875 0.029602346805736635
0 0.7399169921875 0.41975228161668837 0.00884765625 0.026303780964797914
0 0.7276611328125 0.4406844850065189 0.0133837890625 0.02452411994784876
0 0.713984375 0.4589439374185137 0.0116845703125 0.03194915254237288
0 0.7012744140625 0.4902672750977836 0.012890625 0.024289439374185137
0 0.6848095703125 0.5179465449804432 0.0191796875 0.033572359843546284
0 0.667197265625 0.5488917861799217 0.016875 0.035664928292046934
0 0.652275390625 0.5751629726205997 0.01220703125 0.03809647979139504
0 0.6367236328125 0.6001825293350717 0.017890625 0.03722294654498044
0 0.6199853515625 0.6322229465449805 0.01685546875 0.029374185136897
0 0.60564453125 0.6598631029986962 0.0104345703125 0.026453715775749672
0 0.5930517578125 0.6819230769230769 0.016240234375 0.03016949152542373
0 0.5777734375 0.7108213820078227 0.0123046875 0.03382007822685789
0 0.5630322265625 0.7391460234680574 0.0157470703125 0.031466753585397654
0 0.5387548828125 0.7777705345501955 0.0273828125 0.048116036505867016
0 0.5766357421875 0.5373794002607563 0.038701171875 0.02395045632333768
0 0.5793603515625 0.5953976531942634 0.0453564453125 0.049471968709256846
0 0.6032421875 0.5084485006518905 0.0150244140625 0.03714471968709256
0 0.6209716796875 0.47503259452412 0.017802734375 0.03689048239895698
0 0.6380126953125 0.4422294654498044 0.016162109375 0.03461538461538462
0 0.65220703125 0.41328552803129076 0.0076220703125 0.03107561929595828