0 0.13649461665635146 0.5512530138287679 0.25338338381528436 0.8965430602205051
0 0.3947138248828857 0.9351771318641406 0.061616735712712034 0.05501545398738636
0 0.3372456447342126 0.6406418392856703 0.058665480309362694 0.058179086501114294
0 0.27518676093572125 0.4047650787435092 0.03469323297986749 0.05495633937792443
0 0.23298877632189788 0.10051793398283841 0.05846751857996675 0.06834354679535248
0 0.5240546995966321 0.8753345839459193 0.03976844482483399 0.17140173400541406
0 0.49819233142757435 0.7552894046839764 0.013278050282986288 0.03564478967297941
0 0.4783400956831913 0.65659690885167 0.03196672790977723 0.132111146401938
0 0.43384091709401823 0.44424257611460455 0.058853045910416936 0.2475391701458968
0 0.39569894804223266 0.2729886286328453 0.021153247631417398 0.060689284329156074
0 0.36082419118250364 0.11682288623878341 0.054012091496016115 0.22205213141136632
0 0.5271106011313745 0.4812057494815724 0.2629788397372908 0.9624114989631448
0 0.8162302953877549 0.4253954662424736 0.262806822954736 0.8507909324849472
0 0.9097281497604709 0.8112285719775841 0.029612823070730192 0.03827321671994475
0 0.9232811075823416 0.7535773467911221 0.03651118424560163 0.06459901291697867
0 0.8844164403262039 0.6925043155949137 0.029892039642750307 0.06408393551758426
0 0.816892018429629 0.5535398105379599 0.051929628819739365 0.1038036484878357
0 0.7618196587138546 0.44633688659115933 0.042775899155001254 0.08680355512253646
0 0.6793293364572629 0.2601230272743108 0.03614724745484322 0.06932129634046869
0 0.6557962390399572 0.20808524822751434 0.023742298932065215 0.028993844582414476