0 0.48744140625 0.7913363754889179 0.0064990234375 0.019452411994784875
0 0.47869140625 0.8492307692307692 0.0221728515625 0.04078226857887875
0 0.5313623046875 0.8733767926988266 0.00728515625 0.011375488917861798
0 0.594501953125 0.8880378096479792 0.0083447265625 0.013357235984354628
0 0.536923828125 0.5512255541069101 0.00583984375 0.043891786179921774
0 0.5851708984375 0.5824119947848762 0.0050390625 0.04101043024771838
0 0.56322265625 0.5065123859191656 0.0090966796875 0.03713168187744459
0 0.56236328125 0.5495958279009127 0.0078369140625 0.036916558018252936
0 0.5948046875 0.1716101694915254 0.01220703125 0.02302477183833116
0 0.5983447265625 0.057868318122555405 0.0123681640625 0.024119947848761408
0 0.5965283203125 0.027548891786179922 0.007275390625 0.010228161668839634
0 0.561875 0.03992829204693611 0.0057080078125 0.07067796610169491
0 0.549931640625 0.0783181225554107 0.00677734375 0.016271186440677966
0 0.306025390625 0.6065058670143416 0.0119970703125 0.020541069100391135
0 0.545888671875 0.8177249022164277 0.013447265625 0.36454367666232074
0 0.7823828125 0.026916558018252934 0.0127294921875 0.04482398956975228
0 0.812939453125 0.11561929595827902 0.0207275390625 0.017053455019556716
0 0.464072265625 0.32808344198174705 0.045712890625 0.09016949152542372
0 0.609326171875 0.28358539765319424 0.028330078125 0.024830508474576272
0 0.3089306640625 0.9321121251629726 0.0184033203125 0.04276401564537157