0 0.8895471600073764 0.0706997084548105 0.06447528149902396 0.12463556851311954
0 0.5677907810764118 0.09037900874635568 0.05779671012511453 0.048104956268221574
0 0.5207040473194162 0.1009475218658892 0.017226023172736964 0.03279883381924198
0 0.7343491618369882 0.13411078717201166 0.011189660214334705 0.02988338192419825
0 0.7026065269206652 0.29628279883381925 0.01186963678419836 0.04518950437317784
0 0.5621052091981499 0.3975947521865889 0.05780942712344146 0.04956268221574344
0 0.6535054139753245 0.8509475218658892 0.02633798552312323 0.07507288629737609
0 0.4969911648492321 0.031705539358600585 0.043912960468601915 0.02259475218658892
0 0.27778301272031003 0.009839650145772596 0.059734521007467414 0.01967930029154519
0 0.1922502129373639 0.16800291545189505 0.016292089476959534 0.05102040816326531
0 0.19892572158628394 0.592930029154519 0.018795806784858038 0.08746355685131195
0 0.16389823106651905 0.7244897959183674 0.017099236030092054 0.08090379008746355
0 0.4699371990135677 0.8152332361516035 0.026687702977112236 0.1151603498542274
0 0.2192944163371253 0.982871720116618 0.01111971672353693 0.021865889212827987
0 0.2115267022988699 0.9650145772594753 0.007250070617371043 0.016763848396501458
0 0.20215461574371826 0.9431486880466472 0.010077688541980975 0.027696793002915453
0 0.42504866665972146 0.35459183673469385 0.05059114900188751 0.03644314868804665
0 0.12668927596848004 0.6676384839650146 0.0456607820572991 0.09766763848396501
0 0.6716158427927144 0.6228134110787172 0.037146518628275664 0.1239067055393586
0 0.7594286638909676 0.6417638483965015 0.014957953174509056 0.08600583090379009
0 0.7498620688503959 0.7361516034985423 0.029381409578666442 0.048104956268221574