0 0.6587158203125 0.5919687092568449 0.024951171875 0.03979139504563233
0 0.4874169921875 0.8298891786179922 0.0258740234375 0.03557366362451108
0 0.2962744140625 0.6401890482398956 0.023671875 0.02942633637548892
0 0.176513671875 0.5694654498044328 0.023740234375 0.024941329856584094
0 0.43876953125 0.718129074315515 0.019306640625 0.01752281616688396
0 0.6532763671875 0.5019882659713167 0.015615234375 0.01455019556714472
0 0.228564453125 0.7267992177314212 0.0213232421875 0.22949152542372883
0 0.2120654296875 0.9406844850065189 0.008740234375 0.0648696219035202
0 0.24076171875 0.5698305084745763 0.0059228515625 0.03797262059973924
0 0.2466259765625 0.5004628422425033 0.008125 0.0665580182529335
0 0.2573046875 0.3652346805736636 0.0102294921875 0.07289439374185136
0 0.443388671875 0.19735984354628422 0.0175341796875 0.016290743155149934
0 0.5048486328125 0.07466753585397654 0.0493310546875 0.14047588005215125
0 0.4974658203125 0.1908018252933507 0.0340234375 0.0176857887874837