0 0.07934663019399713 0.727959453056898 0.14016696211472762 0.5396318865912749
0 0.026661929202182237 0.8030615108260428 0.053323858404364474 0.3933257491255336
0 0.4158908347730525 0.6638934922156929 0.5437518251735476 0.657290453048455
0 0.6425987853225176 0.5125889521240042 0.13067013632146043 0.6473153684458645
0 0.4275157744095156 0.4058039425149878 0.6348837710704278 0.32249246251162517
0 0.88475351163202 0.5241135978922805 0.16256033181451163 0.12112319266166424
0 0.939490418003255 0.500375921983429 0.10257990670447195 0.694172052008577
0 0.6640998148047166 0.09608875517900049 0.169925844866244 0.08494169503534046
0 0.34206007574137454 0.0735741785405972 0.3675515810400473 0.1471483570811944
0 0.12904199029165764 0.1506484106155074 0.06090652085977066 0.04693860302819207
0 0.008505524814840898 0.1995090757055967 0.017011049629681797 0.20179375657256843
0 0.7903268179115507 0.07458678643560142 0.15186916052948227 0.14917357287120284
0 0.7436857429163084 0.7558307401502633 0.12378806383016133 0.0507329409859566
0 0.7505684819418762 0.8653041307607341 0.09006726881874887 0.07508497417373917
0 0.8577135759364151 0.7925944617560684 0.06906923778332068 0.12221727234764182
0 0.741202970389144 0.6336927841055647 0.13173714300674375 0.079405648270869
0 0.0768139512638078 0.8625418000902435 0.1536279025276156 0.06693693347038199