0 0.7589561897638532 0.09879775812212663 0.08003050580061867 0.19759551624425326
0 0.7967938636408058 0.30618151091193885 0.07023189008504503 0.23609021280135162
0 0.8274777275141335 0.5263072910170223 0.06733336823239983 0.22438699212936386
0 0.8614966641202105 0.7554504308055163 0.07244403212151428 0.25862234928617694
0 0.3390688394381309 0.15597987874593802 0.10613017494784506 0.29645078477197445
0 0.38937456882990085 0.40910752209517043 0.09716489991519629 0.2524975853410451
0 0.433528824822929 0.6612072487986702 0.0933915436142858 0.2787787269069773
0 0.47714452821055864 0.878925515041242 0.08226686009587203 0.19735512356099416
0 0.02099806783990125 0.145017501006229 0.03564758958269985 0.08547520206917462
0 0.037255028474128205 0.2432763997703959 0.06043847243364236 0.13164823361200656
0 0.05954373475972863 0.3469988433699433 0.04925932267646735 0.0984407931009261
0 0.08488656451800118 0.46724935881450963 0.061070386011057125 0.1690354806340715
0 0.13212390979113903 0.6782971477905961 0.0671068852110839 0.18362610352741066
0 0.1631241749686917 0.8084606957423555 0.05504685928445089 0.10486815068814265
0 0.1859220462237422 0.9121554203775732 0.055243088325789995 0.12796968342449347
0 0.2085245547814821 0.975998788716785 0.05127870104771148 0.031315606040052256
0 0.14328800061934552 0.09952014195223612 0.05403026203360763 0.07153481735480942
0 0.4135097249861487 0.7740469470081688 0.03226064964327497 0.07442453454170088
0 0.4050946641727729 0.840941716389169 0.032520852020681765 0.06628898819990788
0 0.3917284282949347 0.9043583193326604 0.037144830511073215 0.06789900309656091
0 0.3806486812309686 0.9591329260939601 0.028822708841202742 0.045034239039780904
0 0.1566965285455328 0.6227879884745641 0.032479358255341234 0.0649284439822208
0 0.18700523852974532 0.6633848782560801 0.029362127790629824 0.06272131386971304
0 0.21231652613550156 0.6906257965396911 0.026099669147226497 0.05575227899530051
0 0.23754957975923005 0.7236628872306371 0.027896873530290314 0.06467897330325514
0 0.2672717571359932 0.7533892827528212 0.03881755359811544 0.07274406475145433
0 0.2992691835412649 0.7908279316693881 0.03023522955083805 0.058014847036467324
0 0.32204501974110583 0.8185475808290686 0.019844461335133474 0.05065774666144145
0 0.3395217374197429 0.839741698543609 0.023751806029372047 0.04543732150532935
0 0.3620693579102108 0.8599783545060105 0.02684828961141319 0.04696417950899373
0 0.5414312389860587 0.03525760763299798 0.02536228846840353 0.048241566833692046
0 0.5892378353600894 0.189718076235588 0.046477507710594175 0.040562225920566373
0 0.5614213503283947 0.18067068262230784 0.014390607537931277 0.021836847411046995
0 0.6367669251631505 0.48558447810217775 0.04598908962381428 0.04121477906508047
0 0.6824318163864834 0.7621324222775506 0.045479924654364186 0.04118706010075071
0 0.8000156721758903 0.4954357519920899 0.015989850191598924 0.04093990438732517
0 0.7957897716608588 0.532461494995101 0.01645752139570838 0.03960707913396754
0 0.790696389278301 0.5661274559003887 0.017226888742565394 0.03149925175650414
0 0.7861225453065281 0.6001058338957687 0.023180400411910974 0.043368786214469136
0 0.7804210170898221 0.6389154140638772 0.02258824791178004 0.04061997881476538
0 0.771435417003014 0.6871027004516802 0.02713874596879679 0.05648798903280294
0 0.7650626359601204 0.745709469187075 0.025268061152358745 0.06181929004623314
0 0.7561440300699764 0.8044548327441178 0.03025597643350826 0.058695119145310864
0 0.748384228748771 0.8593894022916971 0.024489186708195013 0.052948033666937705
0 0.7402924773048415 0.9034396180977798 0.019346536151046863 0.03433121604919655
0 0.48071172654431243 0.7199647507692603 0.0282608103210485 0.05994478750567984
0 0.5074355348597039 0.7600754011922395 0.024021515504085558 0.054280858920295334
0 0.5337284121876732 0.7944175981722136 0.03066140698960709 0.05532147756542262
0 0.5629358047023044 0.8323488374470146 0.028521012698455413 0.051809241163887146
0 0.588278212632066 0.860610163893891 0.024687148437591303 0.04277167099861409
0 0.6108409601125225 0.8897042167534233 0.02279571673848258 0.04742269990320107
0 0.6348011013126258 0.9228106048551931 0.028541759581125852 0.05248951327273068
0 0.5753066347274873 0.6275955986503471 0.06143689914689408 0.3143919602119523