0 0.1634912109375 0.5009061277705346 0.0537060546875 0.9981942633637549
0 0.34201171875 0.8348500651890483 0.0303515625 0.04063885267275098
0 0.339501953125 0.559445893089961 0.0475634765625 0.03590612777053455
0 0.3370556640625 0.2821251629726206 0.050927734375 0.03496740547588005
0 0.3353125 0.07671447196870926 0.0493408203125 0.0320013037809648
0 0.390244140625 0.04882007822685789 0.008046875 0.045743155149934815
0 0.5426611328125 0.5016623207301173 0.0714404296875 0.9936701434159061
0 0.4918994140625 0.03436114732724902 0.014111328125 0.061773142112125166
0 0.4907568359375 0.11558018252933508 0.013857421875 0.08175358539765319
0 0.48884765625 0.340664928292047 0.0128173828125 0.21564537157757496
0 0.48802734375 0.5048761408083442 0.0155078125 0.07514993481095177
0 0.486279296875 0.6485919165580183 0.013388671875 0.1980769230769231
0 0.485517578125 0.8115319426336376 0.01353515625 0.07709908735332464
0 0.4841845703125 0.8911538461538462 0.0130078125 0.041323337679269885
0 0.485009765625 0.9467014341590613 0.01201171875 0.06591916558018253
0 0.48259765625 0.9869687092568449 0.008564453125 0.02605606258148631
0 0.8343017578125 0.5013950456323337 0.0680859375 0.9972099087353324