0 0.45981300717588214 0.7035262606774121 0.3505752468223644 0.18730146895406857
0 0.5745262375823142 0.548690346097703 0.1620110248149254 0.09598162784885567
0 0.750660165003648 0.6649427730433328 0.0921439342582327 0.06052392580397882
0 0.6997262709593575 0.8635968788031421 0.05883434980968964 0.044281749343303416
0 0.602965686095972 0.8452239022081207 0.061003766534138935 0.046501398996404666
0 0.7020547483512787 0.9932202364163424 0.06618537468964691 0.013559527167315127
0 0.40907739995410985 0.9061081075441438 0.3059475639817343 0.1635015734100537
0 0.2888622116209542 0.9072018334374125 0.4505159613348733 0.18559633312517504
0 0.11357681664604308 0.844371677557951 0.056181511461265134 0.04489037816011806
0 0.16593326488683907 0.8549600374450548 0.03793377554252549 0.0370632421486438
0 0.21244014044153 0.7573419109294105 0.07066112922127464 0.08104174762892259
0 0.16535281686606212 0.7045507908856309 0.03550426056851457 0.0504923837859711
0 0.49255406857603584 0.9879339139310174 0.02634317204674255 0.02413217213796527
0 0.29075737668718277 0.594319994615842 0.1413351109839375 0.1934018022177889
0 0.23441524465305577 0.598187703676267 0.02667771142110877 0.03306677662655788
0 0.4532651213547261 0.45167690948162176 0.10880626697133393 0.16081930813352185
0 0.46046039202712596 0.5132516986110356 0.033509431176451145 0.11945635659976668
0 0.6261314026171163 0.6483411315847767 0.032479216596067305 0.02973349123526422
0 0.5460604154549985 0.36084755893232423 0.3380053932244965 0.1996245966764872
0 0.3314501173691539 0.508948649584169 0.04648737389898126 0.038819333638541675
0 0.7972997638066451 0.3912847365167826 0.06477233038012317 0.04878322178676775
0 0.6840179651473107 0.571121961352072 0.13633343840786588 0.6401978644131419
0 0.9597137885373014 0.29995478923324453 0.03394322538389009 0.11377907528084827
0 0.9408100492548447 0.23685568769553486 0.042656775782326635 0.032976257286925034
0 0.841737368844468 0.22872744891179983 0.04278084432366743 0.04009876440943216
0 0.7582595860044065 0.21336545928683762 0.030818035203861723 0.02611006453674882
0 0.7375838950170456 0.09888068457164037 0.04156586399303492 0.03151030710424909
0 0.6217824269448472 0.07121462178246908 0.03410317742587074 0.031220165797027438
0 0.6047303925446575 0.11616657380435316 0.03169892184738217 0.07667986510654944
0 0.8591132461249225 0.9211681594864063 0.13518621389322452 0.1576636810271875
0 0.8786078708841383 0.852733277991107 0.06561644214849581 0.12782232646750954
0 0.10241915217768272 0.47438577874607696 0.14841942469450406 0.6000969589129456
0 0.038563405292584604 0.5713963469902891 0.07712681058516921 0.5729921241800082
0 0.22903913801669015 0.3250019176815862 0.07129298740760487 0.05615442145832205
0 0.46583965466876326 0.14319600483861608 0.4478516075068231 0.26724268340060203