0 0.4669873046875 0.2273142112125163 0.013486328125 0.4497066492829205
0 0.5016796875 0.4193220338983051 0.0258837890625 0.052385919165580185
0 0.463046875 0.7627640156453716 0.0106396484375 0.4621903520208605
0 0.477685546875 0.8745176010430248 0.0167822265625 0.014224250325945242
0 0.49486328125 0.9000195567144721 0.00572265625 0.03822685788787484
0 0.510478515625 0.9008930899608866 0.02263671875 0.0213754889178618
0 0.56330078125 0.9438591916558019 0.0167822265625 0.01211212516297262
0 0.5978662109375 0.9475945241199478 0.0058056640625 0.004641460234680574
0 0.47177734375 0.9727574967405476 0.00693359375 0.03610169491525424
0 0.685439453125 0.48609517601043023 0.012880859375 0.017509778357235984
0 0.6970556640625 0.48679269882659715 0.0086474609375 0.008989569752281617
0 0.509052734375 0.67248370273794 0.0208056640625 0.016877444589308996
0 0.4795458984375 0.6521186440677966 0.0168359375 0.021479791395045633