0 0.19904296875 0.22401564537157756 0.0408984375 0.44341590612777054
0 0.2127392578125 0.720638852672751 0.0444287109375 0.5492568448500652
0 0.4475439453125 0.19534550195567146 0.01162109375 0.3783963494132986
0 0.4591015625 0.15290091264667535 0.0090771484375 0.08373533246414602
0 0.4975537109375 0.18255541069100392 0.0234814453125 0.01564537157757497
0 0.441787109375 0.7318383311603651 0.009765625 0.5266297262059975
0 0.452890625 0.6001238591916558 0.0091552734375 0.08197522816166884
0 0.4512451171875 0.9591916558018253 0.0091552734375 0.07195567144719686
0 0.48953125 0.8810560625814863 0.0238916015625 0.02002607561929596
0 0.4913037109375 0.6606975228161669 0.022822265625 0.015319426336375489
0 0.6259375 0.032209908735332464 0.0192578125 0.05541069100391134
0 0.62474609375 0.15745110821382008 0.024111328125 0.1905801825293351
0 0.62013671875 0.2957301173402868 0.01931640625 0.08273794002607562
0 0.618037109375 0.38590612777053457 0.0175927734375 0.04562581486310299
0 0.6163134765625 0.521251629726206 0.02041015625 0.1790417209908735
0 0.61771484375 0.6640026075619296 0.009384765625 0.07904172099087353
0 0.605869140625 0.8759973924380704 0.016279296875 0.23835071707953065
0 0.689189453125 0.21757496740547588 0.0490576171875 0.4261408083441982
0 0.67376953125 0.7138265971316818 0.0511083984375 0.5652868318122555