0 0.08197082446171346 0.757450616232777 0.1639416489234269 0.3836494921721272
0 0.42550606290614784 0.7393020359955638 0.03931525379956902 0.07091735398105689
0 0.480117763355382 0.8250543786238904 0.025323743098517554 0.043524810200497734
0 0.46488220103470235 0.8445954490212114 0.02074051507442539 0.024972157493983592
0 0.482107399561311 0.9012637225054453 0.04602404877298976 0.035620222657209946
0 0.40017568477208615 0.1506312650240663 0.03017899553199628 0.042360615591509346
0 0.437708536363921 0.2941175138478988 0.04488548573226839 0.1539366393949934
0 0.3262657207824322 0.7992594800805295 0.07289911222145139 0.05618037643487059
0 0.728348179121731 0.12531407379235757 0.04722227422329164 0.2243627915468892
0 0.6453668694676363 0.5799299031308439 0.055401563440281486 0.26143743127038505
0 0.6057296553539141 0.8010982751287652 0.03440945450162099 0.1437485595747621
0 0.5829697135994164 0.9194995733093977 0.01236970170924886 0.041149871651588364
0 0.5720354654660417 0.9734262969619083 0.010717776398128409 0.014140648990191787
0 0.8551810080319389 0.9271525011751417 0.03645452118974957 0.05636326897880258
0 0.9672482912321069 0.3956907394989741 0.022795104614133442 0.15522294596548092
0 0.8719864476379593 0.3019960280120763 0.03897274074832415 0.08142687274475187
0 0.5726285948459977 0.5046032994166294 0.060337641980135075 0.16493680919121667
0 0.5258742640302472 0.5481363268361434 0.04672917957545641 0.031039557648455528