0 0.396884765625 0.3723468057366362 0.04341796875 0.14967405475880052
0 0.4463916015625 0.374954367666232 0.04966796875 0.13869621903520207
0 0.4188525390625 0.5342112125162973 0.0172607421875 0.17901564537157758
0 0.3492333984375 0.9674902216427641 0.0076806640625 0.020404172099087355
0 0.2983544921875 0.9341395045632334 0.012119140625 0.024471968709256844
0 0.385654296875 0.9247066492829205 0.04607421875 0.035795306388526724
0 0.334462890625 0.9092372881355932 0.0235546875 0.019947848761408083
0 0.4277685546875 0.9828878748370273 0.02005859375 0.03421773142112125
0 0.41607421875 0.8405410691003912 0.015751953125 0.06371577574967405
0 0.49228515625 0.8286114732724902 0.0247607421875 0.037020860495436764
0 0.7959326171875 0.9458604954367666 0.0489697265625 0.10828552803129075
0 0.753818359375 0.9399608865710561 0.016884765625 0.12007822685788787
0 0.5054833984375 0.27292698826597134 0.042626953125 0.11636897001303781
0 0.5358349609375 0.2702411994784876 0.0164013671875 0.13080182529335072
0 0.5671435546875 0.27604302477183834 0.052431640625 0.10938722294654499
0 0.532900390625 0.41352672750977837 0.0211376953125 0.15722294654498045
0 0.71083984375 0.3565775749674055 0.0582861328125 0.12326597131681878
0 0.7667431640625 0.3510104302477184 0.0546435546875 0.13289439374185139
0 0.740625 0.4520338983050847 0.01962890625 0.0773728813559322