0 0.011126873111086897 0.8931987888595938 0.022253746222173795 0.17887102395331433
0 0.10651451901656259 0.9554325932776295 0.10038171371735616 0.08066857619264287
0 0.2529096486637704 0.8935614952633046 0.029659881711168568 0.019884373927497836
0 0.4466263192474216 0.9281468346078456 0.2401103918800942 0.06339539641493207
0 0.5987465590565234 0.9641764448334048 0.07722049587207849 0.07164711033319028
0 0.7909145106933365 0.9940019647357805 0.059084690520135624 0.011996070528439063
0 0.7377881023425717 0.9881736212499741 0.025914137853246325 0.02365275750005171
0 0.8806223098665806 0.949044631498759 0.016457747520024307 0.023233472751155133
0 0.6150652646850284 0.8005982460244386 0.43781044965341886 0.09904349225515166
0 0.43996082665365766 0.6527184698530972 0.0344966706803311 0.20314307183747504
0 0.278844730132362 0.5655587639881926 0.09762879370938733 0.03362558230556227
0 0.3668811330485672 0.5905708687059201 0.06482712415405441 0.03077474072512832
0 0.2947254572940279 0.44184910530596405 0.035294391077361154 0.013539373420147341
0 0.299492390550018 0.26485446572239574 0.08644257366098895 0.037729438134495946
0 0.3772603098724413 0.203434317251209 0.044090491366228474 0.3720866230351408
0 0.47859639870625226 0.1636887238064074 0.13789606503893545 0.05796911925248151
0 0.5460242594731255 0.3384075432418322 0.2940055932547009 0.10357200621402696
0 0.5749858734084501 0.19074960539920766 0.014460297386138098 0.06410806470086773
0 0.5736482423169091 0.2600474087620997 0.071306563653196 0.08327763221912433
0 0.6276070180087535 0.2234028265082146 0.04012679954531352 0.06266162762376236
0 0.6998949832568682 0.28650911563271775 0.1021994829756194 0.1494733693658382
0 0.6325997921625153 0.052060452334905784 0.1298516328347015 0.0450394427343516
0 0.5919100557664925 0.10226647932108818 0.10765583218196861 0.1497277590773674
0 0.8045805261796362 0.11483668469324697 0.10336456576842627 0.06032378556743365
0 0.8941645983289089 0.29921702400408545 0.07301774771338429 0.47981920378719634
0 0.9536618523762641 0.4423706152141174 0.07970713453098827 0.5263849567179418
0 0.18705610342948364 0.9605151264182977 0.04321167464711986 0.02382004331576047
0 0.1909215739891116 0.8903395772590207 0.02830483632453853 0.05352045034011303
0 0.11620741214470129 0.8208147025502762 0.09717711191384398 0.0448376077764342
0 0.10722592829603718 0.6816756268953159 0.05818798850392874 0.026500588405000573
0 0.2988823347864541 0.728112117028946 0.062315178265276834 0.029996857382440602
0 0.1296411976275426 0.5771870354596942 0.10190749733106011 0.11245665566284153
0 0.15020796025593627 0.39727849139863586 0.11964929398770736 0.17275309479181675
0 0.06500394524424695 0.32361401632957826 0.03778407116783021 0.23038789506791682
0 0.08523951313669288 0.10917588082615767 0.033886053091693596 0.21104383903020124
0 0.30633957262388134 0.1377368373477187 0.07561267393227757 0.02863451352567027
0 0.30349567164126623 0.05198260504779518 0.1019784935810673 0.04175761287240599
0 0.1707569284102959 0.08827292110006306 0.10789090508417006 0.1649364208194259