0 0.5797370899259233 0.17432212140965792 0.029438267429945975 0.34864424281931583
0 0.5282610092674609 0.08398725739060495 0.07605526005759711 0.073394696608944
0 0.5766913085643859 0.6588697456084459 0.03507043654288536 0.5999148027975125
0 0.5228681283386378 0.39142351746047105 0.07386475617029678 0.07106887695884825
0 0.5785432783810521 0.7887333377924628 0.24401137086344724 0.35744134347947115
0 0.5358199278314909 0.67947161767093 0.05699732059982206 0.06554377467060604
0 0.5356415283252479 0.9488849284556168 0.057224354979054336 0.029349867264289495
0 0.18905039767337792 0.657018555969122 0.07633914811827441 0.0437225283330621
0 0.15719554284326928 0.8569523470924616 0.03649505288234404 0.26543600731509526
0 0.4541598588698323 0.6178337760487421 0.0462971038454169 0.02061931973844828
0 0.7192539821313435 0.00931695278659726 0.01462045834827727 0.01863390557319452
0 0.2668976897361376 0.1946927629313007 0.2372949468066234 0.3893855258626014
0 0.41914950895404934 0.6818394963273459 0.048001953595672185 0.09170976579538007
0 0.25588375245961564 0.9568676894848978 0.1014067598457642 0.05633901952655504
0 0.12617393013019068 0.02804995680378547 0.01351573079105294 0.05609991360757094