0 0.9789366621514601 0.18341244541962196 0.042126675697079646 0.2183068392797994
0 0.9045084692504989 0.1541300435381963 0.07292126806048595 0.07396864560738724
0 0.6219831169535702 0.15811408413594702 0.47504035628259134 0.21279798859677815
0 0.38603728323988223 0.1368978114261284 0.0804762058240268 0.2737956228522568
0 0.5424970754772509 0.043800627363368 0.03142887713506128 0.087601254726736
0 0.2920956412576621 0.12486136711705395 0.11796741211174437 0.07468562422249597
0 0.30120258115677395 0.02031797450349584 0.136216637723384 0.04063594900699168
0 0.17559709811913632 0.04006001060317671 0.13705485197597755 0.08012002120635342
0 0.06752601347586185 0.08562610530612554 0.06333071547631385 0.17125221061225107
0 0.3511201978720495 0.30149768718511893 0.06661615289955568 0.05123762468840258
0 0.27660456043473763 0.29936014440916525 0.04215500008265616 0.033405434617023874
0 0.26179599438115303 0.4525993708091805 0.12697378461601644 0.07086821974260549
0 0.364106332719181 0.45147528459718766 0.05268748701685096 0.0391957938284542
0 0.4689548494781273 0.4547255221453863 0.0775534654301487 0.054991920465055556
0 0.1531944644007629 0.5981341492069463 0.1541322067138975 0.2280920121907282
0 0.17233587768200084 0.5129284981232557 0.04094754472130045 0.09824163343699656
0 0.2878152160645816 0.5966910881136948 0.08402341487046201 0.06133891300969754
0 0.061821199919107665 0.7003143039265238 0.07005094970118073 0.3804931431729442
0 0.09074620511236729 0.6843430556470284 0.1150046218194296 0.10600609116832364
0 0.06721318246403254 0.558329432887612 0.07796906184252594 0.043395853787019475
0 0.17324326687868633 0.8290775373707553 0.08025448409927012 0.12609551108290012
0 0.34983463674500037 0.8109152669254595 0.07722331952294198 0.2830640092471806
0 0.47500625377800226 0.9474725108230122 0.19981638492495069 0.08474086777826423
0 0.5867529618996881 0.90118061958901 0.1361590342553497 0.16812280391965373
0 0.7065046300135188 0.8950613237920193 0.1343606160604748 0.17284708501854396
0 0.9097300780712487 0.8318819178493986 0.08856545764993344 0.2847822415890561
0 0.9657991391950731 0.7515898739743111 0.06840172160985375 0.4407494860265696
0 0.9234422459813671 0.8101208822526514 0.15311550803726576 0.06367917496473642
0 0.7913748319468452 0.40908035214602445 0.061564371055155456 0.24775044428438986
0 0.7649055880348126 0.43764977867159055 0.1400031220641736 0.1340981991603589
0 0.6765004992534617 0.5034269819859849 0.026535385490645793 0.028139868440097422
0 0.49354066733886304 0.7673982963357496 0.07527434857858267 0.32397631973497504
0 0.26994891640605195 0.7846232795987838 0.13193190115630554 0.0874114496104882
0 0.2617608525422652 0.9075120243752086 0.11753753416946874 0.06647768988597082
0 0.2724981043171696 0.6814353408132084 0.12192248012005687 0.07207700730515282
0 0.3714756105940418 0.4060291629085723 0.0476755163966673 0.07045258017686581
0 0.2841666389632278 0.5221277244822462 0.07124460088107858 0.1005489113049704
0 0.27980710336984743 0.3801033390170388 0.0857930313313195 0.11465864589840409
0 0.5165106088905073 0.41727951501042654 0.0354733837109043 0.14997049517865943
0 0.5253650312996655 0.28751898465485576 0.030844935729381403 0.10065920856209154
0 0.6165177327279731 0.28400120354179903 0.051179164830746214 0.07875603540951513
0 0.09376763820701545 0.8449069340415108 0.0893147106834368 0.07447809038671545