0 0.8102480287786871 0.9671067627678801 0.06061981283127855 0.03453732464424998
0 0.7637823577878501 0.9730390654101088 0.024571426156976325 0.04277420576744116
0 0.6874575677797791 0.9539669460070201 0.015138491438344276 0.08200881110437334
0 0.6814653462464191 0.6908360050543524 0.03074263027171488 0.3461474951066948
0 0.6752934650227529 0.3733011568904536 0.020410756392410703 0.21897199447908575
0 0.6735151500607375 0.2097713124353503 0.010853961626818379 0.057735728005633834
0 0.6708998623613163 0.09967003814011609 0.016236544449292806 0.11346359485273519
0 0.7593091838710296 0.11307672782808398 0.07460780076017996 0.1820502479316663
0 0.7965713582961097 0.1671927935250769 0.033217166600771834 0.023187402862072812
0 0.7982588095496876 0.22256822531728235 0.036278501936105156 0.02648681765818402
0 0.8784261443869381 0.4572652685235046 0.06364081282924314 0.14920859878604437
0 0.7951618786394788 0.4293979595414174 0.05752484044828049 0.0443402572729022
0 0.9877789981802744 0.7792381493937521 0.024442003639451322 0.07553960550531796
0 0.8025589492663344 0.690551539098651 0.05790161906186662 0.04106752976950174
0 0.5786548035114852 0.13119388326729928 0.019887241627469587 0.021118542177344206
0 0.6186102642747996 0.13579988312661292 0.03695266990682324 0.031733094086631525
0 0.5683460241352914 0.7225218801729941 0.031746397629802296 0.07951720311851009
0 0.6182599657089619 0.9279569056031689 0.029156053761344638 0.13190753046562742
0 0.5848382683864926 0.9275608455947448 0.024221586301350486 0.13121409776699772
0 0.3003884641843278 0.8081762269231525 0.038142227335351074 0.06580910981402348
0 0.3660859494831735 0.49467191404601685 0.06167753050485868 0.1773639677382948
0 0.33448564729558455 0.7223706920930562 0.05108325853394228 0.05673773458787404
0 0.4100762614368823 0.31931580746625443 0.04004094400011685 0.12019967337889896
0 0.43558959772803785 0.2339046448653138 0.0320182024468292 0.03103966138800144
0 0.46651712256254985 0.1487791990874921 0.03124447755097258 0.0932710460676438
0 0.4883339730669534 0.036840810845585416 0.0375716789433371 0.07368162169117083