0 0.07545939971697427 0.10258623336771959 0.03764052259994976 0.20517246673543918
0 0.07129761123358087 0.23897027764078255 0.022214419217128342 0.07272836584214992
0 0.06054926261769947 0.49143729487615895 0.06717143590786005 0.4364342634443817
0 0.04728694796712115 0.8379143363158728 0.031629650219532277 0.13093386680298616
0 0.2592393134986561 0.5322284384993868 0.11027227420812076 0.7697135165923307
0 0.29106464768767304 0.06832486537202562 0.05876053513312846 0.13664973074405123
0 0.6137606754820981 0.250362036691717 0.027218208721540873 0.02980232507738487
0 0.6063924364869141 0.35864801709608607 0.015853757351440425 0.011792774039823956
0 0.562885334134683 0.6891148765087846 0.09013096657715913 0.5868738200278485
0 0.5073606159941157 0.6463463938578495 0.025150815304655072 0.05516325043089755
0 0.4131611842916644 0.7262556631704222 0.04424423724027984 0.0684692151002357
0 0.4566012235551789 0.7429151510963847 0.033450743959952074 0.027170997708408078
0 0.4829504296060791 0.7209086359612599 0.01105073504186414 0.022943585508313654
0 0.5196619809401184 0.7766212462029068 0.030051609253754823 0.03412790944215
0 0.7079885573405152 0.9519228846606623 0.027310756445275086 0.03192396581288715
0 0.5758658766415604 0.876575265239886 0.02257465653397737 0.03248303418261829
0 0.6185785939046755 0.9402233046892653 0.048918638669088126 0.06649571957350314
0 0.3501236874010312 0.7102052166582897 0.03788308112110064 0.08027785841096964
0 0.3641174187703777 0.5409754141622186 0.04341603738897116 0.1101125133380167
0 0.36558226347600925 0.4346385340703752 0.025232915196810417 0.0812972316779193