0 0.5287164985111112 0.6964632901519592 0.05742725427367984 0.03978688105751199
0 0.5336635058042991 0.38805672303413713 0.06061497567146549 0.04782557577256644
0 0.5368136918016545 0.09203234566877713 0.05863622012202379 0.051452929038423786
0 0.44780839971083325 0.4366104328509992 0.11884744741859014 0.8613299433059785
0 0.6593219044497987 0.06709695886347582 0.016559717389783478 0.051126418181686506
0 0.6423104596394311 0.1548316583854576 0.021576869710163725 0.033680351219529454
0 0.5919682628021482 0.04980306037486837 0.04612627161113728 0.08122606054346401
0 0.7091533710398505 0.2869681196495173 0.028333131152938403 0.04684652915533154
0 0.7202840027322154 0.37492119980944677 0.037738818312758014 0.05857618314729606
0 0.7118004196941958 0.774448359849596 0.01866269501939622 0.04968565383711206
0 0.4860482683717554 0.9839992140536565 0.03477443852863829 0.03200157189268685
0 0.43195023037931995 0.9611354726907801 0.0392125331348249 0.05567345245446258
0 0.43523674864729844 0.9927825517569909 0.008139009138037424 0.014434896486018168
0 0.1540189768123645 0.05551940675703329 0.015259784414634886 0.04747362251140815
0 0.14393220843513638 0.22825781133800596 0.05911123252905416 0.2809472365561702
0 0.15585204285541854 0.4274176202060568 0.021950181277281215 0.08832387224791512
0 0.12722970550868543 0.43084143423654525 0.03061933368936924 0.125546768718565
0 0.11717211588147854 0.5886317872543135 0.01820721405876892 0.0416681611257418
0 0.12810043230350798 0.6368427535409563 0.017702818657998682 0.09047653796330316
0 0.12335553603693683 0.6914947553708157 0.021005319076055923 0.014005291328721107
0 0.11844585990046072 0.9937118618597983 0.022644663338351002 0.012576276280403467
0 0.39377288124592047 0.9962233273904268 0.03012930712216672 0.0075533452191462675
0 0.4163780732040278 0.8406992255900153 0.03583472507673961 0.07313224061883054
0 0.21358952966622377 0.4070839069301338 0.016915433490310935 0.028544387197308205
0 0.4084300328920617 0.20114292514199247 0.03122284862363445 0.05925416131221486