0 0.8525261169108046 0.5111885918079412 0.260136979584321 0.9100094987091534
0 0.5871412300974194 0.14013795563520984 0.041806453096519286 0.056130305912481415
0 0.6517669681247965 0.4345887748931542 0.05878336399656297 0.058155615501618255
0 0.7164759812251873 0.7311612348866007 0.062490991115207034 0.05844394900394504
0 0.7641788331056174 0.9509702937216635 0.060233555259054966 0.05474311911011187
0 0.7129198704074748 0.984255306953106 0.017555331968740564 0.03148938609378802
0 0.4538339071198918 0.5227388060253961 0.2820616348134159 0.9545223879492077
0 0.6073579004038079 0.9992739578079323 0.022155730975256433 0.0014520843841353888
0 0.5932082319511265 0.9471925501738985 0.03324184508872463 0.09353721964520455
0 0.5449097014913666 0.7054804656554801 0.06207084301103682 0.23608510378146985
0 0.5086849590635976 0.529219852575859 0.03349392252896287 0.08650627436052981
0 0.47833862620581397 0.3749205633936672 0.058700820626842475 0.2174915982387895
0 0.44269906151033617 0.20011556797138003 0.031960456193457616 0.087797130016534
0 0.4261404123449106 0.11457378283223603 0.02307400899960104 0.04973814335134326
0 0.4158893011827736 0.06865306580287273 0.022014686965702735 0.049655762350678485
0 0.14744488439828446 0.5585510727279702 0.2751362904261221 0.8828978545440596