0 0.5119677263082734 0.36867407923019196 0.0538645639863406 0.39800357396180547
0 0.4543949813393811 0.4834260279376772 0.030725502234879375 0.025737247089591558
0 0.5317255723717828 0.730364614865459 0.016672577265564325 0.09820904678229143
0 0.5315426918899879 0.8302311165310576 0.01608921812786996 0.09682040823067917
0 0.5111332780240438 0.8201119713294599 0.015505858990175824 0.0954317696790669
0 0.46930068081511095 0.7551123660833355 0.022735292714470567 0.027199679790181067
0 0.4368905381384977 0.7441350225144521 0.026657701926628412 0.04297400095100549
0 0.4121786262878923 0.707485595030078 0.010884930353234838 0.07623904000722562
0 0.5198385082204336 0.6194556064568754 0.06062220935338494 0.06354673819958297
0 0.5003166661166225 0.6877308147430864 0.027724973570538082 0.07067873181752568
0 0.5512017691365335 0.6926600609956827 0.024754077464093648 0.03610172535029558
0 0.47990575662290974 0.5655310895407863 0.036697525256772244 0.059850415042409115
0 0.3600677292212797 0.5868254410085562 0.03291354768956372 0.06430287631827897
0 0.3576354442901307 0.6515269926671465 0.020908441776661693 0.021680584162407715
0 0.22292662444956196 0.4286432761772479 0.0602779249943337 0.14641272074841216
0 0.19093267408445805 0.5460201308629794 0.03783401272315669 0.09766853712727644
0 0.16703215872236746 0.6312441088937587 0.02969781385554745 0.08766439863658257
0 0.14432889157022372 0.7061951321021492 0.03378888552165901 0.08862465725245831
0 0.12302266326764599 0.7878411380178699 0.03360450941209569 0.07648149607470658
0 0.10357759468856075 0.8574695262770174 0.02492333816915497 0.06576530901886848
0 0.08914835979786816 0.9168973153669404 0.019903426504083 0.05732710197316667
0 0.07576660491879636 0.9589302254872208 0.016902299588634335 0.057790940487579365
0 0.06252268343356648 0.976499520358618 0.015489547083458663 0.023996899742845218
0 0.11293229880850918 0.14832895896978013 0.023510585663979254 0.03197126827413449
0 0.3093412281675686 0.1006174260947391 0.07645027784696574 0.14687080527957416
0 0.2790709032576689 0.25285639437292085 0.0663034501830918 0.16368205619687662
0 0.4282251601145744 0.19248945676472579 0.057405877268260956 0.04243061430436499
0 0.44564122432946685 0.7863169594284993 0.01895131514726193 0.03165214106605092
0 0.3940015173689972 0.889105916843238 0.022182762636888034 0.03524784247044774
0 0.27629683675297173 0.8762871003581902 0.03773456609167757 0.1225959908905721
0 0.9569187462931313 0.2650087997733523 0.08616250741373721 0.20722051741507175
0 0.8287136011986074 0.039626834459769465 0.08374952564484259 0.07925366891953893
0 0.7714083670640404 0.05234403979728619 0.025730058429882918 0.10468807959457238
0 0.8023163710917527 0.5110378698241785 0.020486785641777305 0.05871574052477894
0 0.8036568369555086 0.879791387755435 0.024417350807293924 0.1102074966537142
0 0.7779477666601295 0.8927989686233092 0.030726698737094348 0.11469253951663472
0 0.6449737990470688 0.39570560091850987 0.02592079573948238 0.038879002453520266
0 0.5897458271823305 0.5024817425988931 0.02844616610207451 0.04781650659231064
0 0.7287411322263971 0.7023096501766716 0.05143505074858295 0.09727273877859044
0 0.7428019140235167 0.6408698204166818 0.017446673712858383 0.014025342839201852
0 0.7032834502031069 0.2849777335511579 0.02673447545135407 0.04432718092394181