0 0.126287694411428 0.18492380106070508 0.05980820749632632 0.11033553189028936
0 0.4133877501796284 0.6557786011944949 0.044763791109332804 0.0748985434188855
0 0.479311881241467 0.8609569764707243 0.06844596797814331 0.23965917621221056
0 0.5101293807676162 0.7099518912450647 0.05292478837194114 0.2162236324938301
0 0.54677654526832 0.9114658787237849 0.04173307279016874 0.13153567296078036
0 0.4812668110996545 0.5660907363770116 0.014543414382985533 0.03541361446237305
0 0.45194453886390723 0.4289580829508847 0.05134412474649572 0.19143452889979265
0 0.4000635214465209 0.1543772269767173 0.07224925619313254 0.3039629523427217
0 0.3396246704357925 0.5183718434176448 0.040784955121091274 0.07538089538947854
0 0.717475834743314 0.3820285179314058 0.034242749025164464 0.07440768922924264
0 0.7262375942110272 0.15693342524653647 0.09215872742172605 0.19868257597397718
0 0.5837357103529595 0.2910158130543085 0.029213431459308135 0.050793655657666935
0 0.7138029217048938 0.45899564696278755 0.02869313192952372 0.027389988167366937
0 0.609051268410363 0.5953410483502912 0.0290482337144185 0.024066641962207428
0 0.5544395793439777 0.6035899267032673 0.059803733747619714 0.052888814251372734
0 0.5128289699308265 0.0011474023437649757 0.033673971925781275 0.0022948046875299515
0 0.44309720998322116 0.011202975031702575 0.03882495092595135 0.02240595006340515
0 0.2179752004612143 0.6471217865676837 0.1464001564937597 0.640077792750699
0 0.2891930388473499 0.9794872169876518 0.03686000547178831 0.019755217806831236