0 0.5260199972652962 0.7873309345934083 0.32803572141701226 0.09315310698858413
0 0.3611409710491768 0.8326559972226877 0.038446483791790824 0.3346880055546246
0 0.455760793035626 0.9704106370439257 0.08483714015857688 0.03910758434327149
0 0.4660652745713142 0.8887168093945357 0.022520201091789746 0.13803680378102026
0 0.4736460511679024 0.9958893308916416 0.014044226289902092 0.00822133821671681
0 0.8365465774645259 0.8281146181209681 0.059531454114274775 0.038799836432631414
0 0.7779471102132886 0.8160400861538304 0.040916858381365155 0.027265673363222425
0 0.7620729804380394 0.9556253512703533 0.03024526373015344 0.06941836032010708
0 0.3287070336843914 0.9465542713162468 0.028323001869532797 0.028803274374073196
0 0.2945125048090115 0.9452254151551507 0.010815955779070267 0.020014844766421055
0 0.139575037267697 0.9631906816075567 0.08669832038155845 0.0344502014697628
0 0.13770341895115665 0.8732534303021415 0.10941698048111223 0.13465702628239037
0 0.05003356708877085 0.8465420369983427 0.0385741589871722 0.30691592600331463
0 0.19380108470301893 0.5524617555766496 0.01684919067798503 0.04795190179103889
0 0.43063393639135084 0.27889629735754073 0.025423734151022892 0.2503113680188572
0 0.41556547749226275 0.390810276681665 0.023033695376408696 0.03670579987432764
0 0.47776999300155737 0.28140375583263005 0.01735437953940689 0.018917592646732814
0 0.441974522924372 0.3067017703473172 0.013516839575899366 0.08295740026590585
0 0.5741746243924187 0.2895420747536842 0.0228685331475159 0.03196966996905024
0 0.46072991282019043 0.06114780520853496 0.024540956537477312 0.021899567203795833
0 0.4534428972818994 0.6645784996731108 0.016381488850074417 0.1215820897684198
0 0.4613470145785395 0.6446154749640816 0.013927650020811092 0.051216731175726976
0 0.44285730053791766 0.5351135711623787 0.017500137418812168 0.11013912027228694
0 0.45943585164420936 0.5898116860601573 0.009566838511857858 0.013209571385854697
0 0.4947566361357507 0.4928738800116096 0.0157166496798635 0.015475582440565279
0 0.39979418172888703 0.9540465473334269 0.055206732887286065 0.01633455957358556
0 0.9890918735608645 0.9102216244938074 0.021816252878270995 0.1795567510123853
0 0.9257139883132367 0.873834941327612 0.0412819514556516 0.252330117344776
0 0.657800907779151 0.6275879326764645 0.3822528776824886 0.11012488303275353
0 0.5765897671518321 0.9028092340507449 0.08190729407820597 0.11466910849034596