0 0.6790801143875361 0.5186170760399276 0.02993040255751337 0.04615986318925127
0 0.5355498126237255 0.7961904135791604 0.030322503441962703 0.04221719812206427
0 0.32104913512756617 0.6493348621779985 0.027669126609166164 0.03544045723283338
0 0.19222653610196577 0.6059374895798338 0.027051842191288155 0.03077385077684157
0 0.47328915707824126 0.695256035980306 0.02186634119754179 0.021856130587783455
0 0.6628354593027753 0.42941450713882623 0.017315446431937172 0.018267268510346595
0 0.26336222771400986 0.7517580101571717 0.04880797280236628 0.23775199627490495
0 0.27205146520143364 0.9604979158753437 0.016145444530207123 0.049269716858564766
0 0.25693820677303614 0.5916319113945656 0.010446589980165163 0.039658900147289525
0 0.25458874132878173 0.5208018291088357 0.016169067092088353 0.0691064216608508
0 0.24899301690465997 0.38284573837651176 0.018839765735148402 0.07654541420571083
0 0.4158848460780192 0.17214256967050598 0.019847570592887224 0.020408247810173665
0 0.4631196529820871 0.05581862591409076 0.06512819485306315 0.11163725182818152
0 0.46954524385428104 0.15321756530513872 0.036320549073517366 0.025399638341349638