0 0.3083837890625 0.028220338983050847 0.0191064453125 0.04849413298565841
0 0.308671875 0.18753585397653194 0.018525390625 0.24715123859191657
0 0.30908203125 0.4191460234680574 0.0205078125 0.18839634941329855
0 0.3104833984375 0.7269361147327248 0.018232421875 0.4253585397653194
0 0.5486083984375 0.8183963494132986 0.0385693359375 0.36321382007822683
0 0.5615576171875 0.06911342894393742 0.0388134765625 0.12871577574967405
0 0.558642578125 0.27704041720990874 0.037646484375 0.2625554106910039
0 0.6053125 0.3557692307692308 0.0096533203125 0.04840286831812256
0 0.4958056640625 0.9922099087353324 0.0116015625 0.01558018252933507
0 0.6562841796875 0.8949217731421121 0.02267578125 0.057059973924380704
0 0.78435546875 0.034250325945241196 0.017451171875 0.06132985658409387
0 0.7790771484375 0.16614732724902218 0.0204248046875 0.17709908735332466
0 0.7689208984375 0.4321577574967405 0.0129541015625 0.06328552803129074
0 0.7598193359375 0.6074380704041721 0.0204248046875 0.09288135593220338
0 0.7571630859375 0.7528552803129075 0.016865234375 0.1772555410691004
0 0.747275390625 0.8602020860495436 0.01470703125 0.16135593220338984
0 0.677060546875 0.5762842242503259 0.014208984375 0.014361147327249022
0 0.6669384765625 0.01560625814863103 0.0389013671875 0.024830508474576272