0 0.46599609375 0.09522164276401564 0.0424560546875 0.18653846153846151
0 0.458662109375 0.5659713168187744 0.04720703125 0.726232073011734
0 0.3138671875 0.017926988265971316 0.0128955078125 0.0319361147327249
0 0.3138671875 0.1383767926988266 0.01279296875 0.17605606258148632
0 0.316435546875 0.27320078226857886 0.0077587890625 0.062288135593220335
0 0.3181787109375 0.5064797913950456 0.015908203125 0.40511734028683183
0 0.3241455078125 0.826264667535854 0.0253759765625 0.10267275097783572
0 0.6272802734375 0.7626336375488919 0.0325732421875 0.06363102998696218
0 0.6350634765625 0.3749478487614081 0.0285546875 0.04447196870925684
0 0.62974609375 0.4609517601043025 0.0366552734375 0.10895697522816165
0 0.6229296875 0.5801434159061278 0.0286669921875 0.11106910039113428
0 0.6188525390625 0.7147327249022165 0.0279248046875 0.028676662320730118
0 0.789482421875 0.5332268578878748 0.0173583984375 0.05614080834419818
0 0.7876513671875 0.5866297262059974 0.0163525390625 0.025710560625814862
0 0.7835791015625 0.661883963494133 0.02041015625 0.09133637548891788
0 0.8242626953125 0.6840026075619295 0.02169921875 0.05563233376792699
0 0.777216796875 0.7291069100391134 0.015615234375 0.027698826597131684
0 0.7740966796875 0.8898109517601043 0.0340771484375 0.22037157757496742
0 0.726181640625 0.7361342894393742 0.086982421875 0.03964146023468058
0 0.91984375 0.973767926988266 0.0263623046875 0.05120599739243807
0 0.842783203125 0.8350782268578879 0.026953125 0.04650586701434159
0 0.8268701171875 0.021505867014341592 0.026259765625 0.03252933507170795
0 0.762626953125 0.026623207301173405 0.0237451171875 0.0454367666232073
0 0.631875 0.03004563233376793 0.0120166015625 0.021766623207301175
0 0.5734423828125 0.9714276401564538 0.023896484375 0.028833116036505867
0 0.6055078125 0.9293676662320731 0.0503662109375 0.14127118644067796
0 0.888515625 0.3710495436766624 0.22296875 0.20765319426336376
0 0.8265771484375 0.157503259452412 0.34513671875 0.10915254237288136