0 0.8827125566067748 0.32191279023325203 0.18407590686434327 0.6438255804665041
0 0.4861161801075622 0.313560001119977 0.14530414043103926 0.627120002239954
0 0.19931261649188167 0.35547175161437616 0.12525699095494966 0.5834187415488116
0 0.5576402357696327 0.6747709662043244 0.050327152911185814 0.1481180338862124
0 0.5206976497122385 0.6875584694292358 0.048492664479774863 0.1321893152141697
0 0.7138553160562975 0.7264565901844119 0.03142552241859454 0.12252476408333564
0 0.6504890048671945 0.81340714716326 0.06091403394094596 0.292662289498082
0 0.5881684941367948 0.4245951435504862 0.06918631895976726 0.3537512768550325
0 0.5458700837217608 0.13470474103876157 0.04036703578010555 0.19157233095348336
0 0.5263591937605394 0.008523841750027948 0.015019974822666069 0.017047683500055897
0 0.28617465218859106 0.08278029655372936 0.044237240633873305 0.05067456334354631
0 0.3649617531531836 0.30489896895485225 0.025272569886895094 0.04493728356389574
0 0.6934399455187826 0.2223715876901312 0.03647923734952462 0.03593163223498783
0 0.740019574498833 0.5151438656641805 0.04450234358436132 0.04009009649912785
0 0.6342244489478619 0.006316701473562487 0.022417151863977768 0.012633402947124974
0 0.7049196780151518 0.16843443262015134 0.017880700901084567 0.024245647200322934
0 0.784422138792876 0.8218812266346808 0.06552330656407389 0.04918487313951552
0 0.9609736859616878 0.6908812226800114 0.045718536699685355 0.14139148051909067