0 0.9721543157770444 0.11743138622545268 0.040271371206176146 0.10097079098257034
0 0.8296577147825336 0.19278797908351433 0.08408689549946041 0.19559697717270755
0 0.46011621686322707 0.34382554164073365 0.05439413886995633 0.22603865553428032
0 0.4133129034534242 0.5973578694127908 0.05890564510343962 0.2443317319012675
0 0.3764549698466771 0.7770105087765924 0.025390395176306545 0.06700483501351721
0 0.35314462648914746 0.8945501946805526 0.03840816880925392 0.13632620792680927
0 0.42497426518734294 0.8731193100403941 0.07967921168010676 0.06953532555639735
0 0.4861391553746901 0.895584217209376 0.026082466553766885 0.029424895214942414
0 0.020032888465304762 0.8476466437951213 0.040065776930609524 0.09255349276837425
0 0.20672742240930705 0.5936058937324298 0.023650232894270772 0.0502875585359927
0 0.24083903019812264 0.6495191607208739 0.028908405165878663 0.04619278150332413
0 0.2400112514137911 0.7396100274980778 0.04779568468969399 0.04417990246869443
0 0.30507665993459143 0.3383942376257958 0.05705323505846877 0.045334723542143705
0 0.3376334155897142 0.32349545110404715 0.01833977442759135 0.025447438133141986
0 0.2486290458689536 0.9272693298893774 0.032767833912995044 0.034076380167044736
0 0.20560505634897389 0.0409374113387097 0.044815945933974026 0.0818748226774194
0 0.5942822224874619 0.012786927574834347 0.03579524193260068 0.025573855149668694
0 0.6640821913531422 0.06235322719213789 0.04504355843900366 0.09829998440679191
0 0.773564995279991 0.9382434704529647 0.048023297194723494 0.049977003917970116
0 0.6717196196507145 0.7925418564994225 0.05670027397295959 0.10535312655123154