0 0.8220150727686275 0.46682084024373804 0.16224353641227487 0.9336416804874761
0 0.5724010899088043 0.33894029808314646 0.08521729848894037 0.6778805961662929
0 0.5469173673748939 0.17935308997490726 0.011201361773466052 0.0573111663044816
0 0.6040857283734482 0.1542337980729806 0.010506761072442007 0.05291690332493408
0 0.5433893829578151 0.03226999329984137 0.037776099593172414 0.02779538985560758
0 0.5147419084350322 0.3103445599028448 0.03723321142813429 0.027748952963016577
0 0.467973300140564 0.034612146735785984 0.020622346515831808 0.06922429347157197
0 0.4501672443294028 0.23747954617833042 0.030513356844225563 0.2229648422424447
0 0.43454688073421727 0.429187783891589 0.014243016248801244 0.03589709411783594
0 0.42796451866362606 0.5247562603195987 0.011605928536095824 0.06890536920303225
0 0.4189272655612774 0.605362748352511 0.011503290000946811 0.0349402719737215
0 0.4042536084715139 0.8009636195269645 0.02590250931920868 0.16838483169253315
0 0.3817646312119938 0.871522364262976 0.020887095031561904 0.10221061824407089
0 0.5057744035224435 0.9085983105846837 0.020330815732945966 0.08626858925856398
0 0.2950499077421151 0.45602344196318184 0.14062765465692076 0.9120468839263637