0 0.06928744377987103 0.6901217861975643 0.13857488755974207 0.6197564276048715
0 0.14459941721009723 0.6994845337332223 0.1579068874104505 0.09380976637008331
0 0.10834195349252312 0.7181283403202167 0.05039377085257653 0.1502523868168294
0 0.15789514910620714 0.8068625895840106 0.14828176076404725 0.09336085255388368
0 0.13565131806359465 0.9161060752804029 0.08838338362499569 0.16778784943919425
0 0.28841235235056123 0.9210634858524848 0.08240339025136312 0.0639495815830151
0 0.2502619638301225 0.5417338374005988 0.1643797873475469 0.6067036359395845
0 0.5192876274435497 0.566482044010619 0.18244685937508673 0.19085425320984084
0 0.4836856229131566 0.4390844380841374 0.3821542492930192 0.1643749199813048
0 0.6004518571383132 0.83258705002771 0.4998349433633492 0.21241068196615598
0 0.9615361677394887 0.7423310839295613 0.03349345636142017 0.2865605641797274
0 0.9221466186624504 0.6855898775030909 0.08000751552170743 0.04155123090069066
0 0.8766568784530778 0.6614388285122282 0.07839087880092373 0.14210324141191594
0 0.8474944672428182 0.5380696190697741 0.09302230122269046 0.17992999378457178
0 0.863826454354977 0.3869978164815339 0.1748322420309402 0.6024636739364225
0 0.8141171957295072 0.3216413623153295 0.0815057313594874 0.16993793902894366
0 0.7226749115256867 0.37566974159100774 0.10602707087193991 0.060323922696757994
0 0.6792129407310658 0.28044130345654733 0.0429320399932348 0.12761776570492636
0 0.7071282474983231 0.2803876108462943 0.041014047749442846 0.11739803477902969
0 0.7347461297183825 0.25557931612255735 0.02763689189665777 0.07287626367056536
0 0.939496435113592 0.48271168686411753 0.08925449348987893 0.07102263300614936
0 0.9391911213031792 0.49049247170850174 0.04250079326101833 0.1552870740212489
0 0.9431351060860249 0.5581203269205401 0.07841958192802881 0.12994824869844615
0 0.8491842341210535 0.11992841317311609 0.08278654695546142 0.16391951027960347
0 0.5036268234218138 0.027894929133655696 0.06468151019791259 0.011796304279737456
0 0.6101145712903107 0.10132214552436723 0.03431076834667697 0.023886854388670758
0 0.40783696109157375 0.2315205765476798 0.029107858881803787 0.04593079942662679
0 0.49050764580015277 0.258761393168883 0.01308727065598108 0.024247698557376154
0 0.6021767621323972 0.22601123577000284 0.02396450977125303 0.03083317633770542
0 0.6380768910356298 0.22294081239325605 0.017407599929766423 0.018371032065783242
0 0.025277636868915754 0.17063600032339654 0.025079568904934922 0.059249955769369866
0 0.6512721892984663 0.5268843699641907 0.09890832326338703 0.059316554108879385
0 0.5818714145962401 0.6917489332815273 0.0629694478697221 0.045484041345400184
0 0.7000985178200275 0.6535430990346409 0.06582311835858685 0.040889673697870145
0 0.649611098235742 0.7179544571422388 0.17851975748032076 0.07788735251260923
0 0.598361646131891 0.7694515378995463 0.052167547635202045 0.06659149892435129
0 0.4964481655461176 0.06856872584244512 0.05088888613934074 0.05977834497375358
0 0.4421150680237414 0.09518125575000026 0.015219809215825025 0.02704856667508048