0 0.4491218387625493 0.7274995042358684 0.729352976153446 0.5315347869770618
0 0.35767590618336886 0.16809116809116809 0.7153518123667377 0.33618233618233617
0 0.9433054728307718 0.5637780749434436 0.08277128989591216 0.4558198853724061
0 0.8889567113073928 0.2813791190605537 0.11880420382993388 0.3980804090081878
0 0.6635490448514991 0.07367447920100824 0.08228357341000822 0.14734895840201648
0 0.021053935594499293 0.2682809049213686 0.042107871188998586 0.242640469359542
0 0.3419951874673346 0.495592946363948 0.18764759841020773 0.09195044133709832
0 0.12617415982838487 0.8040730418818749 0.05643146006720595 0.09617802056900059
0 0.04024069804149361 0.6276718570256938 0.08048139608298722 0.36858790988023615
0 0.06097682801491149 0.8253909707887791 0.10435000188033705 0.09736549847555105
0 0.06832400278278265 0.8889566280288493 0.04515135583934279 0.10693554812853258
0 0.3181468951046013 0.4052072371008192 0.08380644904904558 0.30591227099087986
0 0.8921614659801247 0.6539823808850496 0.16410736625057484 0.10204046306758377
0 0.8610962437290607 0.5238333692571151 0.15838350638725668 0.10528247471059764