0 0.241064453125 0.49859191655801827 0.0516162109375 0.9971773142112126
0 0.47474609375 0.29674706649282917 0.01171875 0.5934941329856583
0 0.4839404296875 0.5220338983050847 0.0101123046875 0.08016949152542373
0 0.4723291015625 0.8152672750977835 0.010244140625 0.29221642764015643
0 0.48041015625 0.8926466753585397 0.0090234375 0.07436114732724902
0 0.6416650390625 0.023057366362451107 0.027607421875 0.046121251629726204
0 0.63796875 0.18355280312907432 0.0361474609375 0.2980182529335072
0 0.6339990234375 0.36618644067796613 0.0325439453125 0.10029335071707952
0 0.630087890625 0.48014341590612775 0.026865234375 0.09792698826597132
0 0.6278173828125 0.5786049543676662 0.02978515625 0.07001955671447196
0 0.6217724609375 0.7615449804432856 0.029375 0.2509517601043025
0 0.697958984375 0.9547196870925684 0.0308837890625 0.09055410691003911
0 0.703173828125 0.7247001303780966 0.0380322265625 0.21727509778357237
0 0.7143115234375 0.5148044328552803 0.0341064453125 0.19919817470664927
0 0.7196826171875 0.31798565840938725 0.03703125 0.19592568448500652
0 0.73115234375 0.04304432855280313 0.0288427734375 0.08608865710560626