0 0.02148033126293996 0.6509855305392489 0.04296066252587992 0.15446047419121184
0 0.15657349896480333 0.9198801153297926 0.04606625258799172 0.14153823814397673
0 0.1420807453416149 0.7856943738497961 0.012422360248447204 0.12950054405449035
0 0.1679606625258799 0.3609620703225664 0.05745341614906832 0.7219241406451328
0 0.4301242236024845 0.9211266496651401 0.009316770186335404 0.0864061825913517
0 0.4782608695652174 0.8831778782451384 0.021739130434782608 0.018811290961194757
0 0.6022256728778468 0.9146082633500565 0.03571428571428571 0.08894615267671502
0 0.681935817805383 0.8868967847818763 0.04192546583850932 0.13364109966938173
0 0.693064182194617 0.7578326303872807 0.011387163561076604 0.12527867990610425
0 0.41847826086956524 0.4810707541145651 0.010351966873706004 0.45024077149769076
0 0.42908902691511386 0.4834398001205801 0.010351966873706004 0.08855335794305731
0 0.4723084886128364 0.6256417022159232 0.028985507246376812 0.019318696846369613
0 0.47282608695652173 0.13390421412513268 0.015527950310559006 0.02045106042772563
0 0.42106625258799174 0.08772715149328691 0.006728778467908903 0.17545430298657383
0 0.4334886128364389 0.045026614696025584 0.010869565217391304 0.08305709776275509
0 0.5869565217391305 0.15668712191772566 0.032091097308488616 0.06448774710618849
0 0.6019668737060041 0.031974071551897444 0.008281573498964804 0.06394814310379489
0 0.5471014492753623 0.07441561362228594 0.007246376811594203 0.08902746121020924
0 0.6759834368530021 0.5764560444373086 0.03778467908902691 0.2384687191477608
0 0.6664078674948241 0.4758125755000584 0.036231884057971016 0.1035052175309909
0 0.687888198757764 0.3989281198705659 0.011904761904761904 0.033337053197448216
0 0.7005693581780539 0.35274278751065263 0.012939958592132506 0.03617579148138043
0 0.7135093167701864 0.31207183696979784 0.008281573498964804 0.02824240972927296
0 0.7316252587991718 0.2540951618142609 0.018633540372670808 0.051788852043007934
0 0.7611283643892339 0.1538273586198395 0.019668737060041408 0.06500103431034271
0 0.7895962732919255 0.05121157171764914 0.017080745341614908 0.05237168514269735
0 0.5887681159420289 0.3757857199623379 0.029503105590062112 0.11963156529677274
0 0.592391304347826 0.5532636906020466 0.030020703933747412 0.20818786389931973