0 0.350283203125 0.1456910039113429 0.0507080078125 0.035951760104302476
0 0.3526220703125 0.4336375488917862 0.048779296875 0.03921773142112125
0 0.3548291015625 0.6970469361147327 0.045947265625 0.04067796610169491
0 0.348349609375 0.8214993481095176 0.0170458984375 0.03426988265971317
0 0.356748046875 0.884993481095176 0.0358056640625 0.02623207301173403
0 0.354453125 0.9559126466753585 0.03921875 0.023083441981747065
0 0.38025390625 0.9462972620599739 0.026552734375 0.06374185136897001
0 0.1790380859375 0.2765906127770535 0.034775390625 0.06803129074315514
0 0.20734375 0.21094524119947847 0.0197705078125 0.06613428943937419
0 0.2319140625 0.15108865710560626 0.0230078125 0.06408735332464147
0 0.2541015625 0.08636245110821382 0.020732421875 0.059511082138200784
0 0.2751513671875 0.032685788787483704 0.0207275390625 0.05737288135593221
0 0.2491455078125 0.526251629726206 0.0182958984375 0.04639504563233377
0 0.2670166015625 0.5569687092568448 0.01486328125 0.06861147327249022
0 0.2839404296875 0.5890026075619296 0.013818359375 0.044413298565840933
0 0.29994140625 0.625606258148631 0.0121630859375 0.03590612777053455
0 0.3145703125 0.6617209908735333 0.0132568359375 0.04275749674054759
0 0.241591796875 0.48194915254237286 0.0172607421875 0.03951108213820078
0 0.52580078125 0.9626401564537158 0.0213427734375 0.0251890482398957
0 0.5487841796875 0.9768578878748371 0.0202197265625 0.014400260756192959
0 0.581494140625 0.972490221642764 0.01662109375 0.017913950456323338
0 0.1824072265625 0.8014993481095176 0.0164111328125 0.015065189048239896
0 0.7951953125 0.03883963494132985 0.0178271484375 0.07260756192959582
0 0.81052734375 0.08827249022164277 0.01115234375 0.058702737940026076
0 0.8193408203125 0.14216427640156454 0.0116357421875 0.04962842242503259
0 0.8305712890625 0.18478487614080832 0.01267578125 0.03436114732724902
0 0.8388623046875 0.22342894393741852 0.012734375 0.041382007822685786
0 0.8584130859375 0.2704628422425033 0.01572265625 0.028383311603650586
0 0.8388623046875 0.3075684485006519 0.011748046875 0.043774445893089965
0 0.8280029296875 0.3683572359843546 0.016943359375 0.04114080834419817
0 0.8101318359375 0.36550195567144717 0.0208544921875 0.04032594524119948
0 0.7869189453125 0.40629074315514996 0.025048828125 0.036916558018252936
0 0.768408203125 0.44664928292046935 0.0198388671875 0.045730117340286834
0 0.74873046875 0.4838265971316819 0.0206298828125 0.049804432855280314
0 0.727587890625 0.5179009126466754 0.0194580078125 0.04113428943937419
0 0.7094873046875 0.5578617992177314 0.015869140625 0.038526727509778355
0 0.6906396484375 0.591851368970013 0.0168408203125 0.03786179921773142
0 0.665244140625 0.6407953063885268 0.012548828125 0.03604954367666232
0 0.677021484375 0.618083441981747 0.009189453125 0.02985006518904824
0 0.7916943359375 0.5382920469361148 0.04181640625 0.09580182529335073
0 0.76611328125 0.6295241199478488 0.029326171875 0.08460886571056062
0 0.749677734375 0.700052151238592 0.0199560546875 0.03117340286831812
0 0.73673828125 0.7858148631029988 0.0244189453125 0.07929595827900912
0 0.71513671875 0.8525749674054758 0.0296728515625 0.0804367666232073
0 0.729453125 0.9152216427640156 0.0136474609375 0.04147979139504564
0 0.739638671875 0.9500260756192959 0.0113818359375 0.03264667535853977
0 0.7542041015625 0.9756388526727511 0.016025390625 0.04872229465449804
0 0.8351123046875 0.7571773142112125 0.01802734375 0.016297262059973925
0 0.5162646484375 0.30234680573663625 0.031630859375 0.08677314211212517
0 0.599306640625 0.3846219035202086 0.0343359375 0.11782920469361147