0 0.01864851321461284 0.5972854333959222 0.03729702642922568 0.5039486486859482
0 0.04629485383548207 0.7129787824026492 0.09258970767096414 0.1652025659391948
0 0.07808543536776934 0.6021472400422301 0.020005787446861767 0.028698410095790116
0 0.09990146763476503 0.4151047742577956 0.15200808690267845 0.19847899284972104
0 0.07622287765691325 0.49934484662132217 0.049051083062432485 0.10936648092110025
0 0.33449977015384796 0.00008333782106930256 0.048742395176175006 0.00016667564213860512
0 0.6000357985418971 0.10089966055652098 0.46222679001297984 0.20179932111304197
0 0.8705234719215516 0.08860822657282769 0.06190506457566777 0.03101925154198259
0 0.9425974729366863 0.12894073360886538 0.025737172394289038 0.053703185051613735
0 0.6498268723520161 0.20768851777360084 0.4340205179985477 0.2104287783778999
0 0.5147883865519942 0.44072616647638785 0.6063852395956137 0.3085529618375879
0 0.3574833252092779 0.3247414514725375 0.09015640186237042 0.05318787435902405
0 0.24298048397218291 0.30825235986322513 0.04319127131782948 0.029238741849960975
0 0.4347663956971373 0.6341665679719563 0.3459313068386147 0.2003095446649053
0 0.3332058272514542 0.7676113911694213 0.15235216513056846 0.09026365349185454
0 0.46384630903261387 0.710119071861368 0.09920867544862427 0.11591294890756974
0 0.44748411474892363 0.8936734634992707 0.48088275258100277 0.20076577440969828
0 0.24450175991914508 0.7118698664617978 0.12082559252313166 0.440414604882764
0 0.8630560073470734 0.7004794948605952 0.15659080316507815 0.556193409657793
0 0.7665864368413517 0.7645696123196695 0.15033739676585908 0.43639700651854085