0 0.4399427992280757 0.6676137104293728 0.5230447692137798 0.5285819767166909
0 0.5253834689866357 0.42074797743844955 0.3578992581064803 0.08774816076767904
0 0.18986571531926122 0.5109982785398013 0.103972456145411 0.31658849614327417
0 0.23372854784943234 0.3504255794587137 0.03080641817070923 0.03703588775048486
0 0.13259343693952366 0.6820451105928965 0.11365458384884716 0.5160335502603726
0 0.17023947384521387 0.41012787575216025 0.033812430194757326 0.037059252528842165
0 0.06615081303694846 0.552529431638673 0.13230162607389692 0.06744887567773124
0 0.020290911904971887 0.5476380807333876 0.040581823809943775 0.5713905051998914
0 0.09561070615133813 0.44315571064010434 0.10871726949841588 0.06640958931090336
0 0.03457013050449482 0.39311868401078864 0.046183973962623276 0.09201555837663147
0 0.02199608695548879 0.5263824016760368 0.04399217391097758 0.15695361292109794
0 0.049303918854281106 0.4880058787750128 0.040028853733760104 0.07323498387990482
0 0.22092717808246373 0.24849858985551174 0.09438211803586068 0.20880074046799582
0 0.5337205992580406 0.03772013890712302 0.6820577994799106 0.07544027781424605
0 0.21382565596596956 0.017305145600563454 0.03727854778749979 0.03461029120112691
0 0.4166551691941888 0.16769765735352113 0.1090854201019008 0.03965140411628747
0 0.748707136011468 0.20793439743804712 0.03535633264209491 0.03774027896085884
0 0.8223951616646364 0.1411280531651403 0.030653077209698364 0.0263302771948028
0 0.8303037062218658 0.08955156763421387 0.02879208268877154 0.0778308271960682
0 0.7759661811756092 0.38467994290951124 0.0369616210852342 0.023034180667053417
0 0.36957155634032635 0.3072210662527471 0.06933243126376895 0.044694626080894986
0 0.765138539855081 0.4389552223252839 0.03834193779131741 0.021037830927718017
0 0.7624495785617912 0.4747690227468441 0.052748306601608806 0.019142728561264033
0 0.9209143063707204 0.40964532763527806 0.09412616390108759 0.34394203691593
0 0.8675071132136037 0.6649594147508918 0.02933398112809309 0.07850406536863253
0 0.8432955553084569 0.716997131519339 0.14499389596356146 0.07003668686538055
0 0.9051386511483771 0.7252137849253204 0.13287665261723255 0.5355847161728187
0 0.40348783999377313 0.9077429444298925 0.6175101684621803 0.1486403368275171
0 0.6957710373742457 0.7669827030725256 0.10792900021927031 0.4551076658432082
0 0.1588246594308846 0.7567721544125927 0.04971156023682891 0.043204066935896596