0 0.4196337890625 0.11129726205997392 0.009501953125 0.2154432855280313
0 0.420830078125 0.37254237288135594 0.00806640625 0.24969361147327246
0 0.420712890625 0.5523142112125163 0.0078271484375 0.053252933507170794
0 0.4199658203125 0.7471838331160365 0.00935546875 0.2902607561929596
0 0.4212353515625 0.9682985658409387 0.0056689453125 0.06340286831812256
0 0.4218310546875 0.9245958279009125 0.02169921875 0.05460234680573664
0 0.2896923828125 0.7804498044328553 0.0422265625 0.02576923076923077
0 0.3142724609375 0.7567796610169492 0.0115283203125 0.022516297262059972
0 0.1664990234375 0.7126401564537158 0.0132080078125 0.03519556714471969
0 0.116552734375 0.4771838331160365 0.0206298828125 0.026388526727509777
0 0.1498583984375 0.48823989569752285 0.040830078125 0.03326597131681878
0 0.276318359375 0.46858539765319424 0.023935546875 0.03807692307692308
0 0.2355029296875 0.459367666232073 0.024658203125 0.08213168187744459
0 0.23078125 0.3714406779661017 0.033544921875 0.07063233376792699
0 0.1988427734375 0.21147327249022163 0.030244140625 0.08413950456323337
0 0.223857421875 0.282490221642764 0.02048828125 0.059719687092568446
0 0.244189453125 0.3317405475880052 0.0178857421875 0.04269230769230769
0 0.3169970703125 0.4890026075619296 0.0238671875 0.04922425032594525
0 0.3412841796875 0.44002607561929596 0.023134765625 0.05709256844850065
0 0.3659521484375 0.37921773142112125 0.0272900390625 0.06044980443285528
0 0.389921875 0.32372229465449803 0.0230078125 0.05342894393741851
0 0.4086767578125 0.27752933507170796 0.016171875 0.04140156453715776
0 0.31068359375 0.6017992177314211 0.036875 0.07509126466753585
0 0.3032421875 0.5404498044328553 0.0682275390625 0.03679269882659713
0 0.468193359375 0.6183507170795306 0.053642578125 0.028904823989569756
0 0.53947265625 0.6255867014341591 0.01876953125 0.02041069100391134
0 0.5033642578125 0.628109517601043 0.0204736328125 0.016277705345501953
0 0.506513671875 0.025782268578878748 0.01818359375 0.034661016949152544
0 0.7130517578125 0.44928943937418514 0.0198095703125 0.0708735332464146
0 0.703291015625 0.5895958279009127 0.0274365234375 0.05304432855280313
0 0.7215478515625 0.6456518904823989 0.020595703125 0.05860495436766624
0 0.738701171875 0.6978552803129074 0.0123486328125 0.04795958279009126
0 0.7539111328125 0.74751629726206 0.015966796875 0.046264667535853975
0 0.768857421875 0.7946544980443285 0.015908203125 0.0479400260756193
0 0.7807568359375 0.8398631029986962 0.0139599609375 0.042255541069100386
0 0.8040576171875 0.8892112125162972 0.033759765625 0.05746414602346806
0 0.6770947265625 0.5741395045632334 0.031533203125 0.06640156453715776
0 0.662568359375 0.6383963494132986 0.02853515625 0.06584093872229466
0 0.6496923828125 0.6975684485006518 0.02169921875 0.05580182529335071
0 0.6380322265625 0.7536831812255541 0.0177001953125 0.052992177314211214
0 0.6247900390625 0.8057431551499348 0.0189599609375 0.05047588005215124
0 0.6100732421875 0.8575880052151238 0.0221240234375 0.05384615384615384
0 0.5975439453125 0.910580182529335 0.0193310546875 0.051095176010430246
0 0.58236328125 0.9677379400260756 0.0192236328125 0.0629986962190352
0 0.883349609375 0.7804237288135594 0.0767333984375 0.042946544980443285
0 0.77072265625 0.974400260756193 0.043447265625 0.050749674054758796
0 0.81271484375 0.04091264667535854 0.032392578125 0.08008474576271186
0 0.7863427734375 0.12355280312907431 0.0386962890625 0.08397653194263363
0 0.765654296875 0.20169491525423727 0.04017578125 0.07332464146023468
0 0.7494873046875 0.27514993481095174 0.039755859375 0.07396349413298565
0 0.730556640625 0.36176010430247724 0.03236328125 0.10170143415906127
0 0.280908203125 0.17766623207301174 0.0474560546875 0.021219035202086046
0 0.77873046875 0.02471968709256845 0.0278564453125 0.04426988265971316
0 0.759736328125 0.06582790091264668 0.0203466796875 0.039478487614080834
0 0.7405078125 0.10340286831812256 0.021806640625 0.03584093872229465
0 0.7230859375 0.13747718383311602 0.02025390625 0.03305736636245111
0 0.7054150390625 0.17451760104302474 0.0262353515625 0.04089960886571056
0 0.6889306640625 0.2123598435462842 0.019287109375 0.03584745762711865
0 0.671845703125 0.24753585397653197 0.021748046875 0.03290091264667536
0 0.6562451171875 0.2762972620599739 0.0168408203125 0.02301173402868318
0 0.64677734375 0.29941981747066493 0.0131689453125 0.02379400260756193
0 0.6008154296875 0.29807040417209907 0.014384765625 0.026975228161668842
0 0.560791015625 0.10565189048239895 0.0171240234375 0.047007822685788785
0 0.5751611328125 0.1488070404172099 0.012099609375 0.036897001303780964
0 0.58720703125 0.1786245110821382 0.0100732421875 0.04872229465449804
0 0.5970263671875 0.2229986962190352 0.016494140625 0.04026075619295958
0 0.608984375 0.26197522816166885 0.0172265625 0.0378748370273794
0 0.6200390625 0.30299217731421124 0.015546875 0.03955671447196871
0 0.6317919921875 0.345658409387223 0.015869140625 0.04629074315514994
0 0.6489404296875 0.38501303780964796 0.0218701171875 0.03177314211212517
0 0.6549462890625 0.4190612777053455 0.0144482421875 0.03732724902216428
0 0.6654638671875 0.4531942633637549 0.0125 0.029471968709256845
0 0.6734423828125 0.48233376792698823 0.0138671875 0.02875488917861799
0 0.6929248046875 0.516916558018253 0.0289697265625 0.03183181225554107