0 0.12075671931581991 0.5211594386556081 0.1486939758251556 0.9576811226887838
0 0.4273369259505362 0.5162542749187973 0.2587032484301624 0.5051103583499638
0 0.32185334604307303 0.7022677492247962 0.04868283705331423 0.024047962638638717
0 0.35189626449800865 0.7029679524024324 0.006625069139127394 0.010895029211417393
0 0.3613031823268117 0.7175196652739997 0.007149063099237038 0.010191200461365868
0 0.5237100931443485 0.9413621221090548 0.05044346550188373 0.11727575578189033
0 0.42174219960545967 0.8781543539964972 0.029634893485980196 0.2436912920070055
0 0.6310873942062106 0.943094223378148 0.03785467517618033 0.11043659695572408
0 0.5530607075360154 0.5057454171450687 0.15460819866187475 0.9885091657098626
0 0.7222617432855746 0.2540359297369675 0.03228918357088717 0.03727066535155077
0 0.6595088688584642 0.48260947586186737 0.1725033263749644 0.42075656160307373
0 0.8668967872806745 0.4390709371780304 0.14925363573908015 0.8405309608144574
0 0.9225099090122312 0.8663997123421175 0.023693005857176826 0.036354274922574106
0 0.9024911042391148 0.9064223610975504 0.01841605463280883 0.0720333539238559
0 0.9311865776140195 0.9074494713938682 0.023019171178040043 0.028462115133943682
0 0.9312545817755121 0.9497318371513125 0.017904098842799233 0.04266372641669258
0 0.2915669728472221 0.2844870511266764 0.011503342225727204 0.013872891377860012
0 0.29813854305562704 0.09222682934270024 0.04833365726540299 0.034780444683819016
0 0.23936803729635184 0.1539199385978697 0.012588790325703397 0.014614231012427654
0 0.1913106579635312 0.06286363952490402 0.011503342225727204 0.013872891377860012
0 0.3253101872306032 0.21146128567406688 0.01509682814346697 0.03543788449359736
0 0.29076270037366464 0.25365349979263585 0.020311794291392377 0.026966932236636185
0 0.31756153697701467 0.2711187439035778 0.009344932752360452 0.013106544486948224
0 0.3488832235157604 0.27543186804276176 0.01090442790610399 0.010278725858570481
0 0.7550512930328563 0.12795780559721706 0.008883372425178743 0.017392035128117107
0 0.7805479580469242 0.03539100788181998 0.013162731192155584 0.016775731775270215