0 0.0829848704610749 0.5175006908959195 0.1659697409221498 0.9613480288252547
0 0.48424085562134567 0.4896846832897485 0.21483445765535195 0.979369366579497
0 0.2529657675451961 0.18601335801754632 0.04684583653958877 0.025497268029761926
0 0.25534995982806646 0.4944476676065168 0.051171180832284335 0.036669513825114256
0 0.2662690624834737 0.7901420792983922 0.03847805758516982 0.03882011957663138
0 0.1862037412574296 0.8329588439534872 0.1697386017390544 0.3185192731448465
0 0.395441164413916 0.918506064013806 0.02796628018385002 0.12129429849393276
0 0.3928229650082934 0.7194449109666935 0.042293370213250636 0.23029628664584756
0 0.6764798859435338 0.6602758467486723 0.21595372700708645 0.33438793044558507
0 0.7846108090628683 0.4640138177172301 0.17228198640567433 0.9280276354344602
0 0.35538271044775666 0.9344303958441861 0.07761250304452826 0.09549792775746443
0 0.323374460477065 0.3298027805375141 0.028506889845184246 0.12954739340452415
0 0.38997087416685394 0.26533037785990243 0.014263132023831768 0.06100303671928127