0 0.622055052448267 0.014381811886439628 0.04315888869908765 0.028763623772879256
0 0.5426846967866198 0.30499873114134973 0.05567899754026495 0.05002444600777584
0 0.47885258138259773 0.5821836706610257 0.05953617209419274 0.0582201925850463
0 0.4162680297295724 0.8479547004389094 0.05814988625745921 0.06082744672930663
0 0.4083399046299995 0.5423885242028982 0.21879130666761518 0.821138555310562
0 0.5194674981770054 0.8949086348579101 0.02060885725970383 0.04838826537563213
0 0.5240294675313832 0.8132019136136106 0.023031268407299205 0.03514162857305586
0 0.456119924713814 0.8971961029574457 0.05059579363546994 0.08251844198944072
0 0.6123680798418554 0.7078811446110218 0.03059971729604132 0.04818640151340669
0 0.6419680300042341 0.6310181322962181 0.04064399616100137 0.06067870045607271
0 0.7226366638608305 0.27155380831099235 0.022612865275735892 0.04848176141175477
0 0.5725629254638759 0.028896488678927468 0.04320242500966332 0.057792977357854936
0 0.5153710393935405 0.048431729301232324 0.041587640081372196 0.059386760388458054
0 0.5301746035414182 0.013903184956698584 0.018809109550430202 0.027806369913397168
0 0.06726624759905067 0.8081266681754966 0.02019539538716373 0.0503729234951156
0 0.09749310119329971 0.6480705665815432 0.08632625738527237 0.2598648697615543
0 0.1521595109420275 0.47217863061619886 0.030113071558786543 0.08289879570486133
0 0.12729661039696225 0.463318857429675 0.04262329788191741 0.11754957008827373
0 0.1535520398915046 0.3198136159439522 0.021289880785670897 0.04107222892247539
0 0.17358941566715538 0.2787998220440534 0.02613423557054507 0.08338114767545422
0 0.1815102619561227 0.22899956177018785 0.020297759295701184 0.018314531465982678
0 0.4931417546810473 0.008296635948242273 0.03676258282227408 0.016593271896484546
0 0.47480516835627723 0.15319364054849194 0.04069741498962336 0.0733728632609646
0 0.1991201522472258 0.5017168807795498 0.018259629976823302 0.028907166106237833
0 0.3263859463142577 0.7248974089986001 0.03460279206908246 0.05972886830486739