0 0.4758517200624086 0.5404515526168508 0.13240896023719023 0.6167369152778203
0 0.34816908292978493 0.8446416485042844 0.0849164084018288 0.07116955839910831
0 0.4021463060462057 0.5569636273129319 0.0801858562165822 0.06643938231307525
0 0.15232129694149563 0.835601177771871 0.08168113742691228 0.16159154451395155
0 0.6819267255629078 0.9211247431771009 0.07085005783279617 0.1354789712676715
0 0.6941489743774862 0.9866961325828029 0.03339273593259221 0.026607734834394315
0 0.7260840073895194 0.7352411797212864 0.03906082805643602 0.12766733919806272
0 0.6039832105385926 0.6040774514777723 0.23910351418663964 0.3523001143054624
0 0.7238655458887762 0.18682477804679692 0.05578009812365183 0.04743346053341684
0 0.7724470634748344 0.18324867763834235 0.02966967359420057 0.024409623866669665
0 0.7766829918802838 0.3405661885149916 0.0366416717401527 0.0624364950615371
0 0.5536974572489928 0.07323787599980167 0.051209710754595635 0.12186900453543117
0 0.4855504345559422 0.045526005521148334 0.07028548414474128 0.0676159994439796
0 0.44471374654922924 0.287098950247511 0.060231779673032025 0.04683740492837141
0 0.3623895450056019 0.49204583861447926 0.18648711138460877 0.9741444783912058
0 0.31838431820775737 0.13188196195861732 0.01990873684029286 0.028249356843113284
0 0.27777890617194817 0.8645368472844422 0.011918767973711665 0.008833308408647657