0 0.14018149836180335 0.7283833014699972 0.02746126903933322 0.07865704309210399
0 0.17386204995407042 0.5243340251018003 0.04598215967059652 0.18277633606538188
0 0.22954431395654856 0.2046670247885408 0.034838657757036255 0.15280715853372112
0 0.5541162805336026 0.05309772120537389 0.014938311737148385 0.03700421730112112
0 0.5344498887116078 0.04175084827444912 0.009931041924789906 0.02375748549668905
0 0.5527755345634809 0.10543723792136718 0.012752575976984174 0.04917676559946448
0 0.6317246499285417 0.17516227667319814 0.024951108022037725 0.0969576715015524
0 0.5804520967902241 0.2494500148350304 0.06052126514982569 0.0558727024075973
0 0.5384539356861605 0.5410860110026744 0.05566011631233938 0.04741393229947163
0 0.5037492411781539 0.8543578324796538 0.05152000680663826 0.04582297811307256
0 0.5122073400500964 0.939659787317046 0.09057444956655361 0.12068042536590792
0 0.418274654591792 0.6537604879890606 0.03599372449034469 0.05658689520986013
0 0.4146103213375778 0.7570157910823817 0.029720936956847556 0.05214848034613042
0 0.34357178702364494 0.8148127620323166 0.026605417615080635 0.05061326744230919
0 0.3674461416457697 0.9236770469235024 0.023573395973241 0.05181403265066306
0 0.3171690347954606 0.9397451602040786 0.07018876175260169 0.12050967959184289
0 0.7610387053669325 0.10786078942010227 0.02393957008033581 0.04705394159564575
0 0.7461091103289231 0.3112173578752357 0.03985115758887817 0.06567391856345173
0 0.6676954007117858 0.787227627193451 0.08209071632481695 0.0420232603660579
0 0.6282043383670811 0.937863203339566 0.017613724814470485 0.05763553570759031
0 0.22898727624610912 0.6516841556899721 0.059832409125427324 0.0333008829821527
0 0.287533293225416 0.6165019739438804 0.017907710104042903 0.03375146850863585
0 0.27619278036616174 0.5761474606057627 0.024023067780262863 0.04978991970782089
0 0.2607169407724948 0.5283741042722294 0.027609133354033356 0.04998501419684341
0 0.24302405378119096 0.4691754850195293 0.038502142167812455 0.07174625739197887
0 0.35114048659288755 0.3986653825688116 0.0371435612041697 0.06074660366070062
0 0.4642141480895591 0.056428293316337065 0.032585963198833084 0.04547575891342615
0 0.4974241762762985 0.05275399345512261 0.020343938963988274 0.029786854546817794
0 0.2476107500095015 0.10870398298836989 0.01724929404720329 0.02893563617104042