0 0.5980957413509292 0.9841188987486168 0.013417374925113022 0.031762202502766484
0 0.6021802482314554 0.7238845516788736 0.040110786195378605 0.3990641255466222
0 0.606063553667495 0.3915858936193276 0.02356243261986494 0.2140273187460912
0 0.6080939634521233 0.23161042955338423 0.012359955400637826 0.055173388933203255
0 0.6108802338168459 0.10937409260608569 0.01857846451718324 0.1421362364557525
0 0.5879968039867108 0.045924366984106714 0.016714856241187553 0.028760344107217794
0 0.7111858797451116 0.17506255707433957 0.04115306277193822 0.09063905294350606
0 0.6900198966438524 0.10792251839386213 0.01948628250095314 0.04390376618517061
0 0.671858977963558 0.05840348229285671 0.027183683417146234 0.0551820772473351
0 0.7337848567979229 0.10002293222563552 0.04171882717595868 0.027878755670210704
0 0.7426184044472276 0.3064351128593214 0.02858925122088502 0.05251775598090234
0 0.7339201006783695 0.3646419604317187 0.04267775861881157 0.026558537844618018
0 0.7084698860265412 0.38676320766095407 0.013247133422895017 0.020409096079207906
0 0.7330277070451247 0.645322917239207 0.044313131946335516 0.02868217827449153
0 0.7086841559585825 0.6657819493788277 0.015545973948405145 0.01505656793109483
0 0.7322899255214841 0.9441775002703502 0.04418181450417243 0.025946200162316427
0 0.7067805394919164 0.9621828375236992 0.012373715374979553 0.012861270655478978
0 0.66859548649916 0.9913562184227441 0.017338614091462208 0.01728756315451168
0 0.8765632098227506 0.9389075111064893 0.014173235505207363 0.01840488372557168
0 0.9114854802782453 0.7729248438002763 0.0358201611023368 0.07537620278931613
0 0.8882832915358022 0.6947214645948613 0.024372547809669125 0.060510719780200777
0 0.8670321876834342 0.6454011120663932 0.024753525449473256 0.05779862728327307
0 0.8398072243432628 0.5707805606508631 0.03652943234754841 0.07950405557282618
0 0.8138137546671983 0.4972457150655174 0.027452413000986553 0.09273011944400057
0 0.7876557455446017 0.4003953414885647 0.025265820531440466 0.057822512898520466
0 0.38817773586526966 0.1922220763246325 0.028037246791206172 0.07296593497647326
0 0.23072473503924232 0.7823160752800535 0.03413210374041614 0.08280460013680808
0 0.2592834189616869 0.6633379454868816 0.03163628705166162 0.0840531611166582
0 0.2822698609976449 0.5855742853336262 0.02331512828519393 0.059778954021662056
0 0.30433668829463323 0.5002269713337706 0.038203729735127284 0.11438777650305874
0 0.3261572953875658 0.42000961629424344 0.024674892041706815 0.045510611393732504
0 0.22658902089876312 0.9219703870772208 0.02581094497394851 0.05853039304181179
0 0.2390097182524535 0.9773912914825703 0.018658668500263344 0.04521741703485946
0 0.2532459577728136 0.9958993163196893 0.0153948018323863 0.00820136736062147
0 0.4322331322549589 0.9531697591041518 0.03216155682031378 0.09366048179169639
0 0.4860932145761832 0.9533043917301196 0.027642509177060317 0.09339121653976072
0 0.5213655965300832 0.9367425504441845 0.014206064865748134 0.019088878253615455
0 0.49113360554980534 0.7108234932900533 0.015808608832731316 0.02052852415544519
0 0.5422986329569303 0.7947865457663617 0.025659772857929725 0.06603044723504593
0 0.47092242241102666 0.8109961177190872 0.03199741001760993 0.09157710092513957