0 0.2645947265625 0.2619491525423729 0.03396484375 0.5148696219035201
0 0.3149169921875 0.5033181225554108 0.050029296875 0.05470664928292047
0 0.6961328125 0.14966753585397655 0.0639208984375 0.29480443285528035
0 0.5456982421875 0.4967470664928292 0.044521484375 0.10649934810951761
0 0.5222265625 0.5951238591916558 0.0311767578125 0.04962842242503259
0 0.4873583984375 0.7222620599739245 0.0215771484375 0.04690352020860496
0 0.6628662109375 0.36710560625814864 0.00923828125 0.012027379400260756
0 0.714970703125 0.32408735332464145 0.005927734375 0.013409387222946545
0 0.7132666015625 0.3671382007822686 0.0089111328125 0.014230769230769229
0 0.660947265625 0.41781616688396345 0.0075341796875 0.00756844850065189
0 0.681865234375 0.5626792698826597 0.0661865234375 0.23405475880052154
0 0.961748046875 0.38794002607561934 0.0316845703125 0.2196349413298566
0 0.951279296875 0.4765645371577575 0.037119140625 0.06760104302477184
0 0.9383544921875 0.734921773142112 0.0453955078125 0.03695567144719687
0 0.8848828125 0.7772033898305085 0.01888671875 0.005149934810951761
0 0.8847705078125 0.716890482398957 0.0602197265625 0.10921773142112125
0 0.8252880859375 0.8727379400260756 0.065947265625 0.12372881355932204
0 0.5745751953125 0.6141395045632334 0.047666015625 0.08596479791395045
0 0.5786474609375 0.773116036505867 0.04572265625 0.11501955671447196
0 0.585048828125 0.9245110821382008 0.0477294921875 0.1403063885267275
0 0.6560888671875 0.896199478487614 0.076279296875 0.19281616688396347
0 0.737548828125 0.8608083441981748 0.104482421875 0.1402542372881356