0 0.8094853542234648 0.43969021191450836 0.2474340066807719 0.8793804238290167
0 0.33505117060545686 0.5174871898382323 0.2451534857020487 0.9541133451325002
0 0.507193648972204 0.8740420513741486 0.049282979403027345 0.21139476468444804
0 0.48047106612570895 0.6699846441807945 0.023020581903596612 0.0876478163774007
0 0.4466973939351453 0.42908535038118334 0.01683181149440285 0.051480053786174866
0 0.43296416034241864 0.32722905261589313 0.027998373701878475 0.1133077741653128
0 0.49023610880659524 0.3010062085797141 0.024047250457697 0.02217420911962942
0 0.5338451285467486 0.22597841824461415 0.04173506175704973 0.1804351507204933
0 0.551281602840914 0.3493626530663331 0.011625359356328822 0.015335168082142242
0 0.41712526721719867 0.20937490119702562 0.010785953797579012 0.021865371142524626
0 0.40327055781895754 0.1130887213871744 0.028703901905993447 0.1231488325302723
0 0.6004951640495433 0.670136830697866 0.1148427136971778 0.5613683542398411
0 0.6173302534642734 0.8773718927395582 0.027498179208583804 0.09037199434879882
0 0.5033402897541649 0.09405636347077327 0.015172547561642267 0.04292673452353754
0 0.4990834689187162 0.05289206345881145 0.014047316578152391 0.036350777688769244