0 0.0328369140625 0.40995436766623206 0.0509716796875 0.06402216427640156
0 0.5420703125 0.39213168187744457 0.0124853515625 0.4284810951760104
0 0.534287109375 0.84129074315515 0.0081494140625 0.3142372881355932
0 0.9354638671875 0.7163494132985659 0.1290673828125 0.3321121251629726
0 0.860068359375 0.7886114732724903 0.1165869140625 0.42277705345501954
0 0.78388671875 0.8682464146023469 0.0310791015625 0.12039113428943937
0 0.6636767578125 0.7789308996088657 0.014267578125 0.09102346805736636
0 0.746484375 0.6426205997392438 0.0450244140625 0.015384615384615385
0 0.57400390625 0.46177966101694917 0.0124267578125 0.05380052151238592
0 0.28890625 0.44335071707953067 0.0088916015625 0.011714471968709256
0 0.28916015625 0.36430899608865713 0.009248046875 0.013389830508474575
0 0.3161572265625 0.19010430247718382 0.0188330078125 0.02338983050847458
0 0.3139306640625 0.1456910039113429 0.0110498046875 0.017933507170795306
0 0.3138671875 0.11499999999999999 0.0088037109375 0.015971316818774447
0 0.31359375 0.08374185136897001 0.013759765625 0.01966753585397653
0 0.52583984375 0.4335136897001304 0.006591796875 0.04943285528031291
0 0.5262060546875 0.4916362451108214 0.0073291015625 0.010814863102998696
0 0.5479345703125 0.9692764015645371 0.0192578125 0.02234028683181226