0 0.22655393241554778 0.34532660259174375 0.1548233773621953 0.25992333521493205
0 0.14210591240814968 0.3137728438469772 0.06775148629472862 0.15727699636755965
0 0.4531493368811006 0.22415120583211878 0.12347537662498496 0.42398451986455865
0 0.5157289013523959 0.13174252551739185 0.10074091195595605 0.18920475741920664
0 0.6705364466726423 0.6773534288010841 0.032415179061842825 0.06281288865917138
0 0.5031464710675193 0.5623494125990197 0.04707144824282038 0.1171839894115943
0 0.5289336812623162 0.5651230051118583 0.05174535107004139 0.12916435967960768
0 0.41530876852183485 0.559949546994745 0.058907194213931556 0.189877750199034
0 0.3683230300031194 0.4079201943832825 0.035235539349121825 0.10892619564204357
0 0.3021925788179034 0.5429567134796665 0.04852216363158764 0.04424545390452354
0 0.3114191045821366 0.7260310869754357 0.024094831099842076 0.039541575341004456
0 0.2735489901326085 0.7955369930430247 0.04935826009842996 0.03375126798559527
0 0.8026057434335943 0.4927507279983613 0.0315890942143421 0.09763525259188989
0 0.52926142126843 0.4214672688006447 0.050999847945034295 0.1653042466689797
0 0.6401204673989548 0.7398582835733428 0.04599376953108431 0.059289639142673135
0 0.5833294802053596 0.21405870325860113 0.03809635342023502 0.09126229713535355
0 0.3913995596862781 0.8093893473641345 0.08371708627428802 0.2813848220540186
0 0.476976904997346 0.3922276680223544 0.08074590000653775 0.12809271293585142
0 0.5262246707071982 0.30334990364650916 0.03988950039895351 0.04003222637353245