0 0.20296372752077613 0.6369684683986456 0.0956104160066431 0.21966513450680455
0 0.14849255893600757 0.4190301192185551 0.09770134518447549 0.22120845300687456
0 0.10584766942627619 0.23433532188141204 0.07022876726273748 0.1581413219611986
0 0.06688452374256108 0.0804727722911774 0.07729652628536962 0.15533500237491812
0 0.45587443654057586 0.8406824417165477 0.06014552550015383 0.04539639866907666
0 0.5081946448558324 0.91030815214624 0.016367338178485565 0.10100284248027655
0 0.518018676819496 0.6388938215958476 0.03553274380091805 0.07603651796539788
0 0.4810342659859552 0.5380056771919529 0.058096345172284986 0.04522106922509421
0 0.5021857585866403 0.25727382448230957 0.05629765794419729 0.053253674117637144
0 0.35548625526399386 0.04035949536807815 0.04517503045561885 0.0236492567198866
0 0.30923534307837613 0.276768318011756 0.026529742117902776 0.0991435115880137
0 0.5494586915794026 0.37447232534809677 0.01944110867028908 0.10126583664625054
0 0.5713508246716974 0.364001383005124 0.022169579479979017 0.10695695467557866
0 0.556859994153548 0.25818000102410005 0.013513620818904932 0.09120775728268594
0 0.870820756654077 0.12765608669889744 0.014866122919626225 0.018327169308971155
0 0.8594002556010272 0.35881565937325294 0.024019581100607167 0.11734836967922196
0 0.8393877380799574 0.7284535461720324 0.016463888100645363 0.05393871712824287
0 0.6171021380552896 0.8760792954245359 0.0879503508817722 0.15283550931560688
0 0.5881391608559501 0.5207671027688544 0.02551820417620109 0.04925574340181369
0 0.7524745138567295 0.2018813000632765 0.03451946251938852 0.05957681693135165
0 0.7261456709594191 0.13893700447664445 0.038314272342976526 0.06672358873875862
0 0.6995511149785482 0.09311448827160454 0.025100715676565594 0.03557585284093818