0 0.1011865234375 0.5002151238591916 0.065 0.9995632333767926
0 0.4839697265625 0.5 0.04931640625 1
0 0.27939453125 0.2579986962190352 0.060087890625 0.04142764015645371
0 0.28208984375 0.5508670143415906 0.0330419921875 0.030378096479791394
0 0.201416015625 0.4457105606258149 0.1214111328125 0.29451108213820076
0 0.27705078125 0.7939374185136897 0.0469677734375 0.09014993481095175
0 0.342958984375 0.5162255541069101 0.01310546875 0.21755541069100393
0 0.340556640625 0.6880312907431552 0.00830078125 0.03541720990873533
0 0.40658203125 0.6310299869621904 0.0202978515625 0.23246414602346807
0 0.409462890625 0.2952346805736636 0.0260595703125 0.3878683181225554
0 0.407724609375 0.8022425032594525 0.0159765625 0.05895045632333768
0 0.6979638671875 0.9033376792698827 0.0788232421875 0.19333116036505865
0 0.7893896484375 0.5 0.0580859375 1
0 0.7782861328125 0.10267275097783572 0.05654296875 0.18550847457627118