0 0.659192354596034 0.7878533262669513 0.07742825519539946 0.14406578138034942
0 0.50071084712496 0.6419839059072346 0.06966342813482887 0.32195174860501147
0 0.525038808736719 0.2722689878455795 0.06021210504919752 0.12013253678153664
0 0.47755295184839314 0.28044037461154153 0.06462313293450743 0.11334220439566098
0 0.5255365379067354 0.39511031004325414 0.0363725223475286 0.118627623936961
0 0.4863025318914862 0.4098135364999269 0.07770659000542064 0.1318482840063546
0 0.4313079115376357 0.4104421344577254 0.07157854905498835 0.15360264968228998
0 0.24820903414232467 0.35410107288437964 0.06631971999462734 0.10629851399549721
0 0.22259497499053318 0.34198757045727707 0.03729538299259243 0.12447539698909385
0 0.1908087006033051 0.35918645775542624 0.06936663673983981 0.11162433577790125
0 0.2365770520714998 0.4235954175522743 0.04402759012307062 0.07901067424632803
0 0.306843661676357 0.837069435635956 0.03540979440247707 0.013387910119119321
0 0.31880762731219575 0.8302638680089276 0.02257710923157594 0.0316356658361257
0 0.29954124964833595 0.902646662841184 0.03715289331258284 0.12230148394561559
0 0.6444917988874719 0.9963451595015546 0.01820693335627147 0.007309680996890943