0 0.8378267193174478 0.9353959906186483 0.04731490499426657 0.12920801876270338
0 0.8487400548255014 0.8402157909190795 0.02491981112965951 0.07417956624161876
0 0.8712174338511885 0.5927561879570356 0.08611323206147892 0.43706261126428114
0 0.9005584472082424 0.25340454156948095 0.03690851472537437 0.13319952165341584
0 0.678263065358876 0.5053346676472553 0.14440795463851447 0.7689808260437451
0 0.6211392746905925 0.9422183367699174 0.07048451835835676 0.11556332646016519
0 0.2734545700912422 0.9831176802851755 0.028480016115010432 0.030563721002101907
0 0.3672325133035934 0.9827331232436171 0.09579490335434479 0.03453375351276587
0 0.31760900772284556 0.699477734016676 0.02804787153252807 0.03401132463011356
0 0.33007390665622033 0.5940886752900711 0.01603590253971275 0.014054408642171636
0 0.38548821400386046 0.3013357661200427 0.11174608508128434 0.538514904778627
0 0.44054347598007393 0.3334666790375139 0.02709881716745977 0.0576408488008615
0 0.5367555660049318 0.2769084899156983 0.0463492134652703 0.0747858594511877
0 0.4949505321793965 0.249870677490926 0.034275744669452 0.03250022095411515
0 0.4680445219060773 0.2652334019642496 0.011598107535721273 0.024103820315254362
0 0.434809258325468 0.20149205022002342 0.03129893154140273 0.03850052803686968
0 0.38447435681603515 0.08918605622543159 0.023390679023876395 0.03566912791158808
0 0.3442649371709986 0.04126702255862228 0.048642900527112745 0.022680606083078987
0 0.5976248396609751 0.30747939928867907 0.040864298042430656 0.08473747138728659
0 0.5760142520329415 0.4715999693627099 0.04791491182183054 0.11469489917981947
0 0.5693450816540084 0.576128325244125 0.028298853016252647 0.08356387454347954