0 0.0160107421875 0.701818774445893 0.025712890625 0.05125814863102998
0 0.131630859375 0.45084745762711864 0.1114697265625 0.25393089960886567
0 0.2737451171875 0.04106910039113429 0.033876953125 0.009165580182529335
0 0.2790966796875 0.16176662320730117 0.0444384765625 0.03436766623207301
0 0.2875732421875 0.6578031290743156 0.0413525390625 0.03747066492829205
0 0.27779296875 0.8306910039113429 0.0236328125 0.052392438070404175
0 0.3086083984375 0.946251629726206 0.0181640625 0.04104954367666232
0 0.2904736328125 0.8972620599739244 0.03154296875 0.022490221642764017
0 0.3937451171875 0.9023663624511082 0.0097265625 0.05240547588005215
0 0.3947509765625 0.9743611473272491 0.0063720703125 0.05127770534550195
0 0.392939453125 0.7789830508474577 0.0095458984375 0.14897653194263363
0 0.3922265625 0.6153259452411994 0.0056103515625 0.12452411994784877
0 0.4881005859375 0.3970143415906128 0.0152587890625 0.020430247718383313
0 0.4620703125 0.39297913950456326 0.022001953125 0.028963494132985657
0 0.444912109375 0.34064537157757496 0.0150048828125 0.0352477183833116
0 0.388671875 0.08112125162972621 0.0086572265625 0.15757496740547589
0 0.5833203125 0.04407431551499348 0.0127197265625 0.043305084745762716
0 0.567275390625 0.10088657105606258 0.01716796875 0.0520013037809648
0 0.5519970703125 0.15940677966101696 0.0202734375 0.06151890482398957
0 0.72357421875 0.23571056062581486 0.033544921875 0.05647327249022164
0 0.6692578125 0.5226466753585398 0.080556640625 0.1405541069100391
0 0.8178662109375 0.8547783572359844 0.12958984375 0.2904498044328553
0 0.71390625 0.9591329856584093 0.011123046875 0.08174054758800521
0 0.60681640625 0.8666623207301174 0.026806640625 0.02530638852672751
0 0.5850439453125 0.9276597131681877 0.0198388671875 0.04978487614080835
0 0.4880615234375 0.9709452411994786 0.0145751953125 0.016284224250325944
0 0.458818359375 0.9744719687092568 0.0177197265625 0.014132985658409387
0 0.53623046875 0.6537874837027379 0.0145849609375 0.026584093872229465
0 0.5635009765625 0.67751629726206 0.0231396484375 0.03780964797913951
0 0.5856494140625 0.6415710560625815 0.01775390625 0.03228161668839635
0 0.602099609375 0.6095045632333768 0.011982421875 0.0239374185136897
0 0.61529296875 0.584960886571056 0.010556640625 0.02411342894393742
0 0.6260107421875 0.5639504563233377 0.0102783203125 0.022659713168187743