0 0.015712890625 0.3657757496740548 0.0296044921875 0.4544654498044328
0 0.0837548828125 0.29823337679269885 0.1606591796875 0.016036505867014342
0 0.0851025390625 0.4056584093872229 0.0328857421875 0.570632333767927
0 0.1577587890625 0.0646284224250326 0.0556103515625 0.036421121251629725
0 0.1187255859375 0.03225554106910039 0.02048828125 0.03450456323337679
0 0.065732421875 0.10278357235984353 0.024716796875 0.0310625814863103
0 0.37599609375 0.1015058670143416 0.3552490234375 0.07152542372881356
0 0.52095703125 0.03130378096479792 0.0263427734375 0.05136245110821382
0 0.626533203125 0.04255541069100391 0.0169775390625 0.060625814863103
0 0.7234619140625 0.11777705345501954 0.090126953125 0.02133637548891786
0 0.715654296875 0.14765971316818774 0.081953125 0.030371577574967407
0 0.6368115234375 0.13779009126466754 0.0308447265625 0.027177314211212514
0 0.5825830078125 0.09736636245110822 0.022353515625 0.04450456323337679
0 0.633232421875 0.526903520208605 0.032314453125 0.6372946544980443
0 0.636396484375 0.1905606258148631 0.028369140625 0.03013689700130378
0 0.8217724609375 0.1304563233376793 0.0503369140625 0.0224380704041721
0 0.83796875 0.06521512385919166 0.0840478515625 0.08940026075619295
0 0.846806640625 0.23291395045632335 0.0944580078125 0.14572359843546284
0 0.7202978515625 0.2539895697522816 0.1169677734375 0.039348109517601045
0 0.542080078125 0.22950456323337678 0.04873046875 0.02213168187744459
0 0.2489599609375 0.16846153846153847 0.1623876953125 0.11498696219035201
0 0.2837451171875 0.36478487614080835 0.1054736328125 0.15908083441981746
0 0.3852001953125 0.4308083441981747 0.071669921875 0.07823337679269883
0 0.2855322265625 0.48034550195567144 0.0520556640625 0.047151238591916556
0 0.1767822265625 0.556277705345502 0.040703125 0.03025423728813559
0 0.1673974609375 0.5972555410691004 0.0520654296875 0.029471968709256845
0 0.3820166015625 0.6450717079530639 0.3425048828125 0.09533246414602348
0 0.5371484375 0.8372490221642763 0.06484375 0.030097783572359843
0 0.647900390625 0.8666362451108214 0.038955078125 0.01609517601043025
0 0.7451123046875 0.886232073011734 0.1006884765625 0.03801825293350717
0 0.69478515625 0.9838787483702738 0.0670263671875 0.0322490221642764
0 0.7188916015625 0.9263494132985658 0.063525390625 0.09073663624511082
0 0.0261865234375 0.9278096479791395 0.020986328125 0.144380704041721
0 0.1209912109375 0.9335071707953064 0.0385986328125 0.04543024771838331
0 0.18015625 0.9683246414602348 0.052490234375 0.026590612777053456
0 0.18587890625 0.9265775749674054 0.037138671875 0.039022164276401566
0 0.1876953125 0.8405410691003912 0.0206689453125 0.05185788787483703
0 0.2475244140625 0.8466558018252933 0.061279296875 0.058122555410691
0 0.2578759765625 0.7492177314211212 0.0154443359375 0.10842242503259451
0 0.269775390625 0.9865254237288135 0.1077587890625 0.02695567144719687
0 0.33203125 0.8765449804432854 0.0681787109375 0.0798761408083442
0 0.41673828125 0.7445045632333768 0.02640625 0.05363102998696219
0 0.4991845703125 0.8497327249022164 0.009794921875 0.21711212516297262
0 0.53779296875 0.950723598435463 0.059091796875 0.026929595827900915
0 0.8556005859375 0.9803715775749675 0.0234619140625 0.03925684485006519
0 0.94056640625 0.4488331160365059 0.0478857421875 0.6820534550195567
0 0.8766162109375 0.7304823989569752 0.0285595703125 0.1366753585397653
0 0.794384765625 0.7625619295958279 0.053740234375 0.02631681877444589
0 0.7264697265625 0.789973924380704 0.0405859375 0.05440026075619296
0 0.7326416015625 0.7501434159061278 0.0247216796875 0.014661016949152542
0 0.6822607421875 0.7344915254237289 0.0358447265625 0.022294654498044332
0 0.8569482421875 0.4364863102998697 0.1489599609375 0.06183181225554107
0 0.7202197265625 0.3680638852672751 0.1077490234375 0.022666232073011737
0 0.7222900390625 0.4654367666232073 0.095673828125 0.05382007822685789
0 0.4205859375 0.3917535853976532 0.0673486328125 0.09795958279009127
0 0.506162109375 0.3800717079530639 0.0128662109375 0.09256844850065189
0 0.5049658203125 0.5384485006518905 0.0152587890625 0.08573011734028682