0 0.234921875 0.06901564537157757 0.0460107421875 0.015475880052151237
0 0.374091796875 0.05336375488917862 0.0151123046875 0.08847457627118643
0 0.373173828125 0.2704237288135593 0.02048828125 0.24271186440677966
0 0.373173828125 0.576844850065189 0.02048828125 0.31972620599739243
0 0.252841796875 0.6946936114732726 0.04224609375 0.03103650586701434
0 0.197431640625 0.35108865710560627 0.01025390625 0.0353715775749674
0 0.225224609375 0.35795958279009127 0.038466796875 0.039947848761408083
0 0.445302734375 0.7781551499348109 0.0223876953125 0.12926336375488917
0 0.4798681640625 0.7847979139504564 0.0246240234375 0.12423728813559323
0 0.75943359375 0.5714537157757497 0.0160498046875 0.1188787483702738
0 0.9267333984375 0.40116036505867014 0.1465380859375 0.25458279009126467
0 0.6337890625 0.41651238591916556 0.034033203125 0.02841590612777054
0 0.4538525390625 0.5067796610169492 0.0823681640625 0.03991525423728813
0 0.0813134765625 0.8663820078226858 0.0199267578125 0.058422425032594524
0 0.25353515625 0.9485658409387222 0.048779296875 0.03501955671447197
0 0.0665673828125 0.6186701434159061 0.0230224609375 0.1263037809647979
0 0.0627099609375 0.36322033898305084 0.023876953125 0.02756844850065189
0 0.304208984375 0.6640612777053455 0.0197705078125 0.08197522816166884