0 0.1607666015625 0.2725488917861799 0.0176953125 0.1048109517601043
0 0.1611865234375 0.0473142112125163 0.015732421875 0.016720990873533244
0 0.2934765625 0.0909387222946545 0.029921875 0.025319426336375492
0 0.3164111328125 0.05297913950456323 0.0153857421875 0.034602346805736636
0 0.3569091796875 0.790599739243807 0.015048828125 0.035058670143415904
0 0.31578125 0.8870469361147327 0.0236572265625 0.05191003911342894
0 0.6498486328125 0.9638200782268579 0.02251953125 0.03410039113428944
0 0.7474267578125 0.9607301173402868 0.0090185546875 0.018559322033898304
0 0.803916015625 0.2649282920469361 0.02330078125 0.06803129074315514
0 0.633828125 0.2695567144719687 0.0106640625 0.09696219035202086
0 0.6279052734375 0.14404172099087353 0.022919921875 0.055847457627118645
0 0.6679833984375 0.03972620599739244 0.023427734375 0.02777053455019557
0 0.446474609375 0.3927835723598435 0.0220068359375 0.12358539765319428