0 0.4395743118271007 0.145222921696909 0.08380921129351249 0.290445843393818
0 0.4942444426522274 0.04780077264735526 0.08127336259674046 0.08451369094919314
0 0.39580919279088966 0.6191236640200352 0.1424061657778522 0.6433503276122234
0 0.4728760022155881 0.33367275664967516 0.07864304408846956 0.0822868865937467
0 0.3828115612732985 0.7403381461556165 0.29494966507603726 0.46715251585506823
0 0.43606350389392234 0.5996935471289198 0.062042742699762975 0.07290678662146016
0 0.4119481093776139 0.8654057556144229 0.06188042529404985 0.06952383668911916
0 0.7623431289016361 0.6069100569068228 0.07642872406025489 0.057174243336006465
0 0.7689128056420452 0.8074171341766603 0.0890381613646288 0.27790020644147323
0 0.5180465893724371 0.5491736560598959 0.04530656061168761 0.02913881797692056
0 0.7291325066693898 0.18870812144786173 0.27839543378950427 0.37741624289572345
0 0.5449239121499402 0.6112592864583469 0.058080644928926714 0.0955167773692952
0 0.6688187020981152 0.8990741111828048 0.11597408881723029 0.113501554449206
0 0.8740469951435851 0.03659235663412955 0.017963767596697426 0.03779687940395093