0 0.35154778431237643 0.5826682440007638 0.07089510472802431 0.1682873823709358
0 0.40175157494138625 0.5905815832145564 0.07526715431624113 0.15918352639081956
0 0.40242216577710543 0.4221669365165575 0.04960885650510765 0.18897813976718697
0 0.35259381676515456 0.001060928321130493 0.016586560018077942 0.002121856642260986
0 0.438694925360439 0.021374704235500076 0.05327575295360666 0.04274940847100015
0 0.3844938603969646 0.021153602111786678 0.02768700117652332 0.028822355370985348
0 0.4542013462720205 0.10869350738194124 0.027406288484005385 0.07047456562767038
0 0.5287097129318211 0.13742247163956361 0.03152024548965055 0.0465658644254815
0 0.8540688226790322 0.0854192322398866 0.0686204616871416 0.12443999116107768
0 0.8108276318147176 0.08239572552275438 0.037921419869309976 0.12498045244219108
0 0.4430042797717962 0.7076696928926577 0.06426014357995082 0.13421679465128808
0 0.47304678007822537 0.7169937394895738 0.040183910003113894 0.1392534208924821
0 0.5055040690587697 0.717747237629711 0.07274657159986567 0.13010571271845606
0 0.49549591991389974 0.5699075300133423 0.049245180593302046 0.16811676695426622
0 0.6642162050830417 0.6666504416638743 0.0810926432735215 0.14682073591396663
0 0.7192843460773068 0.6843053166832993 0.07922902349460124 0.15542798280687903
0 0.7111100665827393 0.5756566999845515 0.03371276816335123 0.08570262306468023