0 0.2441259765625 0.02378096479791395 0.056708984375 0.03439374185136897
0 0.2511279296875 0.3432007822685789 0.05587890625 0.0416232073011734
0 0.242529296875 0.5958083441981747 0.0265234375 0.05471968709256845
0 0.251416015625 0.6803063885267274 0.040380859375 0.04316166883963494
0 0.27845703125 0.7350912646675359 0.03587890625 0.06864406779661017
0 0.2621142578125 0.9216427640156454 0.0524658203125 0.04805736636245111
0 0.38923828125 0.86503259452412 0.015361328125 0.2699348109517601
0 0.4332275390625 0.7447783572359844 0.05267578125 0.03809647979139504
0 0.3873193359375 0.6748174706649284 0.0127001953125 0.05689700130378097
0 0.3862841796875 0.49636897001303776 0.0087353515625 0.24578226857887872
0 0.3840771484375 0.17177966101694914 0.0057470703125 0.33475880052151236
0 0.4409912109375 0.03722294654498044 0.0357275390625 0.06640808344198175
0 0.0591064453125 0.10622555410691004 0.0176171875 0.04486962190352021
0 0.094716796875 0.19652542372881357 0.0347021484375 0.08945893089960887
0 0.129228515625 0.29167535853976534 0.031767578125 0.10760756192959582
0 0.1598193359375 0.376877444589309 0.028125 0.1068187744458931
0 0.1908740234375 0.4759843546284224 0.0332421875 0.08057366362451107
0 0.092578125 0.6013102998696219 0.0788623046875 0.04304432855280313
0 0.41703125 0.8933441981747067 0.0203662109375 0.047894393741851365
0 0.3551708984375 0.9401694915254237 0.0284375 0.11966101694915254
0 0.299501953125 0.7973337679269882 0.0232421875 0.05464797913950456
0 0.319873046875 0.8617601043024772 0.021240234375 0.06271186440677966
0 0.592421875 0.9145371577574968 0.0220947265625 0.056036505867014336
0 0.6120458984375 0.8329465449804433 0.0163330078125 0.052640156453715774
0 0.6563720703125 0.6354106910039113 0.033828125 0.09411342894393743
0 0.6806591796875 0.5527509778357236 0.0208740234375 0.06765971316818775
0 0.7819091796875 0.0764993481095176 0.0199853515625 0.038670143415906126
0 0.74818359375 0.24403520208604956 0.03400390625 0.08936114732724904
0 0.71890625 0.3495436766623208 0.0198876953125 0.08448500651890482
0 0.7901708984375 0.5436310299869621 0.0148583984375 0.018989569752281617
0 0.526103515625 0.037301173402868315 0.0298095703125 0.06776401564537157