0 0.4758758316492849 0.49552162931918187 0.07321547052198085 0.15229152674626947
0 0.5243607803627734 0.508704024124276 0.07270630555253076 0.15225984256358402
0 0.48645863701248504 0.7143949853620304 0.07302805989845657 0.2986599869681339
0 0.4986312394261122 0.9509871004174965 0.016386732235518297 0.027449453542778713
0 0.52461943425424 0.952943129788881 0.017062148294349586 0.03020222616083864
0 0.49569564804291155 0.9901101988122233 0.016698495044548983 0.015948196057809515
0 0.521704624257212 0.991171961804283 0.018475366586970837 0.017656076391433993
0 0.5405960387320473 0.8533009835724368 0.040608341173207656 0.06690711149349536
0 0.5350158794049453 0.9031024885212043 0.03619219157042014 0.036136445682108526
0 0.4920122628890256 0.884162012837402 0.026414108203563828 0.05043706424026996
0 0.5318634490012706 0.3990469635523964 0.07328826839824677 0.1285770554848024
0 0.5764310013801148 0.38962195785222603 0.10827513957065418 0.14498561001044802
0 0.5525518861580828 0.5135078786617768 0.041273177464967274 0.1442046584401741
0 0.7724955354085664 0.5393928172670869 0.07569899322715444 0.1348262411951364
0 0.8030298580400533 0.5368879416120792 0.033594140150870165 0.14304912359104746
0 0.8363749156719403 0.5596323444409964 0.0833364677689062 0.13530150393541968
0 0.7954492697075191 0.6411186674045534 0.031391397249453695 0.07378810521974882