0 0.21772783315339095 0.4419962638045607 0.28779782516625235 0.8839925276091214
0 0.6147968084029118 0.5048443616981674 0.30506975951400367 0.9688189857736832
0 0.8790614118814042 0.5506529477949235 0.24187717623719163 0.8635939874524582
0 0.4906769805832883 0.9329575082645974 0.037954413453735146 0.11166805053419203
0 0.5237860731508688 0.6921700947125523 0.08728209019648542 0.3187523092139102
0 0.5575878725232087 0.4755382781213673 0.029011577918477003 0.06524330841922941
0 0.4227132548691706 0.39561455994717976 0.027406195462149743 0.050253573637014194
0 0.5730957808617344 0.36419083082055065 0.035891069370597196 0.11094028165003371
0 0.5903168910119556 0.2640381878310806 0.026545805687239347 0.06722475377661646
0 0.6074601136141998 0.14890768425322393 0.045718813818067375 0.15398741160843604
0 0.45534744441076364 0.11023963778131117 0.04528250287161417 0.03911641876450794
0 0.36278537105132186 0.6802642072651975 0.053482510793491 0.040666950083454646
0 0.3416850115278439 0.18132023800994906 0.011575208202628622 0.009785041788041335
0 0.4638596784628021 0.5676021675099996 0.04496949100057894 0.14785308843501543