0 0.39160134203819597 0.879668762542348 0.022080919059732224 0.22085175772996446
0 0.4134100456397048 0.34358748748675777 0.036401793219070624 0.6871749749735155
0 0.5482536390095012 0.10038108655789854 0.012218279949161415 0.09082838776918185
0 0.6787887133034447 0.03654202667773439 0.012465465519666794 0.07308405335546878
0 0.42776541101263066 0.330202664567296 0.013561173122751352 0.08070315648393643
0 0.5612953423083189 0.4999347914888668 0.0340128286568952 0.06275801317692196
0 0.6179042554443088 0.8406404392537979 0.020629366321332946 0.050374699651755526
0 0.33322566387566077 0.9164255352727105 0.013419258629562142 0.04349858006544457
0 0.3246444564155573 0.827611408797326 0.01935679505293255 0.03547397427493635
0 0.4172218295917929 0.7027284348161138 0.018602600308521948 0.021257711721845065
0 0.40309596342284093 0.7286514209079035 0.009330777431813632 0.01232033082709288
0 0.3858897389484404 0.7279042123950139 0.010897697914803639 0.015050309284743225
0 0.38918212187179957 0.7569385355337025 0.01622295408695265 0.030014017359635655
0 0.4271459302254864 0.8016677925767437 0.022985430720860067 0.04026521404102823
0 0.4300789021431718 0.8367953620122759 0.010391112301835046 0.015042436447484455
0 0.3808514540720922 0.8571762004153655 0.0067742675449285 0.010927786667860774
0 0.13322142718732363 0.7250668583226682 0.009377941075897806 0.01502669077296568
0 0.18944381602284105 0.5067283390168155 0.013041949476888467 0.02184770049846216
0 0.20290098875108617 0.2866870095067258 0.013065531298930583 0.023200880471398563
0 0.3693535473927615 0.0203015432798161 0.015680995740920918 0.02797637456297195