0 0.0321923828125 0.2953063885267275 0.0587158203125 0.10084745762711864
0 0.069267578125 0.23457627118644067 0.019599609375 0.03292698826597132
0 0.1606494140625 0.07767275097783573 0.08376953125 0.13180573663624512
0 0.2553466796875 0.07404823989569753 0.012880859375 0.01784876140808344
0 0.472412109375 0.35350717079530636 0.0044091796875 0.04575619295958279
0 0.52185546875 0.37943937418513685 0.0093115234375 0.040919165580182534
0 0.5200439453125 0.444380704041721 0.00759765625 0.008389830508474576
0 0.5185205078125 0.5151173402868319 0.0126318359375 0.023116036505867014
0 0.467021484375 0.6141329856584095 0.01748046875 0.03426988265971317
0 0.5165625 0.6323076923076923 0.006044921875 0.030397653194263366
0 0.4828564453125 0.5472359843546284 0.018623046875 0.021108213820078228
0 0.51439453125 0.6009778357235984 0.0108642578125 0.008983050847457626
0 0.48140625 0.8035332464146022 0.0089404296875 0.3929400260756193
0 0.5191357421875 0.9204106910039114 0.0090283203125 0.016844850065189047
0 0.534833984375 0.9552737940026076 0.016259765625 0.0177509778357236
0 0.6098779296875 0.6715189048239895 0.0074072265625 0.04102346805736636
0 0.608828125 0.7191786179921773 0.007216796875 0.04398305084745763
0 0.705390625 0.13639504563233376 0.0123681640625 0.041460234680573665
0 0.6616943359375 0.048109517601043025 0.035654296875 0.08526075619295957
0 0.6282275390625 0.5339895697522816 0.007841796875 0.007998696219035201
0 0.6577294921875 0.5855801825293351 0.007216796875 0.013728813559322033
0 0.738447265625 0.7542829204693611 0.0059716796875 0.0638722294654498
0 0.722060546875 0.755684485006519 0.016611328125 0.04629726205997392
0 0.719775390625 0.8098109517601043 0.015849609375 0.044986962190352024
0 0.8014453125 0.8730182529335072 0.05951171875 0.2515710560625815
0 0.851005859375 0.6549282920469361 0.1694921875 0.5191720990873533
0 0.239013671875 0.7628748370273793 0.0070751953125 0.046362451108213826
0 0.2420849609375 0.8398696219035201 0.0107861328125 0.010743155149934812
0 0.2416162109375 0.8037157757496741 0.0093603515625 0.011551499348109517
0 0.2911669921875 0.9411147327249023 0.0210791015625 0.03769882659713168
0 0.471572265625 0.4173663624511082 0.0070703125 0.009504563233376792
0 0.7693212890625 0.09075619295958279 0.019130859375 0.007457627118644067
0 0.74298828125 0.07009126466753585 0.011943359375 0.014837027379400262
0 0.7451220703125 0.024256844850065188 0.0114208984375 0.016603650586701435
0 0.70333984375 0.45804432855280314 0.020166015625 0.05696219035202086