0 0.3246882538925697 0.028744157739781 0.027386978989327907 0.052655041482768346
0 0.3559543210714193 0.03772748702212495 0.046987176174252215 0.07028809022612872
0 0.3949765092810061 0.05935722087248208 0.027176787107993438 0.03657112539885226
0 0.3752763800906453 0.09416562195799133 0.04275565050642523 0.026902967982298864
0 0.4467463235192512 0.034936853086601 0.04323086693379039 0.06326660434593523
0 0.36228657645957957 0.12168425506276098 0.016568501257771786 0.02600024666023752
0 0.403060895899019 0.1772402438603401 0.04178812918980863 0.07304460889877938
0 0.3684509535579395 0.31297147520868873 0.05556784252373519 0.04588172876234284
0 0.36005736043738 0.6321046025405329 0.05671548949452597 0.05358217327956087
0 0.34938218154141293 0.9368857918868919 0.04990006799456351 0.052829983218342313
0 0.51425817420261 0.03336377619542145 0.012809542122497545 0.05883483222772865
0 0.5102896177325074 0.11024820320017385 0.01093728183839747 0.03574570391343995
0 0.5063837077571439 0.21195577082387346 0.01563488515614025 0.11479516182160548
0 0.49098794274541685 0.576134801280012 0.012553656353916339 0.03925441264730904
0 0.48226283959626304 0.7697536241185188 0.03225410838199542 0.344970870615371
0 0.4717085201554434 0.9830543117837 0.011975263479796265 0.033891376432600075
0 0.6445265691122193 0.8881354938751365 0.03331977806453005 0.06598650730648886
0 0.6179191719552906 0.7148693896190459 0.04985821309514142 0.1297449233165089
0 0.7353465313099747 0.32666055897272667 0.06033590616626017 0.17038166371259866
0 0.8172872202349503 0.06718385006306633 0.031243814781732455 0.0673688350552695
0 0.7755819345886916 0.06056670497917057 0.027514921873618627 0.06244525127297813
0 0.9356712296182138 0.07264876582339913 0.015393437954632898 0.01620190004511727
0 0.8112759264250654 0.8890816328924716 0.058756086760538666 0.1696701577759321
0 0.6834331976562833 0.920952004708077 0.023493588087126108 0.03514404511306438
0 0.6200850622107814 0.8806036553533116 0.019524437070517396 0.05189471459663948
0 0.6405593375895228 0.9450918851560464 0.021627816685662982 0.05261028894576118
0 0.6555375557167175 0.9870727057383335 0.0208209543753097 0.02585458852333298
0 0.17498015135337258 0.6107383830137726 0.027633725980459798 0.07153616036388727
0 0.19242405575236754 0.6636657750095422 0.01983515550379447 0.07567093837286326
0 0.2096335963789985 0.7186890348969863 0.02890931583554118 0.08902681467131508
0 0.2293545171646764 0.7856187145285909 0.023490938192313748 0.07500011656074876
0 0.2445566353393796 0.8472690574095707 0.021911118786592184 0.07428861062408254
0 0.25930962847165956 0.8945817017486588 0.01875147997514906 0.0728655987507498
0 0.2743381098748255 0.9429453313429254 0.02087313714519339 0.0749797744984729
0 0.28885349479342287 0.972076157500195 0.014428566532828715 0.02248746951391326
0 0.7931798732569191 0.1453102445868944 0.016044941048347704 0.02599617824778227
0 0.7725540776493637 0.14934534649071768 0.013923283878303135 0.02388200250005933
0 0.8059619990470686 0.20204717471672096 0.02339955041782069 0.068007109567742
0 0.8209800167253791 0.2696395393355292 0.027560615760865128 0.06594175476948166
0 0.8327652853726517 0.3302144864865992 0.020635528931510806 0.0567979563166548
0 0.8431959596091175 0.3872827591100277 0.019083125858137297 0.05818435247789061
0 0.8564925068312418 0.44332445695300865 0.019551853402865152 0.053992616694541584
0 0.8652474044987682 0.4923385662971134 0.01468445230141016 0.04206788909433284
0 0.8741498475528898 0.5326134511061871 0.014620480859264678 0.03717278419922779
0 0.8499587907760145 0.7645697258263481 0.018468177874219737 0.05118727707242813