0 0.697539004086379 0.47032290365125984 0.21048587808036198 0.9406458073025197
0 0.5439533014650156 0.7798703351928433 0.08458436056979735 0.20679990219399816
0 0.5609813332978628 0.3336492162540896 0.12812704114990164 0.6672984325081792
0 0.5345241965686026 0.905766573652461 0.04251738001003594 0.08451095927132195
0 0.4728444778539133 0.9003174624072671 0.03823065069446138 0.10652272571335068
0 0.4829058900125909 0.4833581555051042 0.0966929700509157 0.08746627687341861
0 0.5181910027311428 0.12567724450096807 0.08981296827669552 0.08612376734088303
0 0.10435509704728675 0.22013967848719845 0.14323922634799763 0.4402793569743969
0 0.03662490091184035 0.7370666544070174 0.0732498018236807 0.1416941081515659
0 0.03924180296155139 0.8629924633768894 0.07848360592310279 0.12838182039625182
0 0.05556821958271254 0.560362982544736 0.04769823688538725 0.21526347206179763
0 0.0013167902008206277 0.6634825052416583 0.0026335804016412554 0.05278182495972135
0 0.6622312791492488 0.13932425865262657 0.08419484288156084 0.27864851730525314