0 0.5401667806611118 0.9491289188290882 0.056309404526636776 0.10174216234182352
0 0.3267269322989827 0.8624883727975703 0.037324191820772595 0.2059788001328063
0 0.31309526313246083 0.9819919834114921 0.02277950083667237 0.009269210727506956
0 0.3570870859601928 0.5514234284417805 0.060851021456883966 0.4141633267254575
0 0.3952557250460819 0.22248020115088613 0.026022771921729818 0.09827868127545024
0 0.6064672162083895 0.09231130947123475 0.04450934945642588 0.124537696136554
0 0.5757617691588144 0.5562395940883625 0.11049791438226375 0.67518732198378
0 0.8233230876014883 0.4756319716758317 0.10513098219641856 0.5689887203202754
0 0.7677857143449631 0.1068771918706201 0.19597053768859304 0.12133974113995047
0 0.8377564746142339 0.1792278914390289 0.06349456216229006 0.03819448818808381
0 0.5666899844227523 0.2093553754917149 0.028490343195993584 0.04171718690794911
0 0.5246066871347256 0.1378709816526137 0.012993982969957693 0.018843976757078013
0 0.6829734424851353 0.4343714653310797 0.018624418247064352 0.04206929154094573
0 0.8073307233337992 0.8942209825724793 0.02410552608577197 0.048166806588318054