0 0.016012759741119587 0.8292710758734175 0.032025519482239174 0.07606797137217998
0 0.15414548451182178 0.7642705424987046 0.1696191554402967 0.3060777231229524
0 0.3672102871461432 0.6441979230111904 0.11897491109346994 0.547529847672496
0 0.4348198801275452 0.8781533294130796 0.08452976526384422 0.17969474594708593
0 0.6200268333577088 0.8107870649260857 0.043909067551206576 0.10221898110262342
0 0.5333414853753244 0.8558642532011814 0.13021976395946236 0.25121358212012945
0 0.6135938777379171 0.7262503743620222 0.04031107979150481 0.1007116765898534
0 0.7084589610355913 0.53589766633233 0.1635375453923978 0.37216646363793116
0 0.5838811921116402 0.1691122412608593 0.0382678605566016 0.10131606228550731
0 0.517833873642147 0.1672336616731497 0.04119260372426191 0.08433561233299777
0 0.39349781768165537 0.22203936998154844 0.09927485643996797 0.4440787399630969
0 0.46253598971105886 0.1462835425612441 0.07595261074181676 0.2925670851224882
0 0.6249102246924296 0.04478285124539814 0.0488770299537701 0.08463414545445998
0 0.7837090600901648 0.15758841019860131 0.11016276155418663 0.24154546713975844
0 0.3281060399818488 0.165715500908697 0.04700632350178825 0.04627074525971609
0 0.25230180895274257 0.08540288919012086 0.18084720176664598 0.17080577838024172
0 0.28913649480597886 0.5532136154521833 0.043766001320029474 0.08580311242957281
0 0.24758198876149448 0.8847435919446647 0.042282765910819246 0.0918993565576743
0 0.41539981738688986 0.9616430979019344 0.018675105576482692 0.027392266085216475