0 0.112744140625 0.8859191655801826 0.039287109375 0.22816166883963493
0 0.1070458984375 0.7196023468057365 0.0376611328125 0.10847457627118644
0 0.2687158203125 0.4667209908735333 0.0390478515625 0.08265319426336376
0 0.28037109375 0.4304823989569752 0.0425146484375 0.030019556714471967
0 0.273046875 0.13504563233376793 0.044140625 0.04758148631029987
0 0.2921044921875 0.6794393741851369 0.061875 0.024289439374185137
0 0.343505859375 0.7790352020860495 0.01142578125 0.10625814863102999
0 0.28859375 0.9478943937418514 0.0420849609375 0.04116688396349413
0 0.4779833984375 0.9052672750977836 0.0361474609375 0.13494132985658408
0 0.512705078125 0.9064406779661017 0.030556640625 0.12236636245110821
0 0.4137353515625 0.7363950456323338 0.0241845703125 0.26820730117340286
0 0.4827734375 0.6222359843546285 0.0329541015625 0.03135593220338983
0 0.5126220703125 0.6253324641460235 0.0128369140625 0.0242503259452412
0 0.4124609375 0.5536440677966101 0.0230615234375 0.04615384615384615
0 0.4088720703125 0.38466753585397656 0.01587890625 0.2242568448500652
0 0.400966796875 0.11155149934810953 0.017802734375 0.22310951760104303
0 0.7185498046875 0.7761016949152542 0.12935546875 0.4477900912646675
0 0.729248046875 0.2256910039113429 0.056767578125 0.15897653194263364