0 0.059775923740810075 0.1951988013521037 0.07701977335465313 0.24007131170301316
0 0.0667101393184617 0.3607604771273343 0.055957543706239836 0.12152893275706238
0 0.25025566458451376 0.5649334942291774 0.053358716206808474 0.09610133706110581
0 0.26497629681733076 0.5975016069903586 0.0480739574679606 0.04324880878503838
0 0.279826987065839 0.8947128965646383 0.05284592702014878 0.06156616117798425
0 0.2580923102799747 0.34537576466274233 0.06695905879650506 0.043538522931157786
0 0.3028214440623711 0.23077747375592128 0.029217425539654673 0.11194411629627349
0 0.2342227616803128 0.07845294721397597 0.049564554300956506 0.0546523812374692
0 0.4300188865707017 0.06925703618898123 0.059112944852201636 0.13851407237796245
0 0.4652916501684633 0.05978086253298711 0.05102565137420076 0.11956172506597422
0 0.3773746736567184 0.2522551018585272 0.0683513230969956 0.28045364116553856
0 0.4564899535729859 0.3456413284081894 0.038573337643698434 0.041772393789209036
0 0.48657197193206597 0.3334489627286647 0.017142561349087322 0.028662219159000038
0 0.39002003118952727 0.4349052744026776 0.031148922878957513 0.053739553184409344
0 0.3992435271399158 0.6049140776353797 0.05288831594074983 0.23336293635998573
0 0.4108076954527281 0.8636039485130921 0.05140755236100446 0.19940820932935988
0 0.6832623218161615 0.18434756701412902 0.20177047102370876 0.36869513402825804
0 0.7372108328673047 0.6675233469575915 0.0837911426593847 0.1789645043286694