0 0.5219796653743017 0.24386571576965244 0.32223633314785965 0.09549801786734043
0 0.6918554014372739 0.18513753791525359 0.053057808070625934 0.37027507583050717
0 0.618099857698872 0.06957508980639661 0.08399193030095667 0.038777136289211034
0 0.5953864910653005 0.1485350269336401 0.026879662219390102 0.13498533272454988
0 0.6069874500204132 0.023918255084123513 0.01768005538074536 0.047836510168247026
0 0.4963128518304478 0.009952028385770494 0.0725273071979395 0.019904056771540987
0 0.22693354359758114 0.1902303608981845 0.059350161035855276 0.03866925557921246
0 0.28179213244844187 0.2046374068835745 0.04045174890783268 0.02690299434129704
0 0.31877155393019513 0.06966713160547468 0.03145562577899416 0.06805231519625242
0 0.7376700029551579 0.09841190564600999 0.02868054996301948 0.027852529123554425
0 0.7707624744194097 0.1013295077942313 0.010956312239992789 0.019410741216805753
0 0.9235976627144181 0.09099218577060356 0.08570445336002384 0.03422713696998984
0 0.9117504949476993 0.17816336733646507 0.11098321416843517 0.1323371569530085
0 0.933331936345277 0.02076242068014882 0.09465639414658092 0.04152484136029764
0 0.9890433963119107 0.010047196042730555 0.01817305590015012 0.016346926246669613
0 0.9826168251525665 0.19700514090701107 0.02706163765424836 0.32043409397259554
0 0.8084752762702482 0.48715539299777394 0.01841277533233157 0.04660395801540034
0 0.5370833585159434 0.7415282831377098 0.033050912154837075 0.24368098489846288
0 0.5685806505677473 0.6336898932791385 0.023699950568573318 0.03558900617104368
0 0.4914980137408629 0.7373547647102175 0.017335495127996793 0.018951306670443573
0 0.5302633040707223 0.7141209573090171 0.015915403359491098 0.08072156188549276
0 0.39933647549765056 0.7247641100330254 0.023475541480011713 0.031636437001083206
0 0.4744066872877982 0.951605589864075 0.02439526900539924 0.021801012610481677
0 0.5736659062980592 0.36621765533202977 0.020021623363216345 0.11833230037918317
0 0.5629750865232451 0.38529134936228887 0.015144698996952127 0.04979043574366851
0 0.5640355991434788 0.49244715223043417 0.02037296444348573 0.1071640200871616
0 0.5564904799184814 0.43875836307012084 0.009595130261195682 0.012792460244005193
0 0.5074001468934083 0.5310320771634308 0.015667737307403656 0.015611500494510341
0 0.6697912377249677 0.08769732126618283 0.05412984220922777 0.016148700857971075
0 0.08511193560709134 0.09504455262298342 0.04596566481740665 0.19008910524596684
0 0.1488173329758457 0.13256246785312537 0.05083522545995713 0.26512493570625073
0 0.3698904672378252 0.39293339548680967 0.3754538115554134 0.11293357609243204
0 0.4905190074563643 0.1297630773594929 0.08373864921373358 0.112420431858908