0 0.4581101066659433 0.8608595659177602 0.055982127719491126 0.04448172408210702
0 0.44346485103841216 0.573728963589476 0.05406523546469234 0.047622057764662946
0 0.4278441232060438 0.30151641687296715 0.05313551004108803 0.05083912842675777
0 0.42963093015703635 0.03553673059028617 0.016701830849358338 0.02498157518215379
0 0.45316251085412973 0.05283749589259893 0.03456315275268186 0.05992131026874761
0 0.5054930493243394 0.40996996077190906 0.07317760901393047 0.8199399215438181
0 0.5574075670365696 0.9290009964561056 0.029087782055039955 0.05686421076797704
0 0.5305468608373154 0.8908500731859533 0.045168833012745276 0.017984286192205844
0 0.515033035400878 0.865669850990851 0.013246746940177575 0.024712995753767827
0 0.5469149124881326 0.8516475724101206 0.025322514544872336 0.03880907007476897
0 0.5142017857495345 0.9313700970184399 0.02585056280502358 0.040823723149518584
0 0.2781482861381162 0.9427932390807929 0.021981900761193374 0.016839728701369506
0 0.29468900767189876 0.1482728391470618 0.014705346003290619 0.08008733262298393
0 0.5586422839254361 0.19207086735670198 0.02948945921849302 0.05163248703113245
0 0.5273227135980477 0.19582478951371382 0.013602883667237076 0.04513460313189695
0 0.5514498278305255 0.11973814035382968 0.02603437530931237 0.05136390760274648
0 0.739267948643238 0.005359253774930688 0.01690903260636169 0.010718507549861376
0 0.8263013898626418 0.9018319350126662 0.015312986854711138 0.030136561939459298
0 0.7934671899636836 0.5494901312204258 0.06196958583878501 0.5291383664817445
0 0.6643935095410338 0.8428452526091612 0.01728732051710008 0.030290035898537102
0 0.6834530870697603 0.7879316449790333 0.028548245513370634 0.05419079616490038
0 0.7034194134590549 0.7283299696710791 0.02450767193644835 0.048613756020131405
0 0.72063677256285 0.6811455935757864 0.022935015437512474 0.04322855832420901
0 0.7431514340007572 0.6259634065172726 0.03090169246585501 0.0760834005587608