0 0.22207112803603385 0.2001505483161985 0.04518486828372955 0.03266049543667181
0 0.2430639580353873 0.17685405993012712 0.014083714646954466 0.01758755308534567
0 0.2884553897613561 0.48868464358785396 0.04622653495039621 0.03267667909935482
0 0.30623818925561985 0.46404588560568694 0.01416874515204422 0.018978373669490317
0 0.334367869717248 0.7152384563219648 0.03512953828437612 0.055431014785545255
0 0.07297434076636303 0.3110540114505909 0.029453537173049476 0.0477005832593347
0 0.06687365990208553 0.10894021962748311 0.0196003050508969 0.014199511769740655
0 0.05763677000387933 0.13692655976854765 0.025116809496203422 0.044854207440313376
0 0.05365601086363095 0.17840462003861968 0.017399990304088304 0.037786818880809064
0 0.04849010682420654 0.21328842028101686 0.020174217980934342 0.040608919205805935
0 0.0570465377851054 0.25944419455906975 0.017463720203587604 0.05585130281200643
0 0.09626823359589978 0.3552406428052301 0.024117658082081602 0.04553343406970272
0 0.12297412586977323 0.395545874734081 0.029666113435773706 0.05117763471969631
0 0.1522629271840409 0.4354629423601881 0.03170693151656216 0.05051459175299002
0 0.17931426662967068 0.4771549489575129 0.04033787161770945 0.05551193309896042
0 0.20818319759056958 0.5229951418132471 0.04384550889061304 0.061819176715660305
0 0.23002087855146847 0.5689445743920917 0.03062274959735068 0.049802997798234605
0 0.2542820578453774 0.6033711861636939 0.03002753606172283 0.04006725370922209
0 0.2721178509777093 0.6392897664112095 0.026976916264017346 0.04974635497884424
0 0.1958633071930927 0.756370273055892 0.07796541737534396 0.058180775831765716
0 0.3923979702761441 0.833016957564499 0.05401764838616986 0.08351445690270784
0 0.35917637916352435 0.7799356453770666 0.041751611213120536 0.03608090407764297
0 0.3261797337891425 0.03982893657559 0.034300533839069655 0.024849145597046127
0 0.33819596161900256 0.09567594987027714 0.0223743608104711 0.08510708606709304
0 0.3579555054600118 0.18864244956174775 0.027083075457425564 0.10254898618829163
0 0.3813820972813088 0.29895374739831887 0.03014425959929028 0.11857579023132109
0 0.404941560011638 0.4071747684430023 0.02743384778057951 0.0997754368513439
0 0.439199234763619 0.5667388195465858 0.03886014424689132 0.1590066891476139
0 0.4613290684029804 0.672893839293406 0.02063123545613242 0.05659526409212781
0 0.4786970648193651 0.7523241137834907 0.019982856365164517 0.05450094138456945
0 0.5109564797224204 0.8962576169781301 0.053485906874133585 0.1939714077034264
0 0.5433011830064733 0.9392595258461843 0.02104582363742177 0.03784346170019959
0 0.5537181935076837 0.8026678026717149 0.05272097616287018 0.04528307450141319
0 0.6001680409822351 0.7949854349302562 0.021279700505736323 0.024646849813508554
0 0.7148899142105418 0.6505085610274933 0.04408995010308701 0.07432847014162057
0 0.34168775237566723 0.06325440705982832 0.024819202728389438 0.039986335395807114
0 0.3665335378817268 0.09871604243819747 0.03331194676910698 0.051234277539086874
0 0.39183638384230235 0.1331264705471166 0.03632005131426771 0.040859765977392555
0 0.412100957479724 0.1703994581377401 0.038775371617709456 0.05548765760493586
0 0.4527946257167592 0.33717226124765565 0.023947597071902273 0.04275179290141343
0 0.4427817679906327 0.37804796728608264 0.02784852192050463 0.04698089747323789
0 0.43189730460801884 0.421721498155482 0.02784852192050463 0.04698089747323789
0 0.424743705063828 0.46672920678963536 0.023947597071902273 0.04275179290141343
0 0.41696298405494175 0.5100064815249495 0.019919126465665234 0.036436457453371845
0 0.40993164809630583 0.5442231928849697 0.02108833888996647 0.038538871992271906
0 0.4031979189054838 0.583307776289496 0.021949294243658577 0.04411024616019204
0 0.39549162107821 0.6192751511267093 0.02580770383971611 0.047643940439944174
0 0.3866320433015098 0.6576966915645295 0.024978613435773647 0.051104808237622694
0 0.3808602754236624 0.6911977630541234 0.017442505556633136 0.03848222917288139
0 0.37594950587882503 0.7132002892304996 0.016230777879787085 0.03568440434190916
0 0.3650863431018016 0.7401677894274801 0.03122861343577365 0.051201910213720954
0 0.4875613230576935 0.9655321029543897 0.0565262202035876 0.056458190162619326
0 0.4247266981060041 0.8885483894368674 0.030835325860074883 0.05328004925859622
0 0.4488709389657558 0.9295894908144982 0.028411870506382778 0.04768439959665176
0 0.4852196360649556 0.1469891969095905 0.043951754042657144 0.08057907093892999
0 0.7201781677941572 0.570726291874053 0.03527829868896504 0.07488631930088735
0 0.722219716523351 0.28008500534288105 0.04438755687090084 0.07919634218612683
0 0.7222945694981431 0.10223774726023102 0.025169975051543503 0.03721278605885933
0 0.725148717425271 0.025277578431787545 0.039912719092261045 0.04855783017823714