0 0.17449756458563118 0.8080545653003324 0.0770383641582176 0.18773352752054168
0 0.2055950386536131 0.5751660977657995 0.09971843682586021 0.3011452890592614
0 0.2396790668375326 0.3083302842521812 0.09234309730967746 0.2635894065211278
0 0.26846367895509554 0.09552028541587572 0.0824770961300864 0.19104057083175144
0 0.7629099841213147 0.10333783342239031 0.08343273481992411 0.20667566684478061
0 0.7490344171702784 0.2812278025808791 0.07454770249480934 0.17846336552956107
0 0.7344727372516638 0.4474232157547854 0.07574729246200806 0.18204949547610044
0 0.7210979822179289 0.6107093930689441 0.07261109495049528 0.16993731746289908
0 0.706950551952377 0.7803789031268449 0.08051515842113381 0.1956947145629567
0 0.6932380263200142 0.9057908096162213 0.0672286756134543 0.08239029037525784
0 0.6097782513736343 0.9441694331879987 0.028912623411973582 0.017105228836280222
0 0.6305433485981276 0.8539513235002703 0.028012320235925304 0.10411449722370661
0 0.6428611442834704 0.6423237714843275 0.05694462150698686 0.21736471676334018
0 0.6617715210433758 0.461366968337087 0.03472195748439659 0.11444246571413079
0 0.6735931799959298 0.328746844180107 0.03416273962027068 0.12554165045290644
0 0.6831425541175383 0.21632566930330419 0.022578752009088338 0.06324136408914097
0 0.6935000168454062 0.1224359629579699 0.02589791297862204 0.07954934629814639
0 0.5567616580489659 0.16221627572220873 0.025308689765345456 0.018190137659756377
0 0.5322518455907747 0.401559991549534 0.027707869699743145 0.025362397552834936
0 0.482421655405957 0.4760161972064096 0.02589274923359057 0.09139264496124035
0 0.5060542963304022 0.6624564448306199 0.029248056418345287 0.024797536528587755
0 0.4784995238094487 0.9283824426818644 0.029863098356779704 0.026940251851507904
0 0.7050978909402059 0.015873389217499645 0.015564175663915703 0.03174677843499929