0 0.2244384765625 0.2385723598435463 0.0405517578125 0.46723598435462843
0 0.235830078125 0.7488787483702738 0.04037109375 0.5022490221642765
0 0.6325634765625 0.33260756192959584 0.076171875 0.6038070404172099
0 0.6193212890625 0.8284550195567144 0.060283203125 0.343089960886571
0 0.89705078125 0.7460104302477184 0.0555224609375 0.5079791395045632
0 0.926455078125 0.2941329856584094 0.0405078125 0.35436114732724905
0 0.8016015625 0.16842242503259452 0.04865234375 0.09350717079530639
0 0.4335546875 0.03598435462842243 0.0163134765625 0.06677314211212516
0 0.453857421875 0.316883963494133 0.0490283203125 0.12870925684485007
0 0.53208984375 0.547464146023468 0.0606689453125 0.16071707953063885
0 0.57341796875 0.6765580182529335 0.0302880859375 0.06758800521512387
0 0.3738525390625 0.061375488917861806 0.049775390625 0.11811603650586701