0 0.0280126953125 0.20507170795306387 0.0212158203125 0.02135593220338983
0 0.088251953125 0.48311603650586704 0.0526904296875 0.6377509778357235
0 0.1029248046875 0.9576271186440678 0.029970703125 0.08174054758800521
0 0.088388671875 0.813102998696219 0.0142578125 0.016427640156453715
0 0.0939501953125 0.8417340286831813 0.0201123046875 0.027294654498044326
0 0.0938232421875 0.8823859191655802 0.0178369140625 0.02760104302477184
0 0.17119140625 0.8980704041720992 0.0073583984375 0.011740547588005216
0 0.2503369140625 0.7215645371577576 0.015888671875 0.019009126466753585
0 0.261962890625 0.7003389830508474 0.03345703125 0.02458279009126467
0 0.2859423828125 0.6884093872229465 0.006220703125 0.013370273794002609
0 0.300947265625 0.6972164276401565 0.0090625 0.007372881355932203
0 0.4754833984375 0.06410691003911344 0.065498046875 0.12105606258148631
0 0.475966796875 0.17922425032594524 0.01513671875 0.10595827900912647
0 0.4729931640625 0.6179986962190352 0.0508447265625 0.7640026075619296
0 0.3252880859375 0.9442764015645372 0.00779296875 0.04190352020860495
0 0.312197265625 0.9245632333767927 0.006005859375 0.04320730117340287
0 0.4268701171875 0.6261538461538462 0.0086572265625 0.011297262059973924
0 0.358173828125 0.47384615384615386 0.01240234375 0.013839634941329856
0 0.3115673828125 0.5777053455019557 0.0062353515625 0.0070208604954367666
0 0.2604541015625 0.3499543676662321 0.04015625 0.021323337679269885
0 0.2692236328125 0.9648305084745762 0.0408935546875 0.02042372881355932