0 0.680972047767295 0.8361627560491528 0.05934596705205917 0.045781250545872273
0 0.6633526569052315 0.5394358028403551 0.0538648405424466 0.04346746053663318
0 0.6447437507077854 0.26139150625498075 0.05458249602289719 0.052062042716177086
0 0.8258340623137556 0.6754836809079763 0.013804671967817527 0.0567617876901803
0 0.8172292525223898 0.6197028190147336 0.09751798352770426 0.035658001788773916
0 0.8084873594744159 0.7941049631446485 0.015147531713161293 0.05158374239745525
0 0.797869067309875 0.9790249684652927 0.025868476354852094 0.041950063069414595
0 0.7769622795800165 0.9358505718263586 0.025357656626573865 0.046299217179736035
0 0.7538774572616731 0.8916657096324357 0.026172460330958408 0.039772966519061585
0 0.7350429377400256 0.8592546326746012 0.019583512801383963 0.03278648118894227
0 0.7196893565965803 0.8280464741883308 0.021081499360856664 0.03353728965115793
0 0.7025220519351394 0.7934371199708896 0.0192105835745539 0.037367129575933286
0 0.6833804136113096 0.7587050365082633 0.023090305648607593 0.03497754195299654
0 0.6661214440561993 0.7300091948901147 0.020518970694535458 0.030871561226554742
0 0.653184071052697 0.6969781633753453 0.01669095755852452 0.03523743343447173
0 0.6384220078706706 0.678960576611258 0.012300415756192598 0.03693757721778552
0 0.6251406949354359 0.6610350367810592 0.014888987022945952 0.04170231947255407
0 0.6111331083634103 0.6341855340071534 0.013970765442475452 0.044276000963268336
0 0.5542825064250868 0.8532796578111296 0.03052383249955203 0.0742433421711261
0 0.4054945441967937 0.9929378146977701 0.02811232136798514 0.01412437060445992
0 0.4247317581007812 0.9682145218695324 0.01832683461944561 0.04125833412330135
0 0.44183402819798623 0.9344200652305291 0.019790348553556214 0.04069161952886352
0 0.45598341595794833 0.9007708954879116 0.01364327550153614 0.03175953192506017
0 0.4696078825030274 0.8753102213824338 0.016759902809248717 0.03787247954777871
0 0.48227652001619775 0.8415690047059271 0.015669318101968064 0.03385854575522582
0 0.4944030000018041 0.8153575221382336 0.013574330250812058 0.029124485811753188
0 0.5078637215764135 0.7836386135136518 0.018516434058936757 0.048504710934895556
0 0.5156020187253517 0.8439694414825892 0.028560465497691628 0.05570597244408831
0 0.5255371384962803 0.7528392660634152 0.02430154454465542 0.04360280644383664
0 0.5410466223142669 0.7146708125563989 0.014550530421477876 0.04760049091619857
0 0.5547658885790915 0.6928333268567184 0.01779877857848639 0.039910128755351354
0 0.5699282976392697 0.6602336640291833 0.01791943276725334 0.04452145945363872
0 0.5854409162833325 0.6316019115272569 0.01966969436478893 0.036080288830576
0 0.5980836993274815 0.5968725525582602 0.05035177804307052 0.022202997762399646
0 0.6121758948191361 0.5704544184715886 0.01893480257165757 0.026826945122705354
0 0.568717048281746 0.5480222115390101 0.04248421901050042 0.06051764633034461
0 0.5590420353833329 0.6020090663859637 0.027073445598747692 0.03654052350002027
0 0.3781491968972102 0.5815566790549519 0.10575377477872801 0.030250747325869885
0 0.2967698644462538 0.9372986070427402 0.02641064434389224 0.12540278591451967
0 0.30237553490816993 0.6801037515061429 0.025801103747904258 0.10091505940826352
0 0.30868947729526003 0.6012445866348066 0.016031280668269584 0.04769253785008719
0 0.28034992811339354 0.3373934370552105 0.015261916249776014 0.03712167108556305
0 0.2920838731323487 0.12667548659353145 0.017599785122242393 0.10763983692782111
0 0.2754642093287363 0.07532907802635083 0.017341240432027054 0.09775841400291993
0 0.3857276179162633 0.1555157557643158 0.018033817303868174 0.030059388141746524
0 0.40098482669618707 0.1265392813425779 0.01961798542674595 0.034104004245595836
0 0.4162161810070893 0.09657466462834984 0.016501358119033374 0.027991056622877448
0 0.4295938558443697 0.07109864936722392 0.015462482349795924 0.025953407415304653
0 0.44514956527013505 0.044113800686114375 0.019514567550659882 0.030151435075635342
0 0.5669628446132942 0.31147358290721155 0.025152414441129516 0.3021278993406925
0 0.5964666416844936 0.7516580458993016 0.02731162961168164 0.13981267189083801
0 0.6332033576607136 0.8279318207824481 0.03936759170278784 0.05440469870762637
0 0.34931057050800624 0.22329597940565274 0.01137592452356987 0.020437856698320447
0 0.35724472628711224 0.20636039819703067 0.00730660301002481 0.015581067509663066
0 0.3645160703498869 0.19234322039893456 0.009740047462648891 0.014416956009490898