0 0.184853515625 0.11571707953063885 0.0408837890625 0.09638200782268579
0 0.372314453125 0.643735332464146 0.0317138671875 0.06419165580182529
0 0.396474609375 0.8689504563233377 0.0207763671875 0.25340938722294654
0 0.4540966796875 0.7230899608865711 0.012783203125 0.20897653194263363
0 0.4523583984375 0.9279204693611474 0.016259765625 0.1313754889178618
0 0.45279296875 0.5790482398956975 0.0084375 0.03226857887874837
0 0.4496630859375 0.441238591916558 0.016083984375 0.18359191655801824
0 0.4504443359375 0.15870273794002607 0.0159130859375 0.31229465449804433
0 0.3269482421875 0.49252933507170793 0.0278759765625 0.06574315514993481
0 0.709921875 0.4744132985658409 0.0212939453125 0.06664276401564538
0 0.7590185546875 0.2646740547588005 0.056923828125 0.17851368970013037
0 0.5994580078125 0.34947848761408085 0.02021484375 0.044159061277705344
0 0.6926171875 0.5458670143415906 0.024619140625 0.019282920469361146
0 0.5686865234375 0.6440482398956976 0.0256884765625 0.01609517601043025
0 0.5153271484375 0.6356975228161669 0.051826171875 0.03651238591916558
0 0.588154296875 0.026401564537157758 0.027158203125 0.052803129074315516
0 0.5187158203125 0.03196870925684485 0.0325341796875 0.03795306388526727
0 0.1884033203125 0.5783702737940026 0.02712890625 0.6226010430247718
0 0.1919677734375 0.9414732724902216 0.0255615234375 0.07029986962190352