0 0.252744140625 0.18427640156453717 0.0463037109375 0.034061277705345505
0 0.258154296875 0.4542633637548892 0.0455615234375 0.040312907431551505
0 0.230654296875 0.6201434159061278 0.00978515625 0.014889178617992178
0 0.248515625 0.6448956975228162 0.0139794921875 0.03925684485006519
0 0.284765625 0.7662516297262061 0.0164208984375 0.04346153846153846
0 0.266142578125 0.9429921773142111 0.04052734375 0.037425032594524114
0 0.322021484375 0.9440156453715774 0.0077392578125 0.11196219035202086
0 0.3146240234375 0.783174706649283 0.0184375 0.09425684485006519
0 0.3168994140625 0.7101238591916558 0.0121337890625 0.007992177314211212
0 0.3123046875 0.6391395045632334 0.02044921875 0.09091916558018252
0 0.3139013671875 0.2826923076923077 0.01244140625 0.5565449804432855
0 0.369873046875 0.012588005215123859 0.0062353515625 0.015938722294654498
0 0.3710107421875 0.2560039113428944 0.0074609375 0.367496740547588
0 0.372607421875 0.5673728813559322 0.0062451171875 0.1975554106910039
0 0.3724560546875 0.7139243807040417 0.0069873046875 0.04753585397653194
0 0.3734375 0.8757887874837028 0.0085546875 0.23214471968709258
0 0.352861328125 0.9757301173402868 0.018193359375 0.04853976531942633
0 0.61623046875 0.6173076923076923 0.01802734375 0.04891134289439374
0 0.6556787109375 0.434361147327249 0.033818359375 0.07765971316818775
0 0.68162109375 0.35004563233376795 0.0323095703125 0.08810951760104302
0 0.708564453125 0.2674380704041721 0.026982421875 0.08415254237288136
0 0.70595703125 0.06805736636245112 0.0382666015625 0.12578878748370273
0 0.4904833984375 0.1985006518904824 0.024306640625 0.08323337679269883
0 0.4240283203125 0.18971968709256842 0.016376953125 0.0567535853976532
0 0.093916015625 0.22810951760104303 0.014951171875 0.04460234680573664
0 0.17599609375 0.4666949152542373 0.0264013671875 0.07160365058670144
0 0.2591064453125 0.7176727509778358 0.0402978515625 0.04202737940026076
0 0.4352734375 0.7833637548891786 0.008125 0.013748370273794002
0 0.4714501953125 0.7808474576271186 0.0164013671875 0.017503259452411997