0 0.5337492079058679 0.5609054002235514 0.10526947137999511 0.668583723303895
0 0.5983313032765598 0.9229306972441098 0.08774915416184523 0.07417793864555015
0 0.6069435599222349 0.609373826245864 0.08328239974133322 0.06896349297511034
0 0.8050218918165765 0.9562719540625637 0.07667268092978392 0.08745609187487265
0 0.23092065204510176 0.8543071267508247 0.06878862565045832 0.14481058135352298
0 0.19748176153480138 0.9321315164781219 0.02909785038511005 0.06643699031130895
0 0.22694328317077145 0.6481534910896144 0.03479044647214179 0.13750398502259162
0 0.38486406344208174 0.5689817366823969 0.23855175979734788 0.37442811171635076
0 0.3539251522732553 0.0966014639200207 0.05795462642468015 0.049188166759766117
0 0.30379433242079806 0.07209379143202586 0.030867489110555642 0.02503980164150277
0 0.2634473584020494 0.22826447496243818 0.035535618625453395 0.06673716884562197
0 0.557237359858112 0.07497167393173695 0.043970866853064304 0.09359167512992324
0 0.6356877354745081 0.06682937673638373 0.07046859114562135 0.054777835598097215
0 0.6236103829991341 0.31943545839098386 0.06275796561537347 0.04869696828227735
0 0.6645556848652461 0.52503643883016 0.1322832064204276 0.9499271223396799
0 0.8484530413172506 0.09355657181803576 0.01942648576300501 0.019500162558890533
0 0.791741927176424 0.21821203906584433 0.01977630361690456 0.02952881585401943
0 0.6678452514547527 0.973373016256077 0.012102418982067075 0.00914631585158891