0 0.715519632372039 0.3322942891983032 0.08518296964321648 0.4146424124122379
0 0.6502709840028433 0.6704782760824491 0.04742055059080177 0.22288909748542268
0 0.6193343711179538 0.8335387629540749 0.01865484744225718 0.05866906008266031
0 0.5965779992010452 0.9420902927410818 0.03437890073326767 0.11581941451783631
0 0.5602192890978437 0.9995504505043771 0.019601394689954785 0.0008990989912458553
0 0.7123909622782637 0.9225132386379533 0.0522929340387 0.10146692662586333
0 0.6769303046215029 0.979901264601199 0.0252792785153965 0.0401974707976021
0 0.6485453230279099 0.998985532270944 0.033163333794722104 0.002028935458112109
0 0.7196980980308039 0.99343617406992 0.04577724647392028 0.013127651860159965
0 0.7714972089897068 0.7989229068903378 0.03528574872981083 0.05931519752921747
0 0.7749997853037519 0.7370122640325988 0.04680023386818247 0.03615562134690113
0 0.7537603033780318 0.7067776460727863 0.015821042893523648 0.023506244119397137
0 0.8322173750534159 0.4519553431765741 0.04850962388652504 0.039083480290107
0 0.8119883870271756 0.4235532424491948 0.017792056713354987 0.0185752900455819
0 0.8935717509952692 0.14840926091908105 0.0484096759282683 0.036218150777213055
0 0.8710219312952981 0.12493811426551697 0.012663886658326538 0.009791713215964098
0 0.9683070813691951 0.493107806807706 0.03170529284989365 0.06418362217272082
0 0.9254040385255341 0.5603020577876429 0.04647836135959092 0.08836451238346692
0 0.883598944044828 0.6268216626762312 0.03831944919505881 0.10020867251826909
0 0.8369331802635054 0.7171820786595264 0.03224177353658917 0.06420446531615817
0 0.38740716166943845 0.8062367846292923 0.037083332800564674 0.08013052278457386
0 0.34980961536738575 0.15920321216316496 0.043895905884371506 0.09112562617917425
0 0.35443212891964176 0.2884973736818289 0.0417749701271547 0.09175858598364843
0 0.3613710763705774 0.3744846910331272 0.030682305455631703 0.06557460064229328
0 0.366169978027655 0.46792054735374167 0.05148307564467 0.12432703329870298
0 0.3716927627931597 0.5560047539811173 0.030182565664346805 0.051247953077823205
0 0.3741570588966748 0.031034580390117028 0.031728800661586044 0.03413934857420874
0 0.5872883342742141 0.06585529261588197 0.03599713834345588 0.06435036732021955
0 0.6420336117177609 0.08268695014350885 0.030070863800243628 0.06340476036418541
0 0.6774472139925724 0.09159450915343816 0.016307549601090314 0.022094422506387514
0 0.5999337709677066 0.31166427013409215 0.018528433316564227 0.024326792214807293
0 0.6692493024072572 0.24190967129146693 0.033589591795185995 0.07212580776349133
0 0.6002071884336059 0.20372076677911338 0.042611294688621036 0.10037541766576773