0 0.36486978990967306 0.4746233365880368 0.1924266145587307 0.8561518088694036
0 0.4772552879062451 0.8561322571575252 0.07637695570347361 0.07665531488422427
0 0.43608623641635574 0.5753700074017679 0.0769668374582011 0.0808087158730288
0 0.3873278946812052 0.28464044606037053 0.054830148262686944 0.057818156500926254
0 0.4281497753403497 0.02087333120091907 0.017659012629951763 0.03332779279651558
0 0.43049574043334476 0.10901742959401578 0.07907293976968026 0.053166315561171705
0 0.4587450680277776 0.2401770063859616 0.0619341220961124 0.19824164230196256
0 0.470398352684633 0.15054115045144317 0.04883581837158969 0.0702180085356901
0 0.7840459248817457 0.4907261366836251 0.04379322005921329 0.1372513322163738
0 0.6675667120090518 0.5967348844727859 0.2511612950332875 0.39539835108628696
0 0.33981979850066657 0.9322249883057141 0.054024714581182576 0.1304161708029708
0 0.3583507209899695 0.9528250223388401 0.03415074175440545 0.08877352923796018
0 0.7413909873074304 0.16467261314051682 0.11245612062323458 0.32934522628103363
0 0.263561221595767 0.3187930349227546 0.09352096660243867 0.28837818042716