0 0.8981275001786346 0.08970026008932823 0.03204005438427075 0.0729468768642512
0 0.7018248823520487 0.19032935921759003 0.05425970839907872 0.02326876328573781
0 0.7822369520813834 0.46759513799105973 0.17410382526756493 0.42419369084679504
0 0.7190142102250928 0.508753528280857 0.0431109347657482 0.04363739366509079
0 0.7320151680595712 0.8191724425164582 0.055577180369478466 0.05630515264602417
0 0.6003724194511334 0.8922230339922491 0.031801465123848675 0.21555393201550188
0 0.578524907275975 0.6041514544687554 0.03940035496619256 0.32684959395454166
0 0.558856241585214 0.2079686246577245 0.041502390482477294 0.39084709408850626
0 0.40977676854102735 0.1446702847459014 0.04064448242835639 0.11509218706978872
0 0.49000699062105546 0.5487973856223143 0.04918300079779725 0.1496721602739507
0 0.4467795767387748 0.5508838880611243 0.033735009036726306 0.14931201450514278
0 0.3672040830421998 0.4878306882905044 0.15555425157707134 0.4223860001057938
0 0.23720337469622554 0.30980108808445883 0.2107296213488308 0.373476197500737
0 0.21000533645023312 0.4085278411528303 0.08370185185791496 0.21167493488554787
0 0.12957973029437525 0.36608336894076854 0.031082450491361588 0.1403111373905341
0 0.3684611665609844 0.9230480078228487 0.06011043901402416 0.15390398435430272
0 0.30284788143229696 0.7239024191187438 0.040973309279086115 0.03464852140944257
0 0.5187671524627693 0.8362046815723413 0.0435299992067858 0.032645271976595815
0 0.46679786015975644 0.8394626172272587 0.022884742549858547 0.02666301434445772
0 0.802267940602067 0.87581973364285 0.13033343299412314 0.2457677518343372
0 0.8406840188115832 0.8237687414847209 0.056547850123335984 0.16772193393900903
0 0.7229164174556506 0.7202871048006044 0.04256005097542151 0.03949884135083474
0 0.6585807557683195 0.397325701596394 0.030519583123826747 0.13479706925784612
0 0.6453542745343674 0.41558303881225805 0.022693726837022005 0.12292511191677108
0 0.26278586516289826 0.8789004076519469 0.10874219526024786 0.2421991846961063
0 0.9186994829036217 0.35319383285752065 0.043973752324732995 0.14267453259218846