0 0.33325071254981486 0.8636730452935167 0.0485224452820956 0.03955011821866052
0 0.3559158865563064 0.8893220734850327 0.01137195159811371 0.014330538192143527
0 0.36277560631950967 0.5780252109370186 0.04549893788255056 0.03862341308435429
0 0.38471552038323453 0.6046139149199246 0.013032415989609539 0.020483315123419804
0 0.3888292749524954 0.3221332636286515 0.04498044050304558 0.037911175526271566
0 0.40956042244494234 0.35028809393054083 0.015572416760643411 0.0220364707853192
0 0.3826908031928673 0.2785316377131524 0.025307763228159252 0.05025165981608246
0 0.43777953755648585 0.13899331250139133 0.03994815748277399 0.07487971974226441
0 0.4160853462713579 0.045307106274243225 0.044595542242114546 0.023185606583835172
0 0.4374280337658419 0.06817152450629542 0.014209373752594305 0.02726254258228932
0 0.18307333464139122 0.46346476293657524 0.03684990097654699 0.10934246184788385
0 0.6254398531394695 0.8926960289381987 0.05629037076527947 0.12636732841245668
0 0.5401891869876644 0.8249571760154948 0.02159080469414084 0.04191927669531332
0 0.6097656354498329 0.7711417633462381 0.029735668272148207 0.06665906496615254
0 0.8251273350490708 0.9900957248657495 0.07937622130533671 0.01980855026850114
0 0.8540104869078545 0.9166062081682239 0.02716067675012077 0.06376722121857695
0 0.8464477277072257 0.7707021774866197 0.05240482236169367 0.1307095885903652
0 0.8789961501138905 0.696352593090712 0.05070936721920394 0.12321812357341287
0 0.8125871309008705 0.5844794138433915 0.04359036691011068 0.11860155010295907
0 0.7945001476733727 0.4279905774781199 0.05503230001021163 0.13560946446645467
0 0.8943752983662898 0.471937281009361 0.018024940654192974 0.02024290623302866
0 0.7509638419330343 0.15846042181572617 0.050254487456285434 0.10581517845962433
0 0.7744051869655016 0.338114444032315 0.02724815362760497 0.06711394143276697
0 0.6345087365825476 0.41729814755021283 0.04492001544787252 0.1694716973586485
0 0.5943092905761288 0.4188652998943005 0.04327068254647229 0.1446201807431524
0 0.4353803297859179 0.48706967999079026 0.024860843631348394 0.10965170556768732
0 0.4185625700410089 0.5130115127135849 0.02490219826774331 0.1303584773804212
0 0.44731371906192535 0.4750683622789438 0.01607501504535807 0.07951427143889957
0 0.44529856893708497 0.3884097554890427 0.036051477589092246 0.09792071960439282
0 0.45873018600170934 0.3094181693210658 0.014839207270481434 0.051358928124458074
0 0.4046656973888733 0.20127325736859228 0.040523908593464185 0.03953316601758345
0 0.166406690627978 0.6864341531441386 0.029199675517146455 0.0652774833652318
0 0.19241664205964668 0.6392403905549607 0.029823145149632517 0.07000578518034248
0 0.2173721033568087 0.5899528088067794 0.024743143607564886 0.06689947385654353
0 0.24180906727446588 0.5399529895005154 0.031588581794109616 0.08017462636864686
0 0.2668838142574054 0.4856667741886714 0.027009582256049998 0.07711120856009263
0 0.28657318876743537 0.44527818037253075 0.02177212233451047 0.06798080085075135
0 0.30415676495115274 0.4103859901019123 0.020630155322519494 0.06254026147755795
0 0.31915978386779464 0.38195132592582814 0.020024181065530444 0.05848130370528498
0 0.335674556484209 0.3539800143168971 0.02279162171802334 0.06873593192407877
0 0.35972980408363564 0.29893866793172563 0.033476486067064694 0.09502887585681738
0 0.34070365756178006 0.3073274282373754 0.02044883768214975 0.03647873732211984
0 0.5616526714989318 0.05877168851708244 0.016329485511703237 0.012751441216076364
0 0.5954560039553891 0.17586747102993203 0.01624837251962005 0.028772804728944168
0 0.49456855837956376 0.5999942633741578 0.030605669442296948 0.13819309051933099
0 0.5133879211007325 0.3828858715916964 0.039835246301110176 0.2044322094461272
0 0.4721347724814478 0.3058908859328063 0.023252865366343082 0.10550696076492518
0 0.5268815595012365 0.22976867072967821 0.017035664416978957 0.058893286656654935
0 0.5341588057114426 0.16394102174169975 0.01122085710404305 0.0276745255336592
0 0.6491506952617313 0.18380379737530386 0.02376340257974029 0.029416207457614477
0 0.6142753879139831 0.16913062407375498 0.02315742832275101 0.025357249685341664