0 0.394609375 0.7572099087353324 0.0488525390625 0.11489569752281617
0 0.514013671875 0.611929595827901 0.010537109375 0.2871838331160365
0 0.4311572265625 0.2886179921773142 0.036416015625 0.09732073011734028
0 0.47529296875 0.2907496740547588 0.04181640625 0.08940677966101696
0 0.450888671875 0.3969100391134289 0.014296875 0.10228161668839636
0 0.488642578125 0.4056779661016949 0.0510302734375 0.1030638852672751
0 0.53853515625 0.4003455019556714 0.041572265625 0.12589308996088658
0 0.694609375 0.33140156453715774 0.04443359375 0.08240547588005215
0 0.7158251953125 0.318155149934811 0.0138720703125 0.10767926988265972
0 0.7472998046875 0.3298044328552803 0.0463427734375 0.08682529335071708
0 0.7165673828125 0.3916753585397654 0.027900390625 0.06288787483702737
0 0.7211865234375 0.7633702737940026 0.031435546875 0.0023663624511082136
0 0.7093798828125 0.758800521512386 0.015810546875 0.023676662320730117
0 0.7386328125 0.8205084745762712 0.013876953125 0.10598435462842243
0 0.5099072265625 0.9608670143415906 0.0137353515625 0.019771838331160363
0 0.4435302734375 0.9461799217731421 0.01326171875 0.016277705345501953