0 0.039189453125 0.7506127770534551 0.027861328125 0.49878096479791395
0 0.128662109375 0.8348631029986963 0.0763916015625 0.13810299869621903
0 0.14330078125 0.7208735332464146 0.0142724609375 0.02391134289439374
0 0.1249658203125 0.5409322033898305 0.1141748046875 0.15894393741851368
0 0.1199951171875 0.6256649282920469 0.026171875 0.09932855280312908
0 0.0158349609375 0.06796610169491525 0.0211962890625 0.13428943937418514
0 0.1375048828125 0.016440677966101692 0.031201171875 0.02908735332464146
0 0.2579150390625 0.07565189048239895 0.0450439453125 0.01805084745762712
0 0.5285888671875 0.07677966101694915 0.42904296875 0.13601043024771836
0 0.788203125 0.02201434159061278 0.0581201171875 0.02647979139504563
0 0.8650537109375 0.038807040417209906 0.0146630859375 0.06648631029986962
0 0.60337890625 0.19962190352020862 0.409306640625 0.07352672750977836
0 0.5239013671875 0.4529856584093872 0.56826171875 0.11802477183833117
0 0.3505322265625 0.3872750977835724 0.0830810546875 0.025117340286831814
0 0.23833984375 0.4029986962190352 0.038759765625 0.01591264667535854
0 0.48830078125 0.6545827900912646 0.318876953125 0.09320730117340287
0 0.419931640625 0.8061799217731421 0.1398388671875 0.043305084745762716
0 0.5318701171875 0.717503259452412 0.0778564453125 0.08911342894393741
0 0.560673828125 0.9264276401564537 0.4482373046875 0.12115384615384615
0 0.324560546875 0.7825880052151238 0.0252685546875 0.43482398956975227
0 0.9084912109375 0.601251629726206 0.0363134765625 0.5386701434159061
0 0.83853515625 0.7315775749674055 0.0399755859375 0.5125619295958279