0 0.7939324297729349 0.6387622151216977 0.05085575371595492 0.06753689048008031
0 0.8551336730132957 0.7697999512122091 0.031049567493891553 0.04678730125838336
0 0.8855842129060189 0.7703991185375222 0.0495591455474108 0.06263664672715208
0 0.9452721113034213 0.9072911916209097 0.07190022723285144 0.11193042963223623
0 0.8071036911729013 0.9349341632005573 0.03081271477322905 0.09190804097202893
0 0.789892869879021 0.7899893841466088 0.03625408894928247 0.11637688802824937
0 0.7616881336504007 0.6287345442178806 0.039524769807498215 0.1192556443218049
0 0.6943667524041975 0.26665902333674935 0.09915017147506168 0.49324187164682437
0 0.6835287407008799 0.5412564850681509 0.051037369484476375 0.2695775683889043
0 0.7370990997097624 0.8740921112543201 0.043789504136124195 0.2304727334907434
0 0.7117898918642401 0.718481482933226 0.015544778467131929 0.03866839827346622
0 0.6162439009952926 0.13023546786697643 0.043946135323918396 0.22353481642423126
0 0.46309343111031714 0.11506185820204039 0.03916794876571951 0.07272789816980377
0 0.5175457416765019 0.2264500617182049 0.022534133087788653 0.0430512761306444
0 0.5230200881673531 0.17211932745790506 0.015930881271828075 0.02618338472458662
0 0.5488122884969316 0.1632009690065529 0.013967758911734999 0.0184853139491578
0 0.5807614110250924 0.23709308580154598 0.04199063671970957 0.0769812891932932
0 0.6184379156070108 0.29623620449462285 0.03546022533285698 0.061504218371380065
0 0.6712476259663892 0.3961177664831718 0.07108065107932618 0.1459246046727245
0 0.46500379380952983 0.8465435911054555 0.03515791328684704 0.06566049426960294
0 0.45251628609989347 0.9438301834691857 0.07679529819059638 0.11233963306162859
0 0.5854744669581092 0.9575534620841761 0.04069402855116569 0.07208104544036464
0 0.4978460608766953 0.5899869137714114 0.03534001435961661 0.06913754572996456
0 0.5086017024560496 0.4875679520252516 0.024930728796710374 0.02924018541446449
0 0.5055460949854013 0.4093666658755376 0.031508510727695574 0.03569310829364849
0 0.33088008003754765 0.10748169269916587 0.04911472186900359 0.09386536645356211
0 0.3202391742666443 0.2071271062041419 0.03344973242863152 0.06283029553868029
0 0.3054605196138057 0.396552993010895 0.024340624260087415 0.05768726397258546
0 0.35702943010907023 0.7501491613219288 0.10631067683890952 0.49970167735614235