0 0.06298828125 0.442496740547588 0.0354833984375 0.6451499348109517
0 0.15654296875 0.43097783572359843 0.146279296875 0.03739243807040417
0 0.1199267578125 0.42323337679269885 0.017861328125 0.1409322033898305
0 0.1542578125 0.3258735332464146 0.1363623046875 0.04039765319426336
0 0.107724609375 0.1591395045632334 0.0280029296875 0.3001238591916558
0 0.2616650390625 0.18310951760104302 0.0731103515625 0.03561277705345502
0 0.2779248046875 0.5519361147327249 0.030732421875 0.5858083441981747
0 0.5277783203125 0.4565058670143416 0.149296875 0.13159061277705347
0 0.5118310546875 0.5865319426336375 0.3695947265625 0.022659713168187743
0 0.567578125 0.1832529335071708 0.4843359375 0.02698174706649283
0 0.946689453125 0.1520078226857888 0.02701171875 0.2977640156453716
0 0.890703125 0.2363754889178618 0.075458984375 0.01258148631029987
0 0.8513037109375 0.27125162972620603 0.0496826171875 0.12114732724902216
0 0.840771484375 0.395625814863103 0.0564794921875 0.15564537157757496
0 0.8769921875 0.5342242503259452 0.0427001953125 0.5771577574967406
0 0.8391015625 0.6092307692307692 0.046455078125 0.14988917861799217
0 0.74568359375 0.5827640156453716 0.0991455078125 0.02207301173402868
0 0.717763671875 0.6842829204693612 0.0155224609375 0.11996740547588006
0 0.7440087890625 0.676916558018253 0.015576171875 0.10970013037809648
0 0.77353515625 0.6928422425032594 0.01224609375 0.06715123859191656
0 0.9478759765625 0.4229726205997393 0.104248046875 0.038135593220338986
0 0.933759765625 0.41628422425032596 0.0082861328125 0.14970664928292046
0 0.9503271484375 0.34739243807040415 0.099345703125 0.10001955671447198
0 0.9115869140625 0.8556714471968708 0.0236572265625 0.28866362451108213
0 0.9392724609375 0.9635397653194263 0.0172265625 0.07292698826597133
0 0.7935302734375 0.9531225554106909 0.0377783203125 0.09375488917861799
0 0.589814453125 0.9845241199478487 0.0609521484375 0.0181877444589309
0 0.64619140625 0.9853455019556714 0.0239794921875 0.015358539765319425
0 0.673828125 0.9881681877444589 0.0266650390625 0.01803780964797914
0 0.6772802734375 0.8721382007822686 0.0308984375 0.01168187744458931
0 0.46888671875 0.8029400260756193 0.02037109375 0.037385919165580185
0 0.543095703125 0.7552607561929595 0.008310546875 0.02089308996088657
0 0.652734375 0.7564471968709258 0.018076171875 0.023272490221642766
0 0.686845703125 0.7495371577574967 0.0139990234375 0.012874837027379401
0 0.117509765625 0.9682855280312906 0.0128515625 0.0634289439374185
0 0.65740234375 0.45877444589308997 0.091533203125 0.02363102998696219
0 0.5693896484375 0.32133637548891786 0.0561962890625 0.023820078226857888
0 0.6860888671875 0.32605606258148634 0.06083984375 0.017229465449804433
0 0.6296337890625 0.27870273794002604 0.1724169921875 0.011551499348109517
0 0.5742822265625 0.24367014341590615 0.039599609375 0.05097783572359844
0 0.574853515625 0.9333507170795307 0.0402490234375 0.0434354628422425
0 0.520048828125 0.9227183833116037 0.0099853515625 0.022809647979139504