0 0.8869921875 0.5585202086049543 0.011005859375 0.07800521512385919
0 0.478623046875 0.599393741851369 0.01724609375 0.801212516297262
0 0.5334423828125 0.543761408083442 0.0541064453125 0.04659713168187745
0 0.539150390625 0.24710560625814862 0.0598095703125 0.04582138200782269
0 0.448056640625 0.8198239895697522 0.1963427734375 0.35292046936114735
0 0.5291650390625 0.8127249022164277 0.0588623046875 0.04975880052151239
0 0.5943310546875 0.9246153846153845 0.0179443359375 0.14333767926988267
0 0.3500732421875 0.37420469361147324 0.0384326171875 0.1380638852672751
0 0.883779296875 0.40277053455019557 0.049775390625 0.13170143415906127
0 0.6015869140625 0.3467796610169492 0.0395849609375 0.10862451108213819
0 0.645703125 0.16091916558018252 0.03505859375 0.06398305084745763
0 0.8630859375 0.10410039113428944 0.07974609375 0.03290743155149935
0 0.4265380859375 0.18820078226857886 0.0224853515625 0.11854628422425033