0 0.10310685495655411 0.37215740415022347 0.11311883101333575 0.6695418232344306
0 0.10585867032071915 0.7718824325074853 0.028954635158302874 0.13179301186084255
0 0.12626353990972525 0.9177997465849377 0.07036713523626542 0.16440050683012475
0 0.38387411099501856 0.907242645611379 0.02967079640793782 0.18551470877724185
0 0.6424870428074007 0.8963063128089162 0.05802172275263505 0.20738737438216767
0 0.644136382240003 0.34678205839677556 0.11346447764811547 0.6276014178958025
0 0.37101659786897934 0.06626982464433742 0.01736872638507713 0.0718412409940605
0 0.3736190602149677 0.1502459806855417 0.012496564570635391 0.018765529932186283
0 0.37373383405589405 0.3335270257684593 0.03383323885136717 0.27385152409096175
0 0.38950572814062406 0.5561291963618819 0.016924458985168336 0.09279668030193818
0 0.3812462825225065 0.6663707022328386 0.01979744168964111 0.027120391822285806
0 0.39816387405146586 0.9666804649401644 0.01670324900924867 0.06663907011967121
0 0.3718407138825728 0.9901546066583872 0.0099471075033503 0.019690786683225638
0 0.6442212197134732 0.7002711435788684 0.013560219903119244 0.01809994569677237
0 0.6430428147296834 0.7299665251449684 0.011322304250191274 0.015807925761802927
0 0.6434267112482317 0.7619243999231649 0.009737881750261572 0.01716862095550375