0 0.869914134425733 0.9776291841823311 0.06367802205286092 0.03178704814807814
0 0.5651599717924825 0.9646969383126572 0.05699203207093741 0.051205941202638584
0 0.5216006957062054 0.9490403241187871 0.017850748958913934 0.032821840204153144
0 0.7265349768342527 0.9443189638749687 0.011588628480141002 0.029991649691127286
0 0.7094408896638948 0.7865882696044854 0.01321173087400543 0.0439119928687578
0 0.5842028516410291 0.6731622405639596 0.05699809231032375 0.052596761786783235
0 0.621902444704188 0.061235340834926835 0.05797915658312623 0.0386966475027928
0 0.7063415980985923 0.25460546483725066 0.028446192687479766 0.07393196301098164
0 0.21540337554693836 0.8439743061069866 0.017926501951244116 0.05020709750596121
0 0.255059731424112 0.4420532230263392 0.02172384126923781 0.08500593256067397
0 0.23210029582784233 0.31288087718619384 0.01961020673897238 0.0780356465250385
0 0.5295595880477839 0.2653670456584046 0.030696182603939567 0.11219571218987169
0 0.2365037851287314 0.00954715172900296 0.0177992369241295 0.01909430345800592
0 0.34197253512873144 0.009128413630648386 0.013111736924129503 0.018256827261296772
0 0.3287927941384538 0.031174512788099566 0.014710598360447946 0.029320514071423324
0 0.3166547198148429 0.05456583337263188 0.012593933710489343 0.021654817743715533
0 0.3047619115594326 0.07447807960743852 0.011555297163515851 0.022342136478331737
0 0.296498270979043 0.09053724878475097 0.007364389539303555 0.01674648791192863
0 0.28590754605696606 0.11043938057273744 0.01053484133470164 0.027201916965381875
0 0.45070758053105836 0.6968008173000584 0.04964885336948619 0.03932732533521618
0 0.19247016926621335 0.36221680484998947 0.04781701997068897 0.09703019646230655
0 0.7057320707421055 0.47332413903018034 0.04063140749328464 0.12131291578264508
0 0.7905991179383535 0.46605827932281896 0.018071947696518008 0.08358679152543301
0 0.7889016039850567 0.37531735065420097 0.02989657825883114 0.048213919540489834