0 0.19308153430026226 0.018501439496392824 0.0644341083810173 0.03700287899278565
0 0.16628709551546128 0.1117836193126246 0.06778876148984239 0.1730046960043157
0 0.13663976873474015 0.264775539624396 0.06145367373224969 0.15615250191597432
0 0.10432330167741029 0.4406610114096617 0.07357515161448708 0.21446083899359109
0 0.06713745355273783 0.6532671820628018 0.07756492595697469 0.22327455407220625
0 0.25526272640818093 0.7089751058554908 0.04754138953576545 0.04058092189752016
0 0.2852055511287926 0.6917515539856518 0.01635981764457226 0.028749987313268895
0 0.3164416921149877 0.4036568714607565 0.04918585046314781 0.041356157966409034
0 0.345522795291237 0.3886325318282604 0.017972685707417786 0.02807594801983893
0 0.38257146900767236 0.16987537394988683 0.032208339988643475 0.05893238385961359
0 0.37337859733977363 0.021553275473196253 0.025456735524160508 0.043106550946392506
0 0.37717545298432237 0.10631808462339731 0.06554984560416839 0.12007241302119168
0 0.541801115945433 0.053591073103598744 0.035242886955651025 0.10718214620719749
0 0.570943316102532 0.05659036619647312 0.036824162153959714 0.11318073239294624
0 0.6151229702990689 0.1785818334900798 0.1335323417776806 0.3517390289409341
0 0.531313100904902 0.5638972399476323 0.16104842296465177 0.46918153755278597
0 0.4563328828042523 0.8801443739502571 0.1028437232297338 0.21319769692924334
0 0.48216409842964564 0.964429128895088 0.019295408521520858 0.038979245495716644
0 0.8071669335517917 0.22873691176937105 0.037690420403739135 0.03665414316534625
0 0.975885047665135 0.15433924541175414 0.04203770322049123 0.08675533994080516
0 0.9517497621925842 0.25357304828378313 0.0533635500213952 0.13345260799062808
0 0.9240491173005706 0.36703848271387984 0.04862553389437945 0.11520173692769733
0 0.8996976752584406 0.46374448676647245 0.044525184526012576 0.10131555808096615
0 0.879119850989219 0.5491089769210135 0.04208509251729667 0.0889292529842835
0 0.8549687690843999 0.6490674174742019 0.04948435070478679 0.12971135668012887
0 0.8300586424449635 0.7465149253371972 0.03887515282387409 0.09100196925230286
0 0.799143064377348 0.8705803698549427 0.061353085670728766 0.1764254908591949
0 0.7802994861469404 0.9634945242093067 0.02222101243411093 0.02386305096682773
0 0.5187545115369135 0.15695475640056303 0.01996466814470657 0.04479321307423513
0 0.4949093713131055 0.26776589604189965 0.022736485231060297 0.07239690947526568
0 0.47435024821010735 0.36471615603036983 0.026789445302621732 0.08410917527851852
0 0.44315323909561444 0.5141354863240736 0.023680093670719986 0.06590890260331732
0 0.38583976502137163 0.7914539732187114 0.08071422544630974 0.3428566375927535
0 0.26635152915726445 0.9095813776938 0.01520504611751226 0.05043851936032205
0 0.2793442587714604 0.9232985923099514 0.01647039267045149 0.03382245108138467
0 0.8326226579546343 0.6164508946337027 0.0106150073488229 0.014088572397648918
0 0.8263217085865647 0.5073004628465207 0.01118948837839786 0.015554713889210965
0 0.8185658554783344 0.39022961495431474 0.011748172975704341 0.01629621769961359