0 0.8243445114602268 0.932561582436672 0.06688000985764342 0.03382771110349679
0 0.9551436136787004 0.8017703674676367 0.04183326315452532 0.27758985464068947
0 0.7104011825313201 0.9367506456214744 0.06459788217161205 0.02862024516567689
0 0.7569781737129782 0.9016523479748912 0.025061824717448774 0.030504281655542573
0 0.7822990075913947 0.7846551150480757 0.024474092780591778 0.152765546516929
0 0.850735782013213 0.7167188071164474 0.09067231052570464 0.030964908883279876
0 0.8769678154810214 0.5703568728314625 0.06841389575914655 0.029581136643817747
0 0.9343298540467694 0.4633080043694361 0.03697723056225863 0.3532718046533177
0 0.9768626969265245 0.24067248659837184 0.02694160015739632 0.11673616571351358
0 0.9290632117833157 0.17019306132144807 0.1347335890480216 0.1371868890558717
0 0.9798573936038921 0.05567970501741939 0.024748441597065633 0.11135941003483878
0 0.8367040445156023 0.19149348840756644 0.0467341395186115 0.07961288922424864
0 0.8941312599908547 0.2928533925088329 0.07589631360442739 0.12412154061880146
0 0.8369089413583302 0.28157587754221064 0.04213411378556398 0.017816183071142463
0 0.8785988303655349 0.9183338382479033 0.03815432640743474 0.03421284539840203
0 0.6211747023349423 0.8019085276889506 0.03513322548329611 0.3184216948728135
0 0.6669236535849989 0.7426192440795918 0.02912059425692041 0.017730807734080267
0 0.7333139740423199 0.7312553010920372 0.032983997141260345 0.020865612255699384
0 0.7616097923105627 0.8384063664594663 0.01821961915580325 0.06481438275723188
0 0.6912305134964851 0.8959704301839865 0.05757192889065499 0.029630763476459016
0 0.6410749119880819 0.8216573751016024 0.04236035488729509 0.27689896750195586
0 0.5167035873725877 0.9560290908079038 0.17363942118290834 0.031780915787486805
0 0.5107938280915437 0.7794626875280917 0.029266221225847242 0.3477268332912392
0 0.48308319623517176 0.9190418154693399 0.24848318329325833 0.0827478011516128
0 0.3043624149117898 0.9352182076955786 0.10116094641637983 0.03957718368212583
0 0.18425821575700574 0.8489715000312623 0.061650672358843306 0.06751442615130449
0 0.13217962700829775 0.8131317431351793 0.02565210217929218 0.03271194524144666
0 0.09329239847184126 0.955576670239637 0.06191503421095906 0.029900767815866276
0 0.15327364249240627 0.9522095541421541 0.02971087171876379 0.019938471319984354
0 0.017255254054489997 0.8487333556780311 0.034510508108979994 0.23780228326177297
0 0.33149947929211127 0.5981167476796418 0.45882202714344045 0.15661132520297746
0 0.533340037717445 0.441561150601036 0.027952571822578254 0.16311297730771648
0 0.6548513921066157 0.4010806404185185 0.05534717746578734 0.05192577888027159
0 0.63905606852726 0.4541658181074962 0.12742493195769405 0.050617499573641526
0 0.6925547042086682 0.35025175416708876 0.018166420391087613 0.08724440033074825
0 0.4858003777209349 0.32185698881891045 0.362014173011723 0.14263271415841278
0 0.657832837876701 0.09365279265618968 0.03134044976740193 0.18730558531237937
0 0.4649661873835251 0.13355444130673394 0.32051772598480777 0.12919810771665274
0 0.44337540026869077 0.05650425696297792 0.0757383492817426 0.11300851392595584
0 0.49665869536625046 0.0017409887693090001 0.0577140967810713 0.0034819775386180003
0 0.8550176262792852 0.0850630647973066 0.019526545537637722 0.07502681137831574
0 0.09371756287500815 0.15640061528895152 0.05360721952685667 0.31280123057790304
0 0.011750980141865978 0.23192474767755056 0.01659676412859927 0.040109200512959936