0 0.22126953125 0.01891786179921773 0.0097509765625 0.03423076923076923
0 0.24294921875 0.03528031290743155 0.01783203125 0.05443285528031291
0 0.2233349609375 0.15340938722294656 0.0117919921875 0.04005215123859192
0 0.4110888671875 0.025827900912646674 0.0300634765625 0.051649282920469365
0 0.46919921875 0.1233116036505867 0.0072607421875 0.009641460234680573
0 0.483427734375 0.10112777053455019 0.0101416015625 0.20211212516297264
0 0.494365234375 0.1271186440677966 0.006982421875 0.042685788787483706
0 0.49599609375 0.1748826597131682 0.0071630859375 0.04122555410691004
0 0.5377587890625 0.18144719687092567 0.0145166015625 0.014289439374185139
0 0.4810400390625 0.305 0.0098681640625 0.038878748370273795
0 0.51162109375 0.29214471968709255 0.0118310546875 0.01955019556714472
0 0.4631396484375 0.2914471968709257 0.0130224609375 0.03063233376792699
0 0.478671875 0.6636766623207302 0.007705078125 0.6726531942633637
0 0.4920068359375 0.8965058670143417 0.018955078125 0.0196870925684485
0 0.526064453125 0.9182594524119947 0.0270166015625 0.033572359843546284
0 0.6149462890625 0.9729726205997392 0.006298828125 0.005932203389830509
0 0.5827587890625 0.9971968709256845 0.0050439453125 0.00500651890482399
0 0.5260107421875 0.984921773142112 0.0064501953125 0.0077574967405475885
0 0.414111328125 0.9384876140808345 0.0146044921875 0.032353324641460235
0 0.23681640625 0.9591199478487614 0.0110498046875 0.012829204693611472
0 0.2772119140625 0.6710951760104302 0.0111181640625 0.0240612777053455
0 0.7070947265625 0.15945893089960889 0.0067626953125 0.011153846153846153
0 0.7085302734375 0.14071707953063886 0.0059765625 0.006975228161668839
0 0.76037109375 0.02349413298565841 0.00681640625 0.04699478487614081