0 0.21537328094302555 0.45567988585320707 0.08300589390962672 0.4088376292977624
0 0.4864931237721022 0.9291348507388917 0.04273084479371316 0.13731649957280703
0 0.17460707269155207 0.7955344134824036 0.03732809430255403 0.11801884842391547
0 0.21095284872298625 0.9966405526471078 0.018172888015717092 0.006718894705784425
0 0.38629666011787817 0.8381699994786428 0.02504911591355599 0.04264619315582246
0 0.393664047151277 0.7497762925084371 0.028978388998035363 0.05531065909325052
0 0.5756385068762279 0.08371909600621832 0.027996070726915522 0.06312095152108217
0 0.5822691552062869 0.6584570270986951 0.030451866404715127 0.18907359528767587
0 0.6559430255402751 0.7066955799392335 0.026522593320235755 0.0899084740422532
0 0.5179273084479371 0.9334649950142011 0.036345776031434185 0.10748051699853632
0 0.7170923379174853 0.9724708002909825 0.03831041257367387 0.05123083646790566
0 0.3754911591355599 0.08463367490038785 0.026031434184675836 0.03221466874896053