0 0.8287907293751189 0.9314961654787001 0.06484501935044674 0.09865535155696352
0 0.8538634559347235 0.8330691949948447 0.056620971429606114 0.12432196966620862
0 0.7222878196671373 0.5321263801720265 0.05435553203657651 0.09771192407545011
0 0.7157657594657065 0.49139428118003986 0.04976980387435258 0.042393930796030994
0 0.7686752897319754 0.17881217764761848 0.054451929935230604 0.061372700390034944
0 0.665219734646247 0.7536023216845896 0.06962852558169089 0.04145917028363392
0 0.5957449474752312 0.8492206771466958 0.028671165950857676 0.11598272600103691
0 0.4380992980431472 0.9350137920303885 0.053095664539906176 0.10956341694623006
0 0.4010179388009791 0.9323839386107405 0.046088267438121326 0.10171242684548376
0 0.5282347733027327 0.7896431027204894 0.06673151757569823 0.29088980582999197
0 0.47316123929796355 0.6546465763372448 0.03980387676990643 0.04146270965362813
0 0.44131548215003613 0.6518946595264904 0.017503534842492993 0.029061931522869122
0 0.5576356072108313 0.5957188645952011 0.03177429280149988 0.054554121514571036
0 0.5874195526745223 0.4171609323458624 0.05133385626945186 0.2423084864222564
0 0.6378567128192145 0.1290970754758527 0.053373247730983 0.24025940968079687
0 0.20627433735012954 0.7359978091020547 0.19613400854209 0.4371759705731893
0 0.2743280784967293 0.1843970089935636 0.08484004151746734 0.18298645100280928