0 0.9611767578125 0.6699543676662321 0.0776416015625 0.1561929595827901
0 0.8448046875 0.062411994784876135 0.0207958984375 0.11942633637548891
0 0.73 0.17204041720990876 0.04646484375 0.1641199478487614
0 0.4255029296875 0.3738200782268579 0.012626953125 0.20191003911342895
0 0.425390625 0.6044850065189048 0.0132861328125 0.21852672750977836
0 0.4218896484375 0.7688917861799218 0.0125048828125 0.05688396349413299
0 0.4208349609375 0.9081486310299869 0.0126318359375 0.1837027379400261
0 0.4809033203125 0.8439700130378097 0.06427734375 0.04390482398956975
0 0.53884765625 0.8519687092568449 0.0198583984375 0.02042372881355932
0 0.1136474609375 0.9304889178617991 0.0278955078125 0.13902216427640157
0 0.2408349609375 0.6403324641460234 0.0140966796875 0.04142112125162972
0 0.2803271484375 0.6828031290743156 0.0197119140625 0.036016949152542374
0 0.294404296875 0.7618057366362451 0.0380078125 0.028435462842242503
0 0.2866650390625 0.3983116036505867 0.0466064453125 0.027359843546284224
0 0.3131103515625 0.3791851368970013 0.01310546875 0.019465449804432856
0 0.3326904296875 0.9563559322033898 0.0256103515625 0.08728813559322034
0 0.3566015625 0.973748370273794 0.007216796875 0.052503259452412
0 0.088076171875 0.019941329856584093 0.0273779296875 0.03333767926988266
0 0.1453173828125 0.12932855280312908 0.0197216796875 0.12533246414602348
0 0.4275439453125 0.025821382007822684 0.0123486328125 0.04720338983050847
0 0.4896923828125 0.034595827900912646 0.0265283203125 0.06413298565840939
0 0.5612158203125 0.0889308996088657 0.0259228515625 0.08151238591916558
0 0.806767578125 0.8667470664928292 0.0270654296875 0.1028748370273794
0 0.687490234375 0.7269882659713168 0.0360498046875 0.08473924380704043