0 0.8499859088589989 0.7570392751210824 0.08396320913837921 0.4736856013658812
0 0.8531616127761373 0.40477518407310326 0.05327074691104666 0.22936749199707163
0 0.8482832697291384 0.16230450974827615 0.07267190496308445 0.2515197903967927
0 0.5807743954124627 0.6566239947583876 0.08994545333320206 0.6786214532783684
0 0.6064343147102794 0.12256174331554617 0.033757263676528565 0.2305909599937592
0 0.5958654051151068 0.27984446647156824 0.05950101565931019 0.08640587582489274
0 0.6525696503896472 0.4778825037260106 0.021728565672639324 0.04210928154238456
0 0.646010808795581 0.5601455977881895 0.013981962484154065 0.015234706722891912
0 0.3844007016673983 0.9488162191935462 0.048880706103298616 0.06500935672832595
0 0.39284788677021654 0.7571516024644267 0.0753727443667541 0.3072321823017522
0 0.4067040585844777 0.5523735709878341 0.05190319388893222 0.14203824256051303
0 0.4144094706685651 0.42056789991130467 0.049737705256846794 0.12620780687314528
0 0.42258569599298906 0.22856140485681076 0.05646829125560494 0.23214253118473716
0 0.3108648453252964 0.8403447598466228 0.07253916206772243 0.23501760183407683
0 0.32740910241308363 0.605619249880634 0.07307889202944276 0.2487727600183958
0 0.34427829227543716 0.3726111340584516 0.07037148384056889 0.23225056516334502
0 0.35927337099698115 0.16404043093500384 0.06555256001578164 0.2012734504393583
0 0.3711657137959025 0.035448624668922644 0.04923153057841677 0.07089724933784529
0 0.5752625810177114 0.555535585879043 0.024728446150323206 0.09232361143208333
0 0.5934318854185948 0.16531676955324373 0.020258157205585867 0.08335074854454028