0 0.5630781832890508 0.5178509305509212 0.14744878363649078 0.9642981388981574
0 0.6306404665421768 0.9807283955300646 0.01943244376932281 0.03139990850638012
0 0.6207053497764747 0.8695497573327081 0.007791709500157319 0.013419562256420374
0 0.5673978305175167 0.8378398849702829 0.008312580193162396 0.012740771267367706
0 0.3116382906476985 0.7517872129314445 0.01705237111718889 0.020504757276342423
0 0.31669170399584556 0.8034367039498939 0.020228553447522564 0.0679328597957784
0 0.3230579695239648 0.868809134322103 0.016270258722683093 0.058357749154673906
0 0.346170598582318 0.8560779957974104 0.020333695212121257 0.023595335124263976
0 0.34384148410248727 0.8150218019036437 0.012114774981099958 0.015152558126237245
0 0.7133974659427075 0.6719287542467914 0.013010285522669666 0.03166574421454864
0 0.7148594194177346 0.7157939655696952 0.013275655415402876 0.04384339464434823
0 0.8415156914588909 0.7225047362794357 0.007161568851320821 0.009084026597907921
0 0.8492428968886713 0.7377526708705857 0.012161604962170567 0.017301555260907733
0 0.8436312005732898 0.7610349961548345 0.007729269525396751 0.010554232743526066
0 0.844152877621293 0.7987362994844961 0.009432371547623563 0.014964851180380826
0 0.8504834400014213 0.7794501143642334 0.009953242240628638 0.014286060191328484
0 0.8515337927392747 0.8175471252721781 0.013203346348180718 0.01594397328280305