0 0.3444612591925148 0.9079522575961879 0.05716927444427554 0.048434060217160506
0 0.33144444953370805 0.6178846870947574 0.05533299964061019 0.05096173642911201
0 0.3198653042174927 0.3523389267557804 0.052934111991985756 0.052145047109071085
0 0.30657621923893225 0.22807682194512396 0.022697842191895346 0.038676791078857194
0 0.311720717946932 0.1629533793044622 0.040225242150629566 0.03503178949276946
0 0.30578891581364254 0.09194246750439238 0.043048683785489386 0.032557798231495724
0 0.33243035160358514 0.0983460938728116 0.036659619171828736 0.07030964479368611
0 0.16429789383788823 0.7990586788574289 0.04585475308470711 0.07672166310472658
0 0.19643101165978794 0.8612545956860556 0.030312064198426525 0.07127821567093408
0 0.22438073910141926 0.9182682187741819 0.033204535262648084 0.07012174746631394
0 0.2503268068710131 0.9740496319968666 0.030460500467214706 0.051900736006266976
0 0.22201544634106316 0.5382724285960537 0.025821538848818763 0.05132747249375986
0 0.23835366490724813 0.5051380629097232 0.025938842887413202 0.07235415644953783
0 0.25377374607160047 0.47063248921606116 0.021206714535039167 0.04779208257407609
0 0.2681842143423856 0.43177785939992835 0.017796522750603914 0.03906712785379519
0 0.2810794176516981 0.3935014636861056 0.020150518274482842 0.04642087456674501
0 0.21665517317715693 0.5838952999627293 0.02346754332493989 0.04397372578081003
0 0.47860514577645946 0.06236303380036474 0.02570423481022427 0.030300788537981637
0 0.5010424363660045 0.04508535868445687 0.022684082297343693 0.019626391708059326
0 0.5344628610628608 0.04492094118485062 0.019860640662483765 0.02210038296933308
0 0.1400316348728799 0.27021913857794067 0.018735414972565805 0.01941165190534836
0 0.799250102056135 0.9525041294214404 0.028268701106675613 0.06985332271292542
0 0.8126630260856611 0.9043463107827164 0.020450773296546387 0.06154554724292107
0 0.8187878116775794 0.848855437728809 0.0195084985900972 0.05295480489933458
0 0.8277981883864437 0.804422027219665 0.018221076736839405 0.03777644727248064
0 0.8340990450145553 0.764465735032114 0.01955339071484293 0.04441774750642568
0 0.851564180512902 0.7145463716111208 0.02041287609737816 0.03264056742256094
0 0.8296151696556202 0.6799904756143542 0.018704282742371948 0.04699910866905508
0 0.8154288170736578 0.6200918321922498 0.023536572754301637 0.04529124883746352
0 0.7975787160304874 0.6253971588368239 0.027485240079079525 0.04550598864017462
0 0.7721004031296308 0.587346136633382 0.031295848545133696 0.04308568232957858
0 0.7510815983264899 0.5492073159438267 0.027267774380929713 0.05074923839144964
0 0.7293793791770069 0.5146648411847294 0.028496544214890344 0.0554142540404146
0 0.706041093564668 0.48300626587708606 0.026039004546968857 0.046084222742484686
0 0.6857454065275826 0.44523708966470227 0.021917763648786216 0.042575675298140006
0 0.6648922953505704 0.4133833459695899 0.022870415765299874 0.04197059872049085
0 0.6366026094671623 0.36758209010068776 0.01829010616620126 0.03909397032913413
0 0.649582523299235 0.3890980887901382 0.013996291694614095 0.03229161524315573
0 0.769923824949284 0.4541091028817736 0.05724506884261176 0.10624401985788076
0 0.7391712957146206 0.365562724920077 0.04322802232786828 0.09234404245719634
0 0.7187702583129473 0.2967378082126502 0.025027700411157813 0.036175957342244554
0 0.7011719077260045 0.21220998472673702 0.0369598741938924 0.08543431746986238
0 0.6758402248733911 0.1477413952018781 0.04252735062418548 0.088364630811897
0 0.6869077245685576 0.08294006226528283 0.02057507226071822 0.04513019398543031
0 0.695279579055825 0.05069374003018371 0.01615357634047226 0.026496973864909318
0 0.8020683215536825 0.22793691709794014 0.020778778064316602 0.020836544863357325
0 0.5038709851598752 0.7280091112865806 0.04583399826457795 0.09511330094719789
0 0.583527516045172 0.634236238106229 0.0534137055564282 0.1270559640109478