0 0.45903621285012286 0.9725071764704383 0.052338001318110845 0.011178503307677784
0 0.434385973040695 0.6861669676844261 0.04660706225595265 0.044885242244856585
0 0.4237288175531836 0.4053345528793201 0.05715106291500807 0.0496244199578526
0 0.4087343305447414 0.13623143007566038 0.05450445158421182 0.048091920383567396
0 0.360070474473995 0.00209512067189159 0.030218058301619877 0.00419024134378318
0 0.32966848155884115 0.04127248996745727 0.016994726615925278 0.02869482142176407
0 0.2915371055764548 0.12519339153214715 0.034531508897248625 0.05811338893362858
0 0.24633601121633633 0.23387869028978983 0.03428656588075765 0.06712538693254068
0 0.24346788309201978 0.3022980889941444 0.035137231558841124 0.06092336589994588
0 0.27210044666608335 0.35158957881796266 0.023030730899785586 0.05609918079286566
0 0.29892159093725834 0.3842620611271154 0.0281753972369246 0.05429630789692965
0 0.32239401452400723 0.4268686381114774 0.016622449607045436 0.033534357668242205
0 0.3396385466405667 0.45344476701044895 0.015304892623536404 0.024437352275245815
0 0.3537474675910938 0.47984320555155296 0.01297661627371222 0.033336007082045455
0 0.3700776670333754 0.5106484677990146 0.015729339264832377 0.03834555811669227
0 0.38708300481533303 0.5379341748890726 0.017334283928961962 0.03982138609492128
0 0.4039764822550776 0.5701019219226507 0.016771005931499043 0.03840222971274846
0 0.4234741263614888 0.6021279899660885 0.020214340912470992 0.04900339888200188
0 0.4406656026478863 0.6269655931348792 0.014433004613388197 0.029943963015768207
0 0.45665049609524205 0.6550033821130656 0.014932615614656678 0.029276888521723898
0 0.4718223060445006 0.6820405593501857 0.012286004283860426 0.027744388947438855
0 0.48942275532201834 0.7117318666644686 0.019247838605776953 0.03437144695045492
0 0.5025642877681056 0.7406209128238821 0.01395461594418445 0.03130644780188483
0 0.516630764054503 0.7656285307808413 0.045800613637490294 0.018459651146108164
0 0.3009173299352606 0.8428414618113863 0.01428267589344306 0.05909452368674941
0 0.2767379345107385 0.8027113245463195 0.06426322595686974 0.027100917289887467
0 0.28873034772975775 0.9563480030679457 0.024199731558841128 0.06032831414135563
0 0.4415679600491372 0.9556951274585073 0.023456949936573088 0.03598895391882465
0 0.4556861744725366 0.9054709227805293 0.012137447959406819 0.022876516902932596
0 0.46570536551186126 0.8833323198667112 0.01215867029147167 0.023571927195004918
0 0.47617111172229243 0.858731445132612 0.013763614955601255 0.02504775517323393
0 0.48654135743843197 0.831001224084187 0.013348893282591945 0.02849647083556721
0 0.5012219636615485 0.7992053921461256 0.021394838935304604 0.036571021018784594
0 0.5391946036488631 0.8041051497098114 0.027548452243267244 0.05079092063854018
0 0.562130720252103 0.8376855607962473 0.017855117262295293 0.039849721892949455
0 0.5793115853724681 0.8621754588190019 0.013869726615925278 0.028524806633595544
0 0.5917943393268009 0.8865726738779733 0.01139289394164725 0.03255558939588876
0 0.6047660931163696 0.9098984377008079 0.016728561267369456 0.03701140912860382
0 0.609259933534549 0.9545823867513042 0.03192911462607337 0.0239532772280004
0 0.5749698228628082 0.9592341905894483 0.012052558631147766 0.020094875734643303
0 0.5727405917982586 0.9032819978756543 0.01512361660323999 0.035535581150374806
0 0.5373761179709255 0.7188748852339097 0.02809050790866555 0.051514666728640204
0 0.5565377495552831 0.6715108367889905 0.0220854509251564 0.04216263915339119
0 0.572255159960923 0.6309515367049546 0.019151451913739473 0.04825131699387336
0 0.5867929585414751 0.585928741318505 0.028208116932767525 0.03833020697729441
0 0.7876661874517007 0.441259828716561 0.059093746082848495 0.5051618482026499
0 0.7593881769316009 0.7283898901262085 0.07161855961973083 0.02958384933849762
0 0.8232013029263808 0.8193026963327202 0.023646178529664753 0.07626607926296301
0 0.8099938995931933 0.7284229588857719 0.012137447959406699 0.022876516902932596
0 0.515018822636076 0.08029637885463604 0.01502722991120251 0.04941545119379324
0 0.5437645874524298 0.011683300554436327 0.029195841571526417 0.023366601108872655
0 0.5406090716474928 0.0726350642235941 0.0263794515842117 0.04656178729004986
0 0.5651182994167651 0.10647817306198182 0.023445452572795015 0.05265046513053215
0 0.5872625548539726 0.13975338269942364 0.022361341241998883 0.051202972950331306
0 0.6061969209629208 0.1704169659567448 0.015272172927693362 0.04040345319488114
0 0.620741785918522 0.19400542753153144 0.017588951913739475 0.04816630959978915
0 0.6383585950439612 0.2156853485879686 0.0190028955892861 0.043383444949367106
0 0.6556880164887798 0.24504311865522943 0.01356111660323999 0.03545057375629059
0 0.6691275477815201 0.26660202094985525 0.01403950527244362 0.03408808897017405
0 0.6849426625723575 0.2890765275914631 0.018312283599434192 0.0377918268147605
0 0.7157151601008995 0.2717296481381497 0.026985174245804443 0.049371764256367204
0 0.694209778516542 0.31922120767419565 0.027463562915008073 0.048009279470250736
0 0.6744212019385268 0.36313654045678156 0.02095889493023056 0.03932432638904555
0 0.6622329020398641 0.39967273334822284 0.01254067226863782 0.036089312452306725
0 0.6503107674897568 0.42783566693676806 0.017237897236924482 0.05370125613833956
0 0.6364220224326727 0.4599367003238235 0.019491009226776157 0.05937788166703052
0 0.6224214170333755 0.4969197736543992 0.016759508567720852 0.055063740924456185
0 0.6122421723058191 0.5309086873314749 0.01494234058294334 0.04663381002550395
0 0.6033070925972908 0.5543814392333816 0.011275284917545036 0.045740049147234875