0 0.23045069610421134 0.28390443571258067 0.09220932217752668 0.5477436965034846
0 0.23374021396714434 0.6597372793316367 0.051916823092592594 0.21277991116770711
0 0.2726192382077838 0.7973630015903178 0.025886452796771032 0.028167709850819636
0 0.2447343741004905 0.9413040831872688 0.04823803385840758 0.10485796739544358
0 0.7401661025973406 0.43377483913372245 0.12434367033433145 0.7663082512578411
0 0.6754620499609164 0.057344160666697265 0.016802685009865804 0.020125965064990883
0 0.672039045470773 0.19678445142670994 0.03413409752089319 0.21730113488520753
0 0.670737814904859 0.4025513444450812 0.013447761886894007 0.07277506021409082
0 0.5335149485052084 0.8664516759626245 0.03580998077376863 0.05546667609469496
0 0.5001769620749332 0.8382214972502616 0.021162080962368372 0.025852220237284902
0 0.5339863359411354 0.653435300910165 0.03495498461095186 0.07120103604469986
0 0.4977536954884889 0.6295074046837812 0.02439147917623518 0.05278687464599027
0 0.5940507756133183 0.6937549505687349 0.02134202957453094 0.029978767692580635
0 0.5344480465720012 0.39307572607108765 0.025496564137085252 0.019226857031012207
0 0.5441234077913193 0.15551666707866124 0.00523422623553019 0.014007374070206143
0 0.4929971366216815 0.21414249327846804 0.015892304123814538 0.09349186945253196
0 0.4976898352354142 0.4631184475214028 0.02522616070875283 0.08370795657338728
0 0.48026182475376655 0.8704147603734234 0.022701801480900636 0.037600152668597536