0 0.6593998275159091 0.5693935416043953 0.0871365662480075 0.8612129167912096
0 0.6352481316716642 0.976787583451533 0.09023440364223925 0.04642483309693395
0 0.6111288529502704 0.6685154259313928 0.06104584743212992 0.07166842428030956
0 0.780877690889126 0.12040145369198346 0.06497426589842352 0.11272889316202728
0 0.5186461090159918 0.13654421179957468 0.05068602657335912 0.11793645862195543
0 0.5029656694788978 0.06982923024493505 0.024171682305434934 0.05565292427978064
0 0.2389338277190402 0.07081424674834365 0.0508964342106325 0.07222890040943873
0 0.3076333831160626 0.34068628760123687 0.05956939049260759 0.04082022735210364
0 0.22716720150084102 0.32522755170550116 0.05774677842599026 0.3493118167881445
0 0.38778573111055725 0.8005026740706194 0.22949436939833992 0.3989946518587613
0 0.25524993475591307 0.9546249105126605 0.03229266383572444 0.09075017897467898
0 0.7536523832822094 0.5696118098876635 0.016090769314008626 0.07139409434539024
0 0.5440351122306051 0.25838902406813513 0.021401839220532785 0.052558071443908304
0 0.8057178305636242 0.9780755280318933 0.07037277545637344 0.04384894393621332
0 0.45633460893216743 0.5055904866067809 0.1474756895115151 0.2562504584336838