0 0.5479153481553384 0.8229553845972843 0.029922053880184075 0.13786440949926138
0 0.8457503421192624 0.9484458372543451 0.025403933038925706 0.10310832549130983
0 0.6322699511681912 0.8231423946599506 0.03550589450244479 0.06801327842881925
0 0.7032345652819386 0.654164650629208 0.0331847644973556 0.042506200653911995
0 0.34436465961724233 0.9112167956539247 0.016104541269268302 0.10641501080190029
0 0.32200400325380185 0.6671701561636104 0.01969159539961003 0.038547106613883414
0 0.32873659221180446 0.7361260524869575 0.01459559575675881 0.023236327209380767
0 0.36333635610257486 0.5468441520170286 0.02282315758041786 0.040042692700149735
0 0.32803677610937637 0.5530286809383096 0.014679523413946042 0.025987358846244906
0 0.43283616745647385 0.35514037941520105 0.04068582180248325 0.08607508947018588
0 0.47178269224040625 0.24090413789503431 0.02429364389805563 0.05452563221629621