0 0.4539981839948653 0.05418700249378384 0.06176084167620904 0.0420731515259803
0 0.4225109392240348 0.3691084981034931 0.05911099108420219 0.04930288990507474
0 0.40592363113610763 0.6616450208042999 0.03726761266925991 0.03698818981719408
0 0.4396275505632537 0.6782645938700961 0.03150740056565889 0.042651996751296564
0 0.433093573690512 0.7884955737963988 0.022034620363310792 0.03524784247044774
0 0.44677509284230976 0.8573601641182009 0.04560682753108493 0.022741464531060806
0 0.3627440499547514 0.9231202229704594 0.045103713505538344 0.05169299963448933
0 0.23345982866946158 0.7558477520128506 0.03379930438710634 0.09606714710360852
0 0.26136416846024546 0.6016149396935262 0.015980366148089273 0.044935730744683405
0 0.24403130601803266 0.2286111751481808 0.031390478038495116 0.0500590280237709
0 0.2703966772319781 0.186317108514855 0.023649998176400767 0.04682078939775895
0 0.29132424118887845 0.15077265095268588 0.021223341862231914 0.04867326646378384
0 0.309600218760061 0.12217282464439115 0.01877191240766148 0.04041235231146166
0 0.332919015114239 0.08951201992147455 0.026689511854212318 0.047033540869814615
0 0.3547658651166033 0.050976095288212425 0.01877191240766148 0.04041235231146168
0 0.3766163047135015 0.031793902426645905 0.023869720866816643 0.012456534402584502
0 0.5008857159293956 0.06663634441730505 0.040144129126526415 0.05336818380713468
0 0.41437862276694537 0.9420134605589537 0.03069265047715789 0.02709042706252796
0 0.4695768888212533 0.9122631362790897 0.043456383362979 0.0684304564028147
0 0.6839298613462164 0.9065552033143807 0.06445676696159681 0.026083201901475225
0 0.7315790074939104 0.9044578605288358 0.014846800807566308 0.02328485117770115
0 0.7245862554952923 0.9814574270963042 0.022983886930309134 0.03708514580739144
0 0.7547983572651463 0.7668738585311468 0.023168185703833756 0.05689872203743015
0 0.815785871887694 0.30122660555981995 0.024507115356636914 0.12103293643720532
0 0.7407173159878692 0.29291635168733576 0.020043701828327792 0.035782598142212164
0 0.7235076455179609 0.3205722101732801 0.013468739636225774 0.02588483538754597
0 0.7059153731442035 0.3458245451279098 0.021811426085473026 0.04062510378351732
0 0.6875100864756563 0.37203857719422784 0.016320482953090926 0.032151438159139484
0 0.6682740735538735 0.3995526013654684 0.019937430077653806 0.033752828182807566
0 0.6353992625933641 0.44478638569768597 0.014060295446888778 0.04682366638938423
0 0.6497749017048531 0.4227042492033417 0.016685372898494047 0.02948053679194255
0 0.7307613415405789 0.4490845335361242 0.01939542054779373 0.03304077961766334
0 0.7144408585874881 0.47917937413205913 0.011584092851916878 0.028449361018715074
0 0.6999181984201888 0.4992140113776609 0.016072515534851468 0.027415308253862083
0 0.6840351890399948 0.5160976179481279 0.014942421781750623 0.03475142236898438
0 0.6679502869349424 0.5465484828266349 0.015565929921882877 0.027379849675186217
0 0.6482785362339737 0.5726738684462632 0.02315406333992208 0.037348529587204075
0 0.6271454899576812 0.6024318525447766 0.020727407025753108 0.03920100665322904
0 0.6093176367358853 0.6273281632168343 0.016309832176601254 0.041588239391018425
0 0.5908007529284192 0.6508181060479417 0.022353435615332873 0.04133715234866154
0 0.5703744491962426 0.6816441629941713 0.020408591773730913 0.033111696775015236
0 0.5529823337536325 0.7079291122178412 0.013139273607713905 0.029232326741211182
0 0.5378999520980275 0.7289431758644693 0.019937430077653574 0.033752828182807566
0 0.5194238175956977 0.7565103879037239 0.016061864758361796 0.03685210948574071
0 0.501471980664782 0.78377476352842 0.019501692298467835 0.0350705495770681
0 0.4728747846795701 0.8201405223833865 0.033122778378748864 0.05422494367860801
0 0.534654602079488 0.57728352015119 0.04248581524300097 0.030612334317947527
0 0.5320084590891271 0.6375354875255357 0.05200814172615223 0.05824327103549048
0 0.5650000745696884 0.5512261746972883 0.019313921937521322 0.04112440087660573
0 0.586510397361585 0.5191178549354741 0.021811426085472797 0.04062510378351732
0 0.6072254178171372 0.48763293729211415 0.020185397495893265 0.03848895808808497
0 0.6244350882870456 0.45997707880616984 0.010818889044219154 0.03311457376664043