0 0.7586630392745561 0.7798840430247992 0.0588216741469125 0.44023191395040157
0 0.7734828999085397 0.37198274110099394 0.046328523329604174 0.31001867238236386
0 0.7810447566919247 0.17474683289497822 0.036419264382889456 0.07924209990877873
0 0.7849065276048028 0.09736250761753777 0.03225572928544891 0.062309596680531404
0 0.5294559424864508 0.29249845397350516 0.05952069952758665 0.09460523522029153
0 0.5022839237308752 0.7158829056283309 0.058474871054944005 0.19582665067268418
0 0.5687549558887938 0.5474431219378899 0.026204977308688492 0.05826866510653608
0 0.5992115238670994 0.6468231703125148 0.017044873700026573 0.0359219082452834
0 0.5734430371940178 0.6566324705833098 0.010467029990496632 0.03256763770079316
0 0.6525933182779559 0.6298737199357732 0.01968033236387419 0.03248860309775828
0 0.7140207518368165 0.6055039165152664 0.03695216558356918 0.05395573437150773
0 0.28626463050871737 0.939528650030056 0.07509487305518377 0.12094269993988786
0 0.3135459515276791 0.5818439620071193 0.1071686817283699 0.5646169285322696
0 0.3488612927588248 0.15902916012710921 0.07752171415661739 0.27385349772852274
0 0.019143156098952875 0.6458928595493444 0.03828631219790575 0.37149586402622503
0 0.003031447097465685 0.8321468132328688 0.00606289419493137 0.0781028003591473
0 0.04022183192755512 0.2749671458254047 0.07034615154587213 0.36741079320112296
0 0.06573767325213463 0.03979706736389315 0.046591971628195464 0.07344191715977712
0 0.1751723935308871 0.19514099069811855 0.033815398583578925 0.08412468041862281
0 0.3969140441006799 0.9622492610721348 0.03299816160206682 0.07550147785573047
0 0.37257722329611864 0.8918739194659948 0.03299816160206682 0.09636756769502419
0 0.3514898332656512 0.8116557116907137 0.022604304305002383 0.0920228229077938
0 0.26371228326814217 0.03695390189941996 0.05455154638445404 0.040716210252913825