0 0.5979561956493291 0.8507838215804391 0.0311592279048262 0.056680968040167555
0 0.2863466647995205 0.6295026006656858 0.024033791765295007 0.04938261264839502
0 0.19565743997844467 0.8024094730356408 0.03612195827061359 0.06249100549034115
0 0.3467125306522016 0.8660291883784031 0.02250616445493874 0.06406869695714737
0 0.3877207117027347 0.6749937884439065 0.011807564724457216 0.032758045404198535
0 0.405634668882876 0.5950463318972667 0.015327744456111302 0.04202287112109814
0 0.5615285993645355 0.5757457174824453 0.026228590355965895 0.024892164103691244
0 0.7019171831247378 0.696000065418867 0.051265379396644585 0.046227229714782256
0 0.6654340271068631 0.7516320577989631 0.038974966721953 0.08156019544319186
0 0.2811588639807439 0.03592226344706419 0.03620703494683668 0.051259709448314726
0 0.678062142207453 0.9003791717148196 0.04345708949241722 0.142120243342597