0 0.8971261605875471 0.42560375096984976 0.07839987850311018 0.8378752980719842
0 0.9091691991195799 0.9154463546754434 0.032590353445700763 0.1691072906491131
0 0.8552773294499759 0.9367491227988473 0.09351467105011307 0.1265017544023056
0 0.5606883195263996 0.5019541245936264 0.11539458521431463 0.9960917508127471
0 0.49198927923909885 0.11729961366531517 0.03183498918607403 0.22720105493454196
0 0.505684232923248 0.38562402865815393 0.03283246333891135 0.1586568090214179
0 0.512342984995355 0.515458672905572 0.028249916326325564 0.04214936416776337
0 0.5247269311328604 0.6965854109004446 0.03726046937802803 0.22591210428735178
0 0.5369388955138298 0.9023362869948329 0.026942895046793463 0.08074130359594887
0 0.17997304104110734 0.9499053078115025 0.021831878608159314 0.10018938437699493
0 0.13662115685026627 0.4360006709955961 0.08979266265367314 0.8705759349536214
0 0.2978179278790389 0.32710409131986257 0.05910357677870773 0.0982955800793643
0 0.22107375044445998 0.13283175930647984 0.12808967436848126 0.2632232837388572
0 0.36293212789646945 0.49466392371538237 0.023526182680876747 0.048102640933336334
0 0.747473193595451 0.4221115079982874 0.046360452068498675 0.06891221783858391
0 0.7179314710492259 0.3160589837036484 0.053261779213572856 0.1128923631768726
0 0.6207490748462481 0.05307585006351237 0.05406046275331377 0.09692528826970408
0 0.6550509405578548 0.13686932312168396 0.051960139740422726 0.07161794095970284
0 0.6794142094319615 0.2155939228900329 0.047028247408383926 0.08422513395043477