0 0.05693605930398336 0.03971098136859174 0.03380435258425401 0.053386496913046685
0 0.18435386388565644 0.1478283948039541 0.14061414735964486 0.2663222301665009
0 0.3693285284881533 0.32310037690216176 0.0537711753692218 0.5587740272608114
0 0.4842489851299544 0.1164552779905023 0.0666987171106916 0.16875995478392097
0 0.6528209629792312 0.2392468451134752 0.0331758944504803 0.09815687112022846
0 0.5798391135224032 0.16268810129977737 0.10119133817258488 0.24977272570852851
0 0.6288034479454875 0.31976544312061206 0.0295527060446832 0.09790316817764111
0 0.682511985525917 0.5347499142014486 0.126507712511564 0.35703158543973296
0 0.4832589749743683 0.853761271598374 0.028030057684160264 0.09848600127733043
0 0.4178831929004215 0.8349632136048832 0.03290967936030442 0.08021247815984328
0 0.30162669334942693 0.7565394486133298 0.04033403821189331 0.4869211027733404
0 0.3550981965158126 0.8438683644515049 0.03754619568338097 0.31226327109699015
0 0.4973983504638938 0.9744527698479161 0.04158826452082209 0.05109446030416776
0 0.6772029985562688 0.9061464658339762 0.08667354282348586 0.18770706833204764
0 0.2308891843694064 0.7774743896503119 0.04443784938200267 0.036894775712650284
0 0.12769443758567858 0.8794540084687635 0.1572728393137961 0.24109198306247298
0 0.27334466540226393 0.3871341276758091 0.03604541609294931 0.08112150075714498
0 0.3016394891849979 0.05962030336090052 0.032487625972840696 0.07053059710866759