0 0.6957286301577739 0.5597869482448107 0.0663666029871655 0.06880405481892844
0 0.7560102374364883 0.26181261469190453 0.0699816823820756 0.06694185853532265
0 0.6337576562307938 0.8416821905623749 0.04721148256905129 0.053362560989433254
0 0.713835229936622 0.9740859628809447 0.166395164960698 0.05182807423811056
0 0.30502167095605626 0.19939660089578204 0.03128035498775331 0.07551457729985941
0 0.3678370107352044 0.06865673970266108 0.08635987683467593 0.09135474792655898
0 0.08647190964327112 0.8980865910894195 0.04898556106736691 0.05771703293982169
0 0.3428228650576173 0.9359530590580103 0.05614830320541673 0.12809388188397952
0 0.311295997520782 0.2991477717484418 0.05884835319456465 0.09013465986240195
0 0.4066520286431638 0.1653646817973756 0.14856034949333344 0.282546822528306
0 0.4849769137673251 0.4524663297870503 0.04225943796904073 0.0487857080802766
0 0.4491578727249786 0.43931927683026933 0.02559837642944876 0.029993463823917817
0 0.7143920332936305 0.4546870940375975 0.05154654234416798 0.043795142328575606
0 0.6653867057605268 0.2444758834071216 0.20105799440029765 0.3602511531317875
0 0.7360767914938097 0.38384853129000657 0.026714173030047125 0.04346758530855921
0 0.6812474169149765 0.502023830184657 0.047288358545417505 0.09144090374908725