0 0.37240877503905445 0.7914034026096239 0.04500993207820657 0.13400201142542614
0 0.07663708511005182 0.7917890604483909 0.03969197024517411 0.12129386235929612
0 0.2961484576652421 0.7561242952846385 0.04159843146311106 0.07070340069768201
0 0.265768335550533 0.5696130416209945 0.03643214933462206 0.04681547365278963
0 0.5389915201318172 0.9544530988979616 0.028249887594943117 0.09109380220407683
0 0.6073766814300238 0.7431480309644979 0.0229243892664682 0.04036908382246034
0 0.5877171520662259 0.8043815665266939 0.016538812670228636 0.024987552637438952
0 0.594013042578236 0.6143480336072199 0.025926113726058048 0.0418016148958668
0 0.624762285970067 0.6349986668701617 0.016619260602241274 0.027622598750746085
0 0.5691922260925971 0.40760685259336843 0.048558039406960726 0.08873914599880225
0 0.5568714819412725 0.2851130097621749 0.02930996586270799 0.055750615007481505