0 0.9158337634170506 0.3455051355824837 0.02413123679864111 0.08331774026682484
0 0.49282909245589207 0.40762111357644204 0.1455114661818143 0.8152422271528841
0 0.5571785974765475 0.4433140145234727 0.06395717137317102 0.060821743176706966
0 0.6111258893447559 0.7470827394138131 0.06958467024245944 0.06158908779450284
0 0.4254015401603614 0.19225831732464688 0.2591533858197045 0.38451663464929375
0 0.5089211848549006 0.16770534100645068 0.0692089262996975 0.06498253265608853
0 0.558396383017226 0.05669695762915252 0.0393996906780367 0.11339391525830504
0 0.39731844185730086 0.6605559979734948 0.06241452098857034 0.15121877682657703
0 0.9379420341350142 0.5064842392168091 0.072946880114997 0.14730337350878855
0 0.6587522996006621 0.6299448513317851 0.05869459110646549 0.12124722562430149
0 0.7341184304347831 0.8108569389747393 0.04667008154916919 0.07415013646145688
0 0.9605926766825279 0.8184956245383478 0.07881464663494417 0.0523581585280783
0 0.5057680361370275 0.8341468873156156 0.04266815413743821 0.12779664486851178