0 0.46638937661866475 0.9810747579187523 0.023303912462879963 0.03785048416249533
0 0.4744091413147562 0.8259928448517769 0.035755794292870374 0.23297208102389233
0 0.5518841921546698 0.7144867657785843 0.05619008917147719 0.04103531089266712
0 0.5422686955470765 0.9929078990748665 0.05406564644722395 0.014184201850266845
0 0.5626700872788503 0.44079051421973886 0.05374516111054315 0.04165574549915873
0 0.49631967933912446 0.2759691283129626 0.035543522690099284 0.35411521377671085
0 0.5614943548924112 0.18437513932111158 0.03354204414560976 0.02817389955794439
0 0.6531088658036782 0.12054518258718822 0.028644095770340713 0.09986392538005487
0 0.5097553623246338 0.03955422617951424 0.0495909535343454 0.06397698361859824
0 0.3169204433677544 0.010853863210729179 0.04434272629509344 0.012539926718543174
0 0.24136225364759914 0.12403750764220658 0.020838717188993616 0.1023763253434901
0 0.23923025280317278 0.5389195243330677 0.020666980012127148 0.11159132135569759
0 0.07823758821153978 0.38317423446542503 0.07710858746912845 0.1315615941106426
0 0.02250466731535437 0.26489901899463864 0.04500933463070874 0.11082570597346703
0 0.9546746139747422 0.7695169013635085 0.01967573047478287 0.026641745739015347
0 0.876408519979052 0.7409480037470473 0.0181719912109388 0.02595998805758767
0 0.8812639291547909 0.6230411882531102 0.01110090027321228 0.021241341978162527
0 0.9548125846565045 0.6452751975067974 0.01967573047478287 0.026641745739015347
0 0.8474846196157322 0.4518048889749407 0.01952698231496843 0.036515503279549506
0 0.7672253222261999 0.21854872720223573 0.04586408412668818 0.14095243243605668
0 0.8159474562697366 0.081879167754771 0.056160368803073714 0.13913712092278313
0 0.7395123548053716 0.050372672106123895 0.025391830308479756 0.020804876596478415
0 0.6951317061501255 0.2536806286035443 0.015155059527800043 0.06673421435454296
0 0.6660670035625957 0.5063307747219682 0.05971686193591421 0.09968808306684827
0 0.7126949859629602 0.8329890331426647 0.015677075568649085 0.18064630106450108