0 0.5816081587286144 0.910030185354189 0.05270409751472095 0.08719567035973946
0 0.5950431148575537 0.5562787766825893 0.07706914057471041 0.473967378018616
0 0.5574083635400185 0.4433242565582221 0.07992045201912976 0.444808709042364
0 0.5099327195933128 0.8163593199609136 0.04940930448011624 0.25603231590212355
0 0.44396556770518036 0.929348581678897 0.06329940075783601 0.04769449302917085
0 0.3727989722472767 0.7551668924311582 0.0689220059007341 0.32863384254432493
0 0.4113114551940147 0.39345619520301667 0.051461342422765365 0.25877292050462286
0 0.6389521171615045 0.1983496591411163 0.03810859079642434 0.24029321162699208
0 0.8404135320618005 0.3132529660228259 0.10506558874924074 0.5701811233371264
0 0.789341817040997 0.7941926516429583 0.06991368035741899 0.35128969942064886
0 0.3574971551537644 0.06293980769250951 0.03659239895508789 0.07925219172882565
0 0.3830598501671135 0.006186613587367605 0.0334814960765407 0.01237322717473521
0 0.4313665059404732 0.44456363614833166 0.03983384682573222 0.13658667116488035
0 0.48423048828746934 0.4757700738742701 0.035024360499857236 0.07586518035418158
0 0.6007154083804108 0.11302496591421919 0.030927956547218804 0.16218397906332782
0 0.7143966082433987 0.01614231989196382 0.038394015946334965 0.024774550030710527