0 0.3031049181439701 0.10748298587059728 0.028263503741737802 0.057304565140338846
0 0.6298392443060582 0.2692946882167114 0.021285457846990936 0.049696952851010855
0 0.7095596544140795 0.08046616512575126 0.032565508749416515 0.06258458419250283
0 0.5539290873326127 0.04523405296425559 0.01884054864594261 0.06504969907636453
0 0.5254147584210045 0.24315054872523803 0.009959180607361295 0.03327325361701542
0 0.5126943876587116 0.3257399080493821 0.012727674168837329 0.04267298263918642
0 0.35755723943635814 0.37418903343922305 0.02518991635471549 0.024566788027644507
0 0.20903609385470578 0.28082472862593116 0.049803945355278004 0.04555631766245299
0 0.2421220183536307 0.21890616751159667 0.03440411402116547 0.08180292231301907
0 0.2844447379258535 0.9277613808579026 0.025273123761682656 0.03093171023415071
0 0.2240158152700342 0.9158581740511933 0.024297009134751517 0.037214251439992414
0 0.6739892445842497 0.8586102115462316 0.03349539703914383 0.05276597509415783
0 0.2194250419606209 0.07301388787040447 0.034688036539006074 0.14399652672074892