0 0.4084521484375 0.21058670143415908 0.01873046875 0.40726857887874834
0 0.461669921875 0.07943285528031291 0.05029296875 0.058044328552803136
0 0.4634619140625 0.37812907431551496 0.0701513671875 0.05134289439374185
0 0.4629736328125 0.9293481095176009 0.052900390625 0.054263363754889174
0 0.3228466796875 0.49510430247718384 0.036318359375 0.08537809647979139
0 0.409609375 0.5788200782268579 0.0158056640625 0.21769882659713166
0 0.45025390625 0.6578617992177314 0.0553515625 0.060000000000000005
0 0.798671875 0.7998696219035202 0.021416015625 0.3997457627118644
0 0.7189697265625 0.7261864406779661 0.075986328125 0.012992177314211213
0 0.351572265625 0.6923142112125162 0.11439453125 0.02807040417209909
0 0.6835009765625 0.2718252933507171 0.1996826171875 0.36267275097783575
0 0.8273876953125 0.14625814863102998 0.01654296875 0.06642764015645372