0 0.4932151565287859 0.3771046398756803 0.05085641236862653 0.16284969069692729
0 0.4530327551198604 0.3726249729796674 0.035581056322165794 0.12512371863443805
0 0.35021510648667453 0.27378487312631394 0.042799649240508164 0.09630399977707163
0 0.33234732904545355 0.4344886002011407 0.06074252613466021 0.5614307980602418
0 0.5601862940957454 0.19951134239787202 0.04125525067919961 0.29147467578735137
0 0.5988493300943393 0.6077718604234968 0.05547721344510137 0.4344308240953255
0 0.6291897761352759 0.9261208569532426 0.03579561790765436 0.14775828609351474
0 0.7391757033278648 0.6959086102869926 0.05797297091283942 0.05071275483342343
0 0.7588623799126026 0.9568812062338619 0.033945364280942136 0.03303487140168328
0 0.7099445420876884 0.3889470551565081 0.04233970904313734 0.03162317946581422
0 0.6554332278627641 0.08054869088693824 0.037319361537151555 0.0719269835560112
0 0.8968391098858135 0.2554071901629801 0.047022309543722635 0.1245918437505758
0 0.908427878850134 0.5471373794260069 0.038576988937293465 0.06801615580356755
0 0.7782739357726688 0.8459383738458833 0.06013023720422046 0.09418503878303325
0 0.4718248325178194 0.614873475144503 0.03257520966944124 0.059598160106035025
0 0.5504057660663888 0.5007422396338213 0.04660318309600403 0.09323791024177334
0 0.14132296545160333 0.20650683203147568 0.02469194632017431 0.11836296671680484
0 0.3523758001121105 0.9720567535931567 0.027667389374814437 0.05588649281368672
0 0.8512518096262788 0.738079632745244 0.048852569723918236 0.09739428983824736
0 0.2150878269566008 0.21766997772422367 0.13495262215195702 0.3880099965061032
0 0.6421357304249241 0.2752296862993923 0.024293226747281252 0.1036724766092299
0 0.4352561471300617 0.8538767588364448 0.14847984163149713 0.29224648232711037