0 0.32776282283369224 0.9251725137172159 0.05796691943809212 0.09929793247186393
0 0.5734250889626399 0.841606237064351 0.039630298456305196 0.21490433419193408
0 0.5816783491834304 0.503349265269793 0.06741670012138234 0.45712012165772614
0 0.5845137394480785 0.13877439574384332 0.028772803951279634 0.10807878184826426
0 0.37152395806812816 0.025281782655135542 0.04325361171514308 0.050563565310271084
0 0.34349995379044845 0.4954782758157804 0.12229200357428051 0.7445231193175302
0 0.08524552878814194 0.3916040786846563 0.11669722972171007 0.626521107243508
0 0.19410476638600654 0.02522350775779874 0.21112798973570363 0.05044701551559748
0 0.1093035133069434 0.06450765959434991 0.06994385254595374 0.038805052471289965
0 0.3998153341584586 0.1138138739779069 0.03193057970047777 0.04480436237774222
0 0.4550069348580299 0.03779928893228054 0.014225836423411875 0.02047665703100941
0 0.24317052314941048 0.3549421653270361 0.020618559380050083 0.04545612805531909
0 0.04672379163830247 0.8535575191240603 0.02644628118459673 0.05235763370229783