0 0.07677914873634922 0.9389187756042429 0.04887651350680388 0.1093719888676135
0 0.30316621216043854 0.34224517018045214 0.03745558849148321 0.07265931160649534
0 0.3368796329731193 0.11624565713333367 0.030909572273088184 0.23249131426666733
0 0.3967876810117284 0.24996312026025813 0.021215932518010794 0.23326662319332278
0 0.4010754596484319 0.048073348593653226 0.021953315230823493 0.09614669718730645
0 0.3905527806301038 0.4098089912194823 0.010335148685244601 0.03666206745026063
0 0.3823454165666549 0.5632343426699868 0.024153430767189937 0.20518288796610698
0 0.37434959966119213 0.8429191826920943 0.02582264236134906 0.27762135117662023
0 0.24754554137056708 0.5127144684143162 0.03317884616395515 0.07463078540654318
0 0.6728329794091006 0.5127903063373046 0.02614342101605328 0.0750264593171282
0 0.7202702787708051 0.7435804966750433 0.06957906864964639 0.2015113985728509
0 0.5456215784903347 0.6576523021995371 0.02376264260281217 0.05031286344142146
0 0.6559826987865723 0.43434080439307066 0.02780803817965922 0.023004375706222678
0 0.5214183150045113 0.33171027935749375 0.02932609768681346 0.019457102016712025
0 0.46195593204667357 0.3438888039043057 0.058784921359178594 0.04326203012038066
0 0.09654565776563764 0.4245985540309181 0.05152728994246041 0.6934460602112593
0 0.11219673751878476 0.03030594925815287 0.030763962530291518 0.06061189851630574