0 0.032939453125 0.8126336375488917 0.0548291015625 0.09832464146023469
0 0.1819775390625 0.3176401564537158 0.05283203125 0.6264797913950456
0 0.176328125 0.6922359843546285 0.0164208984375 0.11616688396349413
0 0.1912353515625 0.8768057366362451 0.0493798828125 0.24639504563233378
0 0.423544921875 0.8707561929595828 0.0108349609375 0.2584941329856584
0 0.655927734375 0.8661212516297263 0.0349609375 0.2677509778357236
0 0.6573583984375 0.9747522816166884 0.0217724609375 0.0504954367666232
0 0.6689501953125 0.30710560625814864 0.055390625 0.6012059973924381
0 0.4287255859375 0.051160365058670144 0.010390625 0.09658409387222947
0 0.428984375 0.14303780964797913 0.0098779296875 0.015443285528031292
0 0.425556640625 0.30767275097783575 0.010185546875 0.24501955671447198
0 0.4354248046875 0.5083050847457627 0.0084423828125 0.08234680573663625
0 0.4259130859375 0.6070730117340287 0.016015625 0.02179921773142112
0 0.434873046875 0.8859126466753585 0.00857421875 0.07595827900912647
0 0.4556396484375 0.948142112125163 0.00677734375 0.03882659713168188
0 0.410703125 0.9097001303780965 0.0058154296875 0.04074315514993481
0 0.6612939453125 0.646844850065189 0.0109375 0.014837027379400262
0 0.659833984375 0.6733311603650587 0.009287109375 0.012698826597131683
0 0.65951171875 0.7020664928292047 0.0073779296875 0.014211212516297263