0 0.3530419921875 0.12689700130378095 0.04376953125 0.02564537157757497
0 0.3769189453125 0.10860495436766623 0.009716796875 0.010906127770534551
0 0.35580078125 0.41239895697522816 0.04111328125 0.02589960886571056
0 0.3789892578125 0.39287483702737935 0.01017578125 0.016897001303780967
0 0.35787109375 0.6679269882659713 0.0406494140625 0.024941329856584094
0 0.380166015625 0.6466297262059973 0.012939453125 0.01784876140808344
0 0.3479541015625 0.7084419817470665 0.01876953125 0.04384615384615385
0 0.388115234375 0.8594850065189048 0.03005859375 0.06397653194263364
0 0.358125 0.9522685788787484 0.04013671875 0.02698826597131682
0 0.3815234375 0.9280378096479791 0.0107421875 0.023578878748370277
0 0.17380859375 0.4719882659713168 0.0217822265625 0.10002607561929595
0 0.6347021484375 0.18248370273794004 0.0392529296875 0.11172750977835723
0 0.54708984375 0.22389178617992175 0.0158740234375 0.03604302477183833
0 0.608876953125 0.2960625814863103 0.020908203125 0.05914602346805737
0 0.8414697265625 0.0755606258148631 0.059345703125 0.14266623207301174
0 0.85494140625 0.22482398956975227 0.0181982421875 0.05716427640156454
0 0.8346728515625 0.36423076923076925 0.03458984375 0.11755541069100392
0 0.859248046875 0.44554106910039115 0.034140625 0.1101173402868318
0 0.7858154296875 0.5349543676662321 0.0271533203125 0.10808996088657105
0 0.754697265625 0.6816492829204694 0.0365576171875 0.12180573663624511
0 0.853984375 0.6673989569752281 0.0153125 0.015417209908735331
0 0.6893505859375 0.9415449804432855 0.036328125 0.11475880052151238
0 0.7274462890625 0.7627705345501955 0.018271484375 0.060189048239895696
0 0.6008203125 0.6461668839634942 0.0209033203125 0.15940677966101696
0 0.5627197265625 0.6328617992177313 0.0232568359375 0.13402216427640157
0 0.416806640625 0.5214537157757496 0.009658203125 0.10398305084745763
0 0.4031298828125 0.4913624511082138 0.006298828125 0.125619295958279
0 0.4273046875 0.5365645371577575 0.0049951171875 0.07584093872229465
0 0.4176416015625 0.6196805736636245 0.022412109375 0.08920469361147328
0 0.4234619140625 0.7003389830508474 0.0074462890625 0.04816818774445893
0 0.3620263671875 0.7895632333767927 0.035498046875 0.02807040417209909
0 0.177822265625 0.2511147327249022 0.020107421875 0.058070404172099084
0 0.1985107421875 0.30414602346805736 0.0201513671875 0.06264015645371578
0 0.2178662109375 0.3590743155149935 0.0156298828125 0.06086049543676662
0 0.236796875 0.41467405475880054 0.0207080078125 0.07247066492829204
0 0.255830078125 0.474393741851369 0.0164892578125 0.0707561929595828
0 0.27115234375 0.5191134289439374 0.0124462890625 0.06250977835723598
0 0.2846923828125 0.5581877444589309 0.01197265625 0.057555410691003915
0 0.2966162109375 0.589993481095176 0.0120654296875 0.05329856584093873
0 0.3099462890625 0.6217079530638853 0.0135400390625 0.06281616688396349
0 0.3280419921875 0.6819165580182529 0.0202783203125 0.0868122555410691
0 0.310517578125 0.6683898305084746 0.01572265625 0.03117340286831812
0 0.499677734375 0.9829074315514993 0.0152783203125 0.027157757496740546
0 0.54212890625 0.8687744458930899 0.01236328125 0.02436114732724902
0 0.4833984375 0.4289048239895698 0.0112841796875 0.13151890482398956
0 0.4821728515625 0.6448631029986962 0.0106201171875 0.19648631029986963
0 0.4358203125 0.70748370273794 0.008603515625 0.1002477183833116
0 0.481396484375 0.7969687092568448 0.0090625 0.05477183833116036
0 0.4824853515625 0.8627509778357236 0.0073291015625 0.024837027379400262
0 0.5939599609375 0.8767144719687093 0.0199365234375 0.023083441981747065
0 0.5593017578125 0.8808865710560626 0.0200390625 0.018911342894393744