0 0.6679331306990881 0.8883018433424943 0.05369807497467072 0.21443642039652336
0 0.5645896656534954 0.3673265708771759 0.14235055724417425 0.6732664312191593
0 0.3981762917933131 0.1604252627594929 0.025835866261398176 0.0915936151393337
0 0.26063829787234044 0.12615914927457153 0.0243161094224924 0.08337999724647628
0 0.5501519756838906 0.35729449453508466 0.025329280648429583 0.08276643263016739
0 0.446048632218845 0.5592083535834187 0.04204660587639311 0.07230432146783702
0 0.44275582573454914 0.9108303140938651 0.02735562310030395 0.055828883911758054
0 0.7310030395136778 0.9128611672221931 0.019250253292806486 0.04652901112639673
0 0.7256838905775076 0.8228821108218202 0.0243161094224924 0.04143141808544799
0 0.6167679837892603 0.72273746539708 0.02077001013171226 0.02632584958758981
0 0.6344984802431611 0.7448146989553825 0.010638297872340425 0.015546746088973402
0 0.6509625126646403 0.7400878463354921 0.013171225937183385 0.018410669460244476
0 0.6522289766970618 0.7692599974663238 0.020263424518743668 0.03441341674012862
0 0.6220871327254306 0.82320366658771 0.028368794326241134 0.047096239457830945
0 0.6246200607902735 0.8588822043026889 0.0121580547112462 0.01834764409008529
0 0.675531914893617 0.8664470640652389 0.008611955420466059 0.012714335402781921
0 0.8961499493414387 0.6724577125716966 0.01165146909827761 0.017639541418537342
0 0.8085106382978723 0.47079492197713596 0.015704154002026342 0.02533413275032491
0 0.7621580547112462 0.25681543551426794 0.016210739614994935 0.026718825408340977
0 0.5597771023302939 0.042940596850651123 0.019250253292806486 0.017435641708264175