0 0.1924853515625 0.16327249022164278 0.032978515625 0.32624511082138197
0 0.1962158203125 0.43805736636245113 0.0326416015625 0.21891786179921774
0 0.201220703125 0.6523794002607562 0.0315283203125 0.20764667535853976
0 0.204951171875 0.8761212516297262 0.03119140625 0.24048891786179924
0 0.60205078125 0.15554758800521512 0.0595263671875 0.30365710560625814
0 0.5933203125 0.42298565840938723 0.057412109375 0.22741851368970015
0 0.5908154296875 0.6708148631029986 0.049287109375 0.2549217731421121
0 0.5844140625 0.8960495436766623 0.0487353515625 0.195632333767927
0 0.9039453125 0.056734028683181226 0.03466796875 0.10870925684485006
0 0.8975439453125 0.1716101694915254 0.0396728515625 0.11552803129074316
0 0.8927587890625 0.2746870925684485 0.033662109375 0.08537809647979139
0 0.8873583984375 0.39408735332464145 0.0344384765625 0.15327249022164277
0 0.8754541015625 0.604374185136897 0.0382177734375 0.1666297262059974
0 0.8663232421875 0.7347979139504563 0.038662109375 0.09010430247718383
0 0.860927734375 0.8378683181225554 0.0349853515625 0.11344850065189048
0 0.855029296875 0.9453780964797914 0.035654296875 0.10405475880052152
0 0.7764990234375 0.04857235984354629 0.0431298828125 0.09285528031290743
0 0.6267431640625 0.7709582790091265 0.020478515625 0.06571707953063885
0 0.64478515625 0.8313428943937419 0.021953125 0.05777705345501955
0 0.6671826171875 0.886870925684485 0.02658203125 0.05827900912646676
0 0.6869287109375 0.9435462842242504 0.019716796875 0.05446544980443285
0 0.701015625 0.9784093872229466 0.0188427734375 0.03504563233376792
0 0.8438525390625 0.5591655801825294 0.022392578125 0.0563102998696219
0 0.8217333984375 0.6054563233376793 0.0196630859375 0.054837027379400265
0 0.802392578125 0.6380443285528031 0.01755859375 0.049061277705345505
0 0.7837353515625 0.6757105606258148 0.0177978515625 0.0575619295958279
0 0.7605322265625 0.7117601043024772 0.0277392578125 0.06200782268578879
0 0.7361279296875 0.7553194263363755 0.0209326171875 0.05011082138200783
0 0.7191357421875 0.7876597131681877 0.01166015625 0.04549543676662321
0 0.7059423828125 0.8122033898305085 0.0164111328125 0.03930247718383312
0 0.6879931640625 0.8372816166883964 0.0195556640625 0.039954367666232074
0 0.3938330078125 0.11476531942633639 0.01775390625 0.04168187744458931
0 0.3727392578125 0.27244458930899607 0.040498046875 0.02728813559322034
0 0.3973095703125 0.2562777053455019 0.010771484375 0.01817470664928292
0 0.3735107421875 0.5621316818774446 0.040029296875 0.02845501955671447
0 0.3731103515625 0.8334028683181226 0.039228515625 0.028546284224250325
0 0.222197265625 0.6158148631029987 0.0097216796875 0.03680573663624511
0 0.2318701171875 0.6495567144719687 0.0101513671875 0.03565189048239895
0 0.2417626953125 0.6796936114732726 0.0124755859375 0.02664276401564537
0 0.251240234375 0.7101890482398957 0.0164013671875 0.03711864406779661
0 0.2624658203125 0.7448631029986962 0.0160595703125 0.034602346805736636
0 0.27830078125 0.7873468057366362 0.0181396484375 0.04962842242503259
0 0.293310546875 0.8404106910039114 0.0156591796875 0.05538461538461538
0 0.310693359375 0.8930573663624511 0.0208447265625 0.05059973924380704
0 0.326259765625 0.9423272490221642 0.016083984375 0.04683833116036505
0 0.340908203125 0.9822425032594524 0.0143359375 0.0301890482398957
0 0.5556005859375 0.7385528031290743 0.018984375 0.05241199478487615
0 0.5367578125 0.7835528031290744 0.015439453125 0.0478748370273794
0 0.517412109375 0.8228943937418514 0.0221240234375 0.04691003911342894
0 0.49587890625 0.8663754889178618 0.0205615234375 0.04386571056062582
0 0.476337890625 0.8997588005215124 0.017939453125 0.036160365058670145
0 0.45982421875 0.9329986962190352 0.015556640625 0.04113428943937419
0 0.4424169921875 0.9704889178617992 0.020302734375 0.0448761408083442
0 0.45294921875 0.6781681877444589 0.01091796875 0.30035202086049545
0 0.3912109375 0.02044980443285528 0.0237548828125 0.03817470664928292
0 0.360380859375 0.05302477183833116 0.0074365234375 0.011544980443285528