0 0.4086124693643901 0.2036175394926974 0.08415136455100994 0.3800750229352301
0 0.35309606906369456 0.5503102149314171 0.054673076130036496 0.24096602892003505
0 0.3228160070184332 0.7282048540967787 0.019834986815245956 0.06524530279815162
0 0.304283233211825 0.8486070313405392 0.03420318738743396 0.12717000148420243
0 0.21215272317922618 0.8057186309193016 0.10360209174001968 0.20857483068798305
0 0.1814836634336439 0.7460834028112211 0.03899991482983414 0.037779187746644086
0 0.19047386818034423 0.6855410980181345 0.04285698887411711 0.042422451204825136
0 0.14939943426605815 0.41200399102931473 0.09026006288951417 0.18364885907980966
0 0.23400531917348089 0.4612803676422768 0.06815203350362821 0.06900157794657817
0 0.09313573910323407 0.04078945725510227 0.03859642116796207 0.08157891451020453
0 0.2775503678938519 0.17572444520032857 0.06811412891095023 0.06610302722194053
0 0.4103562745136527 0.8356457426880886 0.024256649040282564 0.03011790447005751
0 0.36805027609305474 0.821163033252526 0.044018574389549155 0.048303963331593126
0 0.5375673608572547 0.1950430469027546 0.045739252646981615 0.09693909864676716
0 0.5175889988294263 0.01794659009512871 0.038435326649080566 0.03589318019025742
0 0.5543097591548474 0.021297399578712482 0.03256779446352715 0.042594799157424965
0 0.8447473007870688 0.16390844836071794 0.050454675465272714 0.08427546843461488
0 0.7117901635687055 0.4897826876985229 0.09226777331140813 0.21276098234242558
0 0.7909769247132146 0.24933060786395583 0.06286529407579067 0.07944908977650585
0 0.629916773548495 0.6702375586824703 0.06044186612447878 0.1429639736860568
0 0.5854039247247953 0.7571161404704982 0.03910415245969839 0.045750202239397714
0 0.5354337658062068 0.8422428626025116 0.04755744010548563 0.11155846828619459
0 0.4915822569996639 0.938137210066286 0.04516120760864217 0.052736200096042275