0 0.4751611328125 0.02985006518904824 0.037841796875 0.029550195567144718
0 0.4825390625 0.3301368970013038 0.0477490234375 0.031069100391134287
0 0.479404296875 0.6062842242503259 0.049853515625 0.037926988265971316
0 0.4777685546875 0.8712907431551499 0.04791015625 0.04134941329856584
0 0.555927734375 0.5923598435462842 0.0221044921875 0.8152803129074316
0 0.3686572265625 0.8844719687092568 0.0097216796875 0.04473924380704041
0 0.383251953125 0.8071903520208605 0.0160986328125 0.02861799217731421
0 0.428583984375 0.9050456323337679 0.033740234375 0.0690612777053455
0 0.3233935546875 0.6835788787483702 0.0207861328125 0.039830508474576275
0 0.31294921875 0.60377444589309 0.02830078125 0.049406779661016954
0 0.3189599609375 0.24640808344198176 0.01203125 0.043422425032594525
0 0.5194384765625 0.05791395045632334 0.028056640625 0.06207953063885267
0 0.5677001953125 0.10016949152542373 0.0299609375 0.04703389830508475
0 0.564814453125 0.041988265971316815 0.00548828125 0.07138200782268579
0 0.819365234375 0.9365710560625815 0.0089111328125 0.047073011734028676
0 0.827421875 0.7793024771838332 0.025810546875 0.24946544980443286
0 0.8158837890625 0.5998956975228161 0.011103515625 0.07821382007822686
0 0.8414892578125 0.5989830508474576 0.0153759765625 0.11106910039113428
0 0.849765625 0.45810299869621907 0.01240234375 0.03578226857887875
0 0.839912109375 0.41414602346805734 0.006845703125 0.08026075619295958
0 0.8438427734375 0.36567144719687095 0.01775390625 0.010893089960886572
0 0.8480029296875 0.07037157757496741 0.017705078125 0.05941981747066493
0 0.861904296875 0.011923076923076922 0.0130517578125 0.017294654498044328
0 0.60212890625 0.05034550195567145 0.025673828125 0.04746414602346806
0 0.5821240234375 0.20941981747066493 0.0252099609375 0.063129074315515
0 0.7644140625 0.6136571056062582 0.0123193359375 0.02410039113428944
0 0.5917578125 0.7832920469361146 0.0224462890625 0.05057366362451108