0 0.5929535563031105 0.43315387544699335 0.015598072960052773 0.024720186437622083
0 0.5570430345478712 0.31643931929017793 0.010561049993991692 0.04558956911151208
0 0.5926960114164976 0.2712852365680395 0.03092033144123392 0.034420363899570094
0 0.642985221283046 0.22602083509721044 0.013036597550216706 0.0245808332311774
0 0.4966162278873185 0.021212589469781568 0.010417757346566364 0.042425178939563137
0 0.5276261172331931 0.05395148055263654 0.00983381594088672 0.04145773130196043
0 0.5226232814091387 0.015002061251274809 0.008486817320245423 0.030004122502549618
0 0.5458695994255129 0.18157336513184363 0.015275664503345901 0.018564235685228102
0 0.4385742175072486 0.19289815602686838 0.05000051120340766 0.08661181402409888
0 0.5286303244365788 0.33307582546060976 0.02023378104363511 0.03520306948859008
0 0.5797398369747925 0.323092883466613 0.016837602095124957 0.028879894888462578
0 0.543920151132713 0.41901584979108 0.00620841649134019 0.011250489502878614
0 0.5950699175438913 0.7972747010007728 0.0413338620512199 0.3405433354090032
0 0.5690348976478248 0.5208840065720445 0.026484803450450428 0.20332637018091437
0 0.6000269947498815 0.5044501444591899 0.007197183493418401 0.010622236257412682
0 0.8012052565109226 0.3532299124696447 0.019159086187945845 0.014683233647276812
0 0.7143804942507194 0.23551257989619218 0.0062800628150528545 0.012618478558966166
0 0.7335161641126373 0.3016939890851699 0.007233006655274617 0.011306230785456457