0 0.2713671875 0.5709778357235984 0.030380859375 0.8580443285528031
0 0.275810546875 0.49941329856584094 0.036650390625 0.97622555410691
0 0.11908203125 0.8576727509778358 0.0714990234375 0.2846610169491526
0 0.3840380859375 0.6177183833116037 0.0545361328125 0.13503911342894395
0 0.6595751953125 0.8781551499348109 0.0424560546875 0.24305736636245112
0 0.661201171875 0.6889700130378097 0.0522216796875 0.13847457627118642
0 0.3043408203125 0.24885919165580184 0.0436181640625 0.04089960886571056
0 0.179052734375 0.1642372881355932 0.02021484375 0.0686897001303781
0 0.3168408203125 0.5222229465449805 0.06560546875 0.06484354628422424
0 0.5202294921875 0.07751629726205997 0.0938916015625 0.15503259452411994
0 0.4212109375 0.31115384615384617 0.040419921875 0.06495436766623207
0 0.3263330078125 0.8330638852672752 0.0469384765625 0.041101694915254235
0 0.685126953125 0.38574315514993485 0.022041015625 0.023109517601043027
0 0.1183642578125 0.6519230769230769 0.0361181640625 0.1372555410691004