0 0.23048523419757763 0.7823246408301519 0.10758249519529675 0.4353507183396964
0 0.18430188614745377 0.4565734662937501 0.0629649490709564 0.22293849571510901
0 0.15902945807620464 0.22210847126286187 0.08292742369995451 0.25152384745652656
0 0.47777181945379743 0.6697018866810697 0.1289413799934506 0.6605962266378606
0 0.38530811738819687 0.15373343574143403 0.045615381272962205 0.2249130679082559
0 0.4149138567050243 0.304577752776235 0.06040942808753914 0.09173558968004004
0 0.3847880068619366 0.5007918424013527 0.02250323575302093 0.042588984285253866
0 0.4010674284453286 0.5789208162066442 0.013961034595869901 0.01709583893422426
0 0.7006710538086484 0.9320081646442464 0.05449744873106762 0.10077587819734966
0 0.6668030367570822 0.7346328057192819 0.08759948905034573 0.29937939265794844
0 0.6287014348945709 0.5410671655095313 0.05666049706850787 0.14191255906685574
0 0.6054330038874053 0.41597004143307514 0.05361793254189481 0.1265651536566365
0 0.5744748032616072 0.23394208791833013 0.06595556868854323 0.22636537132400372
0 0.7553084652112592 0.8033138441660994 0.08085672186745033 0.23157921956715305
0 0.7108796554380634 0.5816831302033019 0.08239964784285107 0.24421980968948126
0 0.6666930898813249 0.3613865543293252 0.07885816574192706 0.2281908830685079
0 0.6268712489632383 0.16411108657067722 0.07277880834525936 0.1988205755593277
0 0.5985891126725892 0.051072922572111726 0.05282177465482171 0.05767171191608125
0 0.5460805251113603 0.9904784297378214 0.018520552643370783 0.019043140524357096
0 0.4681024169524558 0.5652970405855844 0.028167364595475645 0.09048306859692504
0 0.4032357976791821 0.1951652513246829 0.023662677285280494 0.0810381194219935