0 0.5893115234375 0.06810299869621904 0.043466796875 0.12953715775749675
0 0.369853515625 0.13016949152542373 0.0166552734375 0.2015645371577575
0 0.368525390625 0.008422425032594523 0.021806640625 0.010176010430247719
0 0.368994140625 0.4408213820078227 0.019619140625 0.40815514993481095
0 0.3736767578125 0.7707692307692307 0.0164990234375 0.09480443285528031
0 0.567861328125 0.9401564537157758 0.0331005859375 0.11968709256844849
0 0.5834814453125 0.4778748370273794 0.043212890625 0.663089960886571
0 0.817705078125 0.6045567144719687 0.0489697265625 0.5558409387222947
0 0.7272998046875 0.9566558018252933 0.1864892578125 0.08668839634941329
0 0.80267578125 0.8978683181225554 0.06033203125 0.0261864406779661
0 0.5403076171875 0.8165645371577575 0.024736328125 0.03678617992177314
0 0.492080078125 0.8783507170795307 0.011171875 0.016577574967405476
0 0.676337890625 0.6179465449804432 0.0144287109375 0.038794002607561925
0 0.843388671875 0.19092568448500652 0.0194580078125 0.04401564537157757