0 0.7935627399773153 0.289040325984743 0.05015922115985779 0.47021565563727263
0 0.7865294396923331 0.7732368587607157 0.050813168216872935 0.4535262824785687
0 0.37089480976581884 0.35792944368946905 0.08987070106098152 0.63465097296122
0 0.38922615687583745 0.846128929469444 0.0688259231342401 0.30774214106111214
0 0.10032533379424498 0.7535147147763562 0.06650553330337546 0.4929705704472875
0 0.06581991855296745 0.3037510356935067 0.048212116133217145 0.3720037318633558
0 0.19406009711059571 0.17939837018560847 0.05209908071053117 0.10172232306283509
0 0.5748567815641143 0.06730908625592136 0.017459689151406554 0.05533279059243803
0 0.5561417417867074 0.3502535596082455 0.05327140229603861 0.13832909948946964
0 0.4770768702934929 0.5859972686680639 0.06608340406429984 0.1730450632797783
0 0.4354554634812915 0.7181048260957186 0.03273093826248746 0.07331129761442139
0 0.6373081100682602 0.0973986402081917 0.05365125706712717 0.10927118865001308