0 0.7134185440702885 0.9888439443782792 0.022415826255170135 0.02231211124344163
0 0.7040598424197622 0.8443952692544301 0.036832683775254615 0.25106602287507745
0 0.690690293068227 0.6124300371323281 0.03437389043602179 0.192895896753904
0 0.6718763014327143 0.30437090534049027 0.04960856587661722 0.42925350491667436
0 0.4292633606058105 0.22222931668335097 0.06521049712065174 0.37183631529901423
0 0.45864936490494757 0.9520485585602168 0.04801133334659036 0.09590288287956658
0 0.44970258409256025 0.7642759486420889 0.057005620027044124 0.27022376607342796
0 0.39882525889165077 0.6872585592887102 0.013127119171704393 0.05053085238215095
0 0.4720884254157387 0.04584180987188653 0.012843035835056749 0.017936328262203104
0 0.3175154764456398 0.1496113411174473 0.026884219172698565 0.06137232193179861
0 0.23850519990007563 0.9919132300702319 0.021785503336846423 0.016173539859536085
0 0.23635691262037337 0.8840238344532312 0.03329505793482873 0.18108593147688976
0 0.23135365473078406 0.6171570479395091 0.017652328756562197 0.06586604814957592
0 0.2304434576653145 0.44128272144840747 0.027196710843010896 0.09722629846374131
0 0.22487169101339619 0.2957055329578078 0.02987708918482873 0.18082015339847396
0 0.22874453519106613 0.1877195226610803 0.02680536001650491 0.16429508155700073
0 0.3147286189131271 0.4693636227341356 0.015273078751590896 0.016822388781987996