0 0.2115283203125 0.47335071707953064 0.057822265625 0.9414863102998696
0 0.4498046875 0.35323337679269884 0.012431640625 0.6964406779661017
0 0.484873046875 0.25578226857887876 0.0052783203125 0.050332464146023465
0 0.435634765625 0.2319361147327249 0.004921875 0.04631029986962191
0 0.5014013671875 0.1243089960886571 0.03228515625 0.018657105606258148
0 0.5022509765625 0.3739765319426336 0.0315576171875 0.018820078226857887
0 0.57111328125 0.0800651890482399 0.0081689453125 0.15818774445893088
0 0.5671142578125 0.31058018252933506 0.0074462890625 0.19874185136897002
0 0.5640234375 0.48274445893089957 0.00974609375 0.03041720990873533
0 0.5613623046875 0.5685332464146023 0.0044189453125 0.06129074315514993
0 0.5622705078125 0.6410495436766623 0.0074462890625 0.03004563233376793
0 0.5578466796875 0.8165058670143416 0.00853515625 0.14970013037809646
0 0.5718359375 0.8803324641460235 0.0096240234375 0.08975880052151239
0 0.555302734375 0.974328552803129 0.0068408203125 0.05134289439374185
0 0.4562744140625 0.9099674054758801 0.0109716796875 0.07553455019556715
0 0.6896044921875 0.4615906127770535 0.041142578125 0.910019556714472