0 0.04234116795311898 0.8118244079189784 0.04860163952782195 0.1442314302076094
0 0.08332998175834397 0.6210318498428887 0.09279630493981499 0.26308142000428153
0 0.12825860110096976 0.4032292069039178 0.0814098358416668 0.20688560250173005
0 0.16381374149717798 0.23985881357991048 0.06960815186677698 0.1552985619014539
0 0.19013992615336192 0.10841760592304034 0.06587038850260149 0.13987788101208248
0 0.21225499149667104 0.0260931836650579 0.05664081065745157 0.0521863673301158
0 0.3258291508057539 0.009299664195044665 0.021952809499603227 0.01859932839008933
0 0.292910030244764 0.1544334354522047 0.05500511536832025 0.2272827340325393
0 0.22888232236453893 0.5012992531177914 0.07017594363556015 0.3299980755519029
0 0.18343807232319168 0.876596359004418 0.05306509576860676 0.08757461938191968
0 0.31171959027085483 0.8947593956084151 0.02800992732885818 0.10010568510656533
0 0.339508913315674 0.8925860014735761 0.0362466122084436 0.11775598314698313
0 0.3518418869428456 0.7963104664618975 0.03713435356038365 0.0833998511156542
0 0.29376227264109306 0.6456425807013942 0.06243155787125225 0.056326233654296017
0 0.35191222906795616 0.3232457800246873 0.0585556660393299 0.06140836940229903
0 0.39615100186436264 0.34399596613011973 0.04840454051461638 0.07607347905206555
0 0.44046523363328904 0.3319916799690386 0.07631346359735475 0.3693677547924383
0 0.486098114265443 0.07379168603669022 0.04993881682087743 0.07880343973596836
0 0.4546753499965718 0.05697565965531424 0.022725927654629604 0.0528429553727378
0 0.4829959626936728 0.02444263997443822 0.08757950318408295 0.04888527994887644
0 0.4103561750676257 0.019135063505185932 0.06284677274799386 0.038270127010371864
0 0.6195819181825721 0.9021605979883615 0.05180832060809085 0.12918853493804047
0 0.6503876327698517 0.9117323331885099 0.03703086089376123 0.10588942271991597
0 0.6683082745957225 0.9071185003459146 0.045094366767725 0.11360594592589639
0 0.6539316150148253 0.7368709114152886 0.09165373823946228 0.2259683426019208
0 0.6888299193999226 0.5258993529473694 0.09216131525253528 0.22665757894467892
0 0.7231686930702598 0.31859716327253923 0.09555272060546736 0.22221071016517613
0 0.7460063744455356 0.1172136346467035 0.07791452308536162 0.2053722063805706
0 0.6065721285358351 0.7387856973804549 0.03535762664625219 0.06676260566353942
0 0.5740904839121687 0.9532647165186906 0.03820640444823649 0.031189909069466892
0 0.47552700439135775 0.3816909192912772 0.034642234826432985 0.05415283951945681
0 0.4929408986776563 0.32086664978159135 0.021860447363271605 0.031623917705476574
0 0.51362331406595 0.3852422374552112 0.03975264075828924 0.0630319579139232
0 0.5528601167571425 0.4939296607414059 0.02544812225590841 0.03843532707166909
0 0.5643490416800371 0.531348006105427 0.021006927075705655 0.03951696819876876
0 0.573727049049724 0.5619341401774216 0.0199340467143518 0.0348272372351073
0 0.5867906587135248 0.5943046440628379 0.02559821072744698 0.047044598594848046
0 0.6150574513935622 0.6784471522390866 0.01986477511210314 0.03085372730133231
0 0.6051660943772813 0.6488813803376644 0.01845749674329804 0.03540853482935028
0 0.5967051062638885 0.6225459126530017 0.016911675169995626 0.03201632248981828
0 0.528107406312599 0.3077059511933192 0.031793042287698345 0.061275699608604885
0 0.5771289965088071 0.23887676332248106 0.04088324745485005 0.07103294715573036
0 0.7159224464167216 0.05202625271727161 0.024456058763844917 0.03838135769741172
0 0.6238433996121031 0.17447364230531168 0.01890734742116409 0.032786512893962394
0 0.6413143981284832 0.15301286927486654 0.014823640782495543 0.025948118840640983
0 0.6575279993792217 0.13261293544568697 0.015919611677932134 0.03196235311556072
0 0.6758180897504188 0.10680704962295932 0.021929718965520265 0.03559742763925141