0 0.2967529296875 0.04876792698826597 0.0216064453125 0.0636897001303781
0 0.3265185546875 0.04896349413298566 0.0390673828125 0.0908735332464146
0 0.36337890625 0.07894393741851369 0.0231787109375 0.0321251629726206
0 0.34642578125 0.11325293350717079 0.0387158203125 0.02108865710560626
0 0.410927734375 0.042144719687092574 0.0363427734375 0.07571056062581487
0 0.3353271484375 0.14022164276401564 0.013876953125 0.022940026075619294
0 0.37533203125 0.1879400260756193 0.0345751953125 0.06476531942633637
0 0.3478955078125 0.31776401564537154 0.049560546875 0.03794654498044329
0 0.35173828125 0.6155475880052151 0.0499072265625 0.04528683181225554
0 0.353056640625 0.9003194263363754 0.043828125 0.044973924380704036
0 0.4737451171875 0.0371251629726206 0.0084033203125 0.06797262059973924
0 0.4724560546875 0.11552151238591916 0.0081201171875 0.03251629726205998
0 0.4727099609375 0.21063885267275098 0.0078857421875 0.10632985658409388
0 0.4715087890625 0.55125814863103 0.0094384765625 0.03541720990873533
0 0.4704736328125 0.7322685788787483 0.009208984375 0.32161668839634944
0 0.4688134765625 0.9584485006518905 0.009091796875 0.08310951760104301
0 0.6257373046875 0.8273011734028682 0.0274169921875 0.05893089960886572
0 0.594794921875 0.6685071707953064 0.03880859375 0.117503259452412
0 0.68978515625 0.2959973924380704 0.046181640625 0.15449152542372882
0 0.7566162109375 0.04038461538461539 0.0255419921875 0.07327249022164277
0 0.71763671875 0.03739895697522816 0.022138671875 0.07005215123859192
0 0.86681640625 0.040352020860495434 0.013388671875 0.013917861799217732
0 0.7810107421875 0.8124250325945241 0.0450244140625 0.15411342894393742
0 0.8252197265625 0.9863689700130378 0.01626953125 0.016401564537157756
0 0.6632275390625 0.8541199478487614 0.0197705078125 0.030788787483702736
0 0.6027880859375 0.8224706649282921 0.015244140625 0.04685788787483702
0 0.6241064453125 0.8807301173402868 0.0172412109375 0.04756844850065189
0 0.640693359375 0.928670143415906 0.01705078125 0.04301825293350717
0 0.6555517578125 0.9685919165580182 0.014013671875 0.03701434159061278
0 0.665380859375 0.9933767926988265 0.0100048828125 0.012229465449804433
0 0.17884765625 0.6129856584093872 0.02150390625 0.06442633637548892
0 0.197197265625 0.660606258148631 0.013916015625 0.06895697522816167
0 0.2152392578125 0.7105019556714472 0.0214892578125 0.08127770534550197
0 0.2359521484375 0.7707887874837028 0.017421875 0.06822033898305085
0 0.25220703125 0.8267992177314211 0.01595703125 0.06765971316818775
0 0.267734375 0.8693220338983051 0.0130419921875 0.06686440677966102
0 0.28353515625 0.913129074315515 0.0149169921875 0.06863102998696219
0 0.2982421875 0.9586375488917861 0.0121826171875 0.059224250325945235
0 0.3116162109375 0.9837483702737939 0.0140576171875 0.032503259452411996
0 0.73697265625 0.12164276401564537 0.013671875 0.022829204693611476
0 0.717958984375 0.12715123859191657 0.0114306640625 0.02088657105606258
0 0.7508935546875 0.17309647979139503 0.0178515625 0.061766623207301176
0 0.767236328125 0.2346153846153846 0.02203125 0.05926336375488918
0 0.7805224609375 0.2901238591916558 0.01583984375 0.051225554106910036
0 0.792197265625 0.3420404172099088 0.01431640625 0.05301825293350717
0 0.806572265625 0.3931812255541069 0.0151611328125 0.049198174706649285
0 0.816640625 0.4378813559322034 0.01103515625 0.03816818774445893
0 0.8263134765625 0.47448500651890485 0.0115771484375 0.0336245110821382
0 0.8124169921875 0.6927966101694916 0.014345703125 0.046538461538461535