0 0.9079836532335034 0.1263635939756003 0.1509063995371341 0.2527271879512006
0 0.5589340643210099 0.08711893445936572 0.4587837436855229 0.10325594186863542
0 0.9681651193865121 0.40221281691552946 0.05737200487181507 0.7307370936392421
0 0.6722253046606964 0.30792432990876784 0.05254449666342261 0.3224096815214709
0 0.5571378640698058 0.46222114764053895 0.14897771740377963 0.05113401339881445
0 0.4688307996501077 0.2826215676069519 0.3164659638022836 0.08059672144996083
0 0.4541505847657058 0.5927513288830345 0.41389367559138485 0.17404378688713304
0 0.1987411138439422 0.588347130824254 0.09818069171853784 0.048567902497731755
0 0.863715530056459 0.5310503046551097 0.12631148999781408 0.25022313915579497
0 0.8093993008213768 0.8724960737266447 0.04528796097162305 0.03559213378559464
0 0.6032234193836576 0.9546649553687393 0.06832652842317341 0.031294400674785554
0 0.34578164319003485 0.9841533766270157 0.1140417233058627 0.015783305130898727
0 0.19039166397748047 0.9553135510431389 0.11175037771719286 0.08065743672549751
0 0.030687142691149385 0.9200125190860627 0.03457735998925122 0.15690885775334643
0 0.21297918315551895 0.04959974960230516 0.1061980248881055 0.0535899121615792
0 0.8699114718603744 0.9608782741547529 0.027725811288363905 0.03587327333776685