0 0.19266020709930054 0.039159476553321235 0.05655329091092983 0.07831895310664247
0 0.17733265850548063 0.1530334445438296 0.05570836278463378 0.1661030334088015
0 0.16072183730536496 0.3027490745142578 0.05082552335903367 0.1498549852504177
0 0.14378032786026024 0.47497640353775844 0.05869829487167638 0.2069315708682567
0 0.12451713175916147 0.683109625857564 0.06193308551531657 0.2154194867056791
0 0.31140015664582094 0.7227585970755275 0.04508438704951803 0.035154053829024076
0 0.33916488931695044 0.7040407976143027 0.014458466823933244 0.026943863181199273
0 0.3462054755617185 0.4236544059388853 0.04667112891119818 0.03588183734548484
0 0.37319829472410576 0.4070585854370163 0.016026816609529506 0.025561942056309832
0 0.39188250955308274 0.19295604951205544 0.0278815849441822 0.05598106524640819
0 0.37085888202865386 0.048044904649249986 0.021994050275037563 0.04534253037428445
0 0.3813386019388517 0.1319300896076339 0.057349911750044544 0.11268991400927711
0 0.5366577107196472 0.06028728374074121 0.027980045141150895 0.12057456748148242
0 0.5654181271585397 0.06200433337721749 0.029536133542691394 0.12400866675443498
0 0.6183540128608632 0.17994374079777525 0.1104794679380308 0.3455511637888138
0 0.5676756983229172 0.5622874085056382 0.12879805599245692 0.45271290061334246
0 0.5188257342949743 0.8823579663396538 0.09042700141325301 0.22078400631702294
0 0.5521108983626126 0.9528773507875561 0.016651778071861138 0.03682188302218108
0 0.5594688763071666 0.9808962771435105 0.015463162067477412 0.021334349894939285
0 0.6081706685652909 0.9762715690240377 0.01816495162920575 0.029110847973241007
0 0.8083829333567574 0.2177855275425921 0.03504932687360859 0.03218563961248916
0 0.9675401522591659 0.12950736845126493 0.03976700673897477 0.0899163628387569
0 0.9502428781141784 0.23070388310997336 0.04431302722755764 0.1279565094124226
0 0.9327741291546683 0.342453012414768 0.04099240689552603 0.10962330524869927
0 0.9170053552970953 0.43764748195364017 0.03771470140769007 0.09621274524812655
0 0.9037728423164952 0.52154927901196 0.03602986847356214 0.08423320364446449
0 0.88829509176799 0.6199042140735223 0.04059428103822913 0.12438305485948047
0 0.872005578212561 0.7158101013715147 0.03289316890236962 0.08699704589424337
0 0.8519944376840501 0.8381486682764115 0.04942270225819236 0.17022424814745898
0 0.8415219558394438 0.9364258659906065 0.019794608335081787 0.034761275652852267
0 0.5226258806784396 0.1698255577489981 0.016700823608084912 0.04244776206578173
0 0.5082938312901223 0.278712650259971 0.017993661376943824 0.06989028816067495
0 0.4964796507026939 0.37419736564904127 0.02125910548072378 0.08189437840034755
0 0.477997195023858 0.52077707873279 0.019512965626316315 0.06288248799218496
0 0.44357467523518734 0.8033470673001851 0.058938130109809674 0.35529776488588094
0 0.33715372541967187 0.9266760088667768 0.014838569729667175 0.07054442576910364
0 0.35095964266714763 0.9387698644292267 0.017325785070416422 0.05370770303165322
0 0.8640588692710615 0.5900374351936652 0.010120889864300988 0.0128137025428359
0 0.8491833308269658 0.4854722842913662 0.01013315124835723 0.014220172303736041
0 0.8323932430599541 0.3728485723392371 0.0106661523302692 0.014931590062856237