0 0.8305732175481613 0.5063587684069611 0.15168778388471688 0.9872824631860776
0 0.33827029568765765 0.4963186077643909 0.15048848716689847 0.9926372155287818
0 0.46819909337437465 0.9497991967871486 0.015296989066985225 0.09303882195448461
0 0.4238486127611224 0.9186746987951807 0.025999783401951124 0.06091030789825971
0 0.4536890170890301 0.9501338688085676 0.01360357308892528 0.04551539491298527
0 0.453217616860138 0.893239625167336 0.010832817436455151 0.040829986613119144
0 0.46761546856056646 0.7319277108433735 0.023944637893768158 0.2101740294511379
0 0.4642150583744314 0.47322623828647925 0.02199354234135921 0.1934404283801874
0 0.46935095991589915 0.23694779116465864 0.025059941229953947 0.1680053547523427
0 0.46070194051728397 0.30087014725568945 0.0067563484817633355 0.030789825970548863
0 0.4591672619300931 0.2031459170013387 0.014135656010942667 0.09906291834002677
0 0.5197200514924353 0.1931057563587684 0.025035151398553522 0.01740294511378849
0 0.5779022915649069 0.5873493975903614 0.08688935529010301 0.8253012048192772
0 0.6027339677381104 0.998661311914324 0.006163878695199077 0.002677376171352075
0 0.5526866798009319 0.9819277108433735 0.012070077816049265 0.03614457831325301
0 0.5707934629254166 0.8771753681392236 0.01002810613824148 0.03547523427041499
0 0.5698515499533685 0.8296519410977242 0.012829351051563688 0.049531459170013385
0 0.5627022824524118 0.6506024096385542 0.014210400020179415 0.012048192771084338
0 0.5298219354677208 0.6362115127175368 0.025953753682094242 0.024765729585006693
0 0.5309116700578312 0.6686746987951807 0.02627241177814752 0.012717536813922356
0 0.5274963110698488 0.42737617135207495 0.02746423409504216 0.01606425702811245
0 0.5426620937210301 0.3591030789825971 0.0084037347399664 0.04216867469879518
0 0.457149675684046 0.039491298527443104 0.01249574415366313 0.07898259705488621
0 0.5710974381635963 0.05220883534136546 0.013596690345159044 0.09839357429718876
0 0.5580331265690335 0.029451137884872823 0.014636066357793279 0.05488621151271754