0 0.1943505859375 0.1615645371577575 0.022197265625 0.3173924380704042
0 0.3146533203125 0.26300521512385916 0.0445751953125 0.5176466753585398
0 0.511728515625 0.3367601043024772 0.0180224609375 0.03647979139504563
0 0.728701171875 0.333148631029987 0.0131689453125 0.012848761408083442
0 0.7501220703125 0.2986440677966102 0.0201220703125 0.05955019556714471
0 0.7729638671875 0.37689048239895695 0.0114306640625 0.02317470664928292
0 0.801640625 0.4194328552803129 0.0105224609375 0.022092568448500653
0 0.818662109375 0.45726205997392444 0.019833984375 0.03373533246414602
0 0.8921337890625 0.5933572359843546 0.0198486328125 0.04000651890482399
0 0.926240234375 0.6592046936114733 0.0401220703125 0.07239895697522816
0 0.9573486328125 0.7159778357235984 0.018154296875 0.026623207301173405
0 0.463994140625 0.5765840938722295 0.01771484375 0.017529335071707952
0 0.44580078125 0.5969882659713168 0.0123486328125 0.008357235984354628
0 0.485712890625 0.5560039113428944 0.0144091796875 0.018435462842242505