0 0.5817187273723323 0.9254616059785158 0.02854670555976266 0.05781981590917449
0 0.6695714102058844 0.7736364989454453 0.03686057454203608 0.038683673035095796
0 0.5167362794404449 0.6685313788920292 0.017385091142447216 0.021460530761647386
0 0.5268378154653802 0.19293131484372458 0.029061353616332563 0.05639603730024428
0 0.659688760545025 0.09791061797995779 0.034796134752974724 0.0691261812400967
0 0.8705737673652141 0.1631958879774261 0.021049584927246155 0.08938057667578078
0 0.25306081991213575 0.7280553793084683 0.032918290259216214 0.058091394617907736
0 0.22208982177118308 0.7932776166105248 0.030042949683179807 0.051361891161101146
0 0.14108291691708327 0.6689145775960894 0.014875450921321158 0.03149487570134208
0 0.21116782354453456 0.1401125404930347 0.025496464813986527 0.04307281974099759
0 0.44076136790578213 0.17554139627918794 0.03516439732483827 0.2110847244305204
0 0.39421439862051016 0.5032721150142915 0.014466255409985779 0.06276808889587905