0 0.6795791353914615 0.040335479621936815 0.032706808582156376 0.02902855150928907
0 0.6908044692662867 0.22458850954645182 0.08272552091702165 0.3224304005004786
0 0.7099336714362304 0.5378868125392028 0.04025814105386894 0.08814237485640594
0 0.7150572207016097 0.620372139384588 0.03537762431610988 0.08002192899273283
0 0.6671798438728638 0.6566691757342153 0.03545402577598446 0.043675166153629624
0 0.7202865273541993 0.6866033963343722 0.024621128085844442 0.0353234856284582
0 0.6985634886533288 0.6980360958707055 0.014135089581932407 0.033594321659577854
0 0.6700295347398485 0.7019046186458077 0.034403019331988395 0.03305987010843854
0 0.7188160061726764 0.7811091441473983 0.014527063572095647 0.031626836247815295
0 0.7049826609730362 0.7984889304161392 0.01826634425798722 0.04631199000240552
0 0.6816416281621807 0.8835182767253686 0.043317531515302085 0.10874925440140869
0 0.6404919665608021 0.9479478302709796 0.0167539919865821 0.03633967605771871
0 0.6367215147676023 0.9819767123153809 0.027215773457184483 0.028154334747286826
0 0.5433668880204497 0.9518061610613701 0.03796184080213711 0.08210503173524455
0 0.4394552668494279 0.975574443189156 0.05509057936820167 0.04885111362168813
0 0.4541863533787935 0.6948468654777584 0.0637276042025331 0.13928282199946404
0 0.419882177360017 0.7187310029758636 0.042405268745796997 0.10078296497873417
0 0.43341061001194214 0.8400315865053607 0.06516718537400856 0.11951162010621416
0 0.4911618073260453 0.8097587151086403 0.03886027542364513 0.07090456225492346
0 0.41098080003291754 0.4901071121241962 0.06789694405989474 0.18108175452459924
0 0.398990329671158 0.19234891009291297 0.06396677527294763 0.21000886226590812
0 0.3862995735088358 0.05979968319528293 0.035825141995522086 0.06021218798923317
0 0.48224521526738345 0.03101056754317566 0.035509569465233086 0.02583291056189245
0 0.49815654741896703 0.09732499410032938 0.01996255500781902 0.05034330860155501
0 0.5293858051969716 0.1274047317584367 0.008446367830536759 0.01949434134011771
0 0.07437930103274677 0.9428775894247619 0.03492330811132994 0.04299364494287562
0 0.16346041461803887 0.964308959242291 0.08345801776256656 0.07138208151541793
0 0.05470385341880958 0.6637334205847237 0.056071982877691315 0.17269153488917807
0 0.07982305952791922 0.7582767121134855 0.023955066009382926 0.060411970321866036
0 0.03576643014085033 0.286914219320772 0.07153286028170067 0.38839797506538504
0 0.19177953644493012 0.34787648637799534 0.015380383389668174 0.029016368735548612
0 0.28679035803200487 0.3227008504991611 0.15885368767308738 0.5567042525817822
0 0.33940216525361333 0.8270892130752696 0.09292387428389962 0.2336045136442902
0 0.20383833870626114 0.21728411472005127 0.05346713971829935 0.09460364819031425