0 0.4618359375 0.44384615384615383 0.0121240234375 0.5315840938722295
0 0.460078125 0.866219035202086 0.0088037109375 0.2675554106910039
0 0.2354833984375 0.6283507170795306 0.023818359375 0.02048239895697523
0 0.284501953125 0.5354823989569752 0.0231982421875 0.06068448500651891
0 0.330810546875 0.41743155149934813 0.0177685546875 0.031245110821382007
0 0.288466796875 0.43494784876140813 0.0137158203125 0.015482398956975228
0 0.675166015625 0.47625162972620605 0.0179833984375 0.03435462842242504
0 0.6379150390625 0.4240156453715776 0.008720703125 0.01697522816166884
0 0.63697265625 0.5246610169491526 0.0085498046875 0.015423728813559322
0 0.6242578125 0.7254237288135593 0.0286865234375 0.070625814863103
0 0.73212890625 0.35131681877444587 0.0925537109375 0.23630378096479793
0 0.4042333984375 0.7307757496740548 0.021533203125 0.025814863102998697
0 0.1805712890625 0.835658409387223 0.111181640625 0.3286831812255541