0 0.2463493079629774 0.283887313272297 0.11868055035750151 0.24970523656639024
0 0.21438824422701205 0.07529536297365981 0.05898942005204197 0.10273189693302788
0 0.13988990503225546 0.44419287655256023 0.08277502409443668 0.07051507799841027
0 0.18964491284559315 0.5890023012164743 0.035476002168060475 0.08055070278566705
0 0.1490229688443981 0.6711035788055316 0.04160079297715152 0.08423713083593982
0 0.30184930805587606 0.6374258177390488 0.041050156715769996 0.07468956568662576
0 0.3507996063345259 0.948150370084272 0.047681150259173154 0.0777194772535597
0 0.38062671912786955 0.7835893130567245 0.04892791177797554 0.24713098798110505
0 0.4111909192591467 0.6129414404878418 0.01651248442261238 0.05110031607056867
0 0.43873863863051665 0.4509945715808977 0.047308587580348366 0.22597128573044142
0 0.48991479384482983 0.16228493842283642 0.056204333107174966 0.28147717218034607
0 0.5726582052588991 0.050182588635013826 0.034271051415468726 0.03764604867751503
0 0.633241600772756 0.10980035134574315 0.05598182599754876 0.11347371692149694
0 0.6252335538811675 0.43351053213785384 0.0363580692906144 0.04930569702987359
0 0.6367039444376136 0.7295638759404627 0.03331492841446574 0.051884251712220116
0 0.6012714038904723 0.8343516893764027 0.04004960018769749 0.07872368708867787
0 0.5664796780392808 0.9109438437335926 0.04878834725221218 0.09817515176987492
0 0.8041915408476179 0.3803078864651294 0.10643096873931947 0.24233238046584485