0 0.7272769488536168 0.66376420724937 0.07084355200081788 0.09176842348587923
0 0.6088361443488729 0.2953663278823992 0.0560469967525626 0.13506646880006085
0 0.9657716843212485 0.3167225899027979 0.06407498083761266 0.2399245935323606
0 0.5629957072334474 0.038366037320064474 0.03105962209908609 0.025579011970816266
0 0.1558476035236835 0.035635399314941654 0.12375561262476417 0.06538034336890118
0 0.10632670947181437 0.5893835465007601 0.024551802480120663 0.0369999570059584
0 0.12387239222088929 0.48215589303851664 0.025987731264289726 0.06849554559468003
0 0.25120753819402114 0.9346535450032532 0.1139415267721238 0.05892190977878118
0 0.3859616219178675 0.9711972042288192 0.10330852006566633 0.05760559154236166
0 0.37854966521526806 0.680982281338441 0.021352841973463363 0.02732851271722154
0 0.4737429238126238 0.9576301844488678 0.044329397753376826 0.08473963110226441
0 0.49670217705871056 0.8362203443236516 0.05364647993325319 0.14729876955807886
0 0.5173082170837116 0.7301142035495977 0.03573027996558491 0.06948202296045003
0 0.5136990814648388 0.653363535064509 0.022368489993479602 0.02667635848788571