0 0.3467578125 0.2005541069100391 0.0953564453125 0.3942503259452412
0 0.46375 0.1930508474576271 0.1279150390625 0.34659061277705344
0 0.2795703125 0.3417535853976532 0.0429248046875 0.08573663624511083
0 0.1501708984375 0.2320664928292047 0.06412109375 0.17977835723598434
0 0.2034765625 0.3469752281616688 0.0346728515625 0.0700651890482399
0 0.137158203125 0.08983702737940026 0.043818359375 0.06345501955671447
0 0.272724609375 0.19966753585397654 0.02923828125 0.18191003911342896
0 0.31736328125 0.49609517601043024 0.1578125 0.19364406779661017
0 0.3431982421875 0.676238591916558 0.0320263671875 0.16380052151238592
0 0.5643017578125 0.06548239895697523 0.055654296875 0.08367014341590612
0 0.627900390625 0.04059973924380704 0.0458935546875 0.07179269882659713
0 0.833564453125 0.10591264667535853 0.020986328125 0.02997392438070404
0 0.8897265625 0.06254889178617992 0.0119677734375 0.026851368970013036
0 0.916826171875 0.08436114732724902 0.0133251953125 0.06786179921773142