0 0.5682053377045885 0.043227665706051875 0.008542525952834263 0.0345821325648415
0 0.5720732686095517 0.2219020172910663 0.02194460079153559 0.27593659942363113
0 0.5807231198281928 0.5918587896253602 0.03038751873602839 0.3854466858789625
0 0.5878072420505724 0.895893371757925 0.01811795149736844 0.18948126801152737
0 0.7185672442924605 0.9607348703170029 0.023265684584862036 0.0468299711815562
0 0.7049691559187508 0.8868876080691642 0.04920272629178804 0.05043227665706052
0 0.7013560374932312 0.6268011527377522 0.049723270989816014 0.04899135446685879
0 0.6979312153452543 0.3523054755043228 0.051824279409681526 0.0446685878962536
0 0.6751138194712075 0.09654178674351585 0.02604728953866679 0.053314121037463975
0 0.8887626813220499 0.236671469740634 0.01907035262422314 0.09726224783861671
0 0.875045210218464 0.5021613832853026 0.0283836683054608 0.0670028818443804
0 0.8476804592417586 0.5943804034582133 0.03892363972551192 0.0893371757925072
0 0.8095046847147185 0.6884005763688761 0.04109055184251735 0.09005763688760807
0 0.7868799599361337 0.7687319884726225 0.03711722047062269 0.07492795389048991
0 0.7597660664945649 0.8623919308357348 0.02052173888656602 0.043227665706051875
0 0.8772596162784676 0.9311959654178674 0.0175330080274642 0.02089337175792507
0 0.6430823306619673 0.8760806916426513 0.012782202048073532 0.02881844380403458
0 0.6426788586326428 0.9275936599423631 0.007379043976375543 0.028097982708933718
0 0.45686629358827247 0.10194524495677233 0.01859292705127402 0.019452449567723344
0 0.4924791213107063 0.10086455331412104 0.022349717703994302 0.018011527377521614
0 0.4976774108650023 0.3634726224783862 0.024113017833804554 0.11167146974063401
0 0.46593571652920707 0.37788184438040345 0.024263654855838885 0.12319884726224783
0 0.4743971315124344 0.6177953890489913 0.015375510724335585 0.02089337175792507
0 0.18244729430346085 0.23703170028818443 0.019750949158162136 0.10806916426512968
0 0.3075355363624109 0.03422190201729106 0.03667472421839713 0.04106628242074928
0 0.3361594223796094 0.09329971181556196 0.024664536908249008 0.07132564841498559
0 0.2170299523689795 0.3973342939481268 0.035734467840205036 0.09293948126801153
0 0.2410845038473678 0.3314121037463977 0.02323471020844543 0.08573487031700289
0 0.2604931772664069 0.27017291066282423 0.026461541349260924 0.08501440922190202
0 0.2758565432420803 0.20893371757925072 0.020660231159937866 0.09510086455331412
0 0.2979028694719819 0.11095100864553314 0.016783777861599864 0.04610951008645533
0 0.2880260299255083 0.14445244956772335 0.011446523487041671 0.05043227665706052
0 0.224978120038032 0.5320605187319885 0.025790359629198806 0.07492795389048991
0 0.24891983370776538 0.6192363112391931 0.03859139130502683 0.10518731988472622
0 0.2735529236927076 0.7154178674351584 0.030908343349797567 0.09510086455331412
0 0.2946928378134894 0.7899855907780979 0.025611478165533108 0.061239193083573486
0 0.3137882323976685 0.8559077809798271 0.027493215931439312 0.0814121037463977
0 0.41780533392563257 0.7590057636887608 0.021581657910375716 0.04178674351585014