0 0.8599414755542203 0.05329523284143007 0.03338904547746276 0.027265095767799837
0 0.8457360349049676 0.09457438357378128 0.04110234429561896 0.058876779225819506
0 0.8007777825805075 0.27815078790397846 0.09540915235095013 0.2752492588827846
0 0.7472448175141884 0.4828336482655157 0.05954743791161398 0.1307926615855293
0 0.716221951414717 0.6131700567793482 0.05854981436020499 0.13212470774186588
0 0.689539121879406 0.7287202534315895 0.03869038530925195 0.0882914160205225
0 0.6464292120717329 0.8638731228846546 0.08348990889193647 0.17141940941702793
0 0.6892983274996046 0.10497814247574741 0.038520961609152006 0.04810381354697938
0 0.6322211937187154 0.14888651015652057 0.048280758181037 0.10242871251768641
0 0.4222074600328604 0.8369070110810357 0.15199555735656461 0.2655535613486673
0 0.35348773745717704 0.8330885948539019 0.07380649404292623 0.2277563277679407
0 0.25798879003082537 0.7594616568884754 0.12458131110248546 0.3268549248947853
0 0.4077984273582611 0.07196287017515957 0.11236924697839298 0.14392574035031913
0 0.3377078905611543 0.37195744138003967 0.17381317184631856 0.4631886986801734
0 0.23592639287920933 0.5028628818889059 0.08165462616462286 0.09304227370444675
0 0.10295263965182282 0.05961919813695619 0.08223031391669336 0.11923839627391238
0 0.05854183779608314 0.2068916895076677 0.07054642804907593 0.2014246633620849
0 0.07508236145533667 0.2330931373080606 0.05504768409869508 0.16074974995740343
0 0.026275930539411525 0.47439996192762096 0.05255186107882305 0.2845805570499914
0 0.03548266490960312 0.45114113726972194 0.060642338849054865 0.19219667141409352
0 0.14801311189722874 0.5336633856124402 0.08228728273688479 0.07124222427192181
0 0.12827023244455338 0.7018873736856683 0.015318872418702018 0.024450191599497507