0 0.3828793149646821 0.17962420962338732 0.06625295062025939 0.06254145070916456
0 0.33142526392571964 0.47965932690423957 0.06052925482970801 0.058817987040831805
0 0.2849906034715418 0.7619553070446475 0.06215432348479553 0.06718919195678952
0 0.19649946548003638 0.2846440446468917 0.022263114209011545 0.061180271313038326
0 0.1920942193852497 0.34319746974359183 0.1029903874179105 0.06287296843662933
0 0.24209858828428307 0.1737469971048843 0.022738552938678432 0.05636348069719583
0 0.30772444223918677 0.045465378338933715 0.03203123191700342 0.05403192734370443
0 0.3211130995805153 0.097590564533466 0.03197100389697701 0.04711629802143608
0 0.3325757294808953 0.13649153033157985 0.024134755117666013 0.038455294188534175
0 0.34117651148599965 0.17353076429552725 0.025699595752727004 0.03991086978222383
0 0.35058380501664504 0.2140640377852268 0.024694513075369608 0.043320384623867295
0 0.36232631389587694 0.25539754880100723 0.028299633075158835 0.04141474519540415
0 0.3729764094687132 0.290112912141142 0.025157906201031286 0.03712046814357117
0 0.3787364233855509 0.32771088453371694 0.022082430148932686 0.04043338334623335
0 0.38954594189718644 0.3510275344469817 0.01794766620145283 0.04093174700049754
0 0.3987966425757634 0.3735801716987836 0.021095415877583044 0.04591758698455735
0 0.40709345439400535 0.40542060871615715 0.02060190874190828 0.04865968880371939
0 0.5168862734764229 0.20972588245438095 0.04160095978744929 0.08351226887264733
0 0.7056404865226723 0.11000144401643183 0.03567248872880839 0.05627566550860227
0 0.6767063544075884 0.14425246512550252 0.024724627085382807 0.046778199285001494
0 0.6513321712772739 0.17141112481440882 0.025759823772753408 0.04682649910449216
0 0.6288108018392312 0.19939417193914125 0.018423104931119837 0.036114956384655
0 0.6088081618965848 0.21954499489199175 0.022624119700628404 0.04322378498488605
0 0.5878425988905994 0.24794627321207363 0.02051758951387146 0.03897780775254373
0 0.5694047995830142 0.2695526717586138 0.01788141537942388 0.03332455474600238
0 0.5481653804001795 0.29621296779325584 0.025820051792779814 0.05374212842676045
0 0.5543460838858488 0.2335946897873034 0.037297557383895785 0.06464687042456028
0 0.5227610832598518 0.319913812821028 0.03045434567793686 0.05119322588556105
0 0.49794364668623975 0.35159178147915404 0.021667219439292083 0.052165803284344135
0 0.4786872902491081 0.36832101463548833 0.02367738479400688 0.04534677360105713
0 0.4553774776915322 0.3948847110311492 0.02475474109539601 0.0502360139461357
0 0.4328079258374685 0.4173352546980669 0.025200065815049695 0.041961408669159
0 0.41159560926364563 0.44710758392772976 0.053607746697714925 0.036374024382883896
0 0.39108139377931656 0.46792581990306176 0.023051376014274337 0.03287449091122885
0 0.4302204780618536 0.5063898985419837 0.051338963485427845 0.07290611024217926
0 0.45306972758049857 0.4566467689618513 0.03246451103265189 0.0443741962022742
0 0.6336217514394404 0.5438770368722126 0.11072424856317692 0.059777402421675174
0 0.8042706175465454 0.20688942841058142 0.05008164838104191 0.16617050645382042
0 0.7346853861593204 0.4746252603888989 0.0402710084304909 0.10902764763580419
0 0.7097358105701915 0.5505391067997969 0.02322603727235053 0.052929815945807
0 0.6766593308187878 0.8220521962118407 0.020541680721881877 0.04174405948145106
0 0.6153370605817082 0.9843981738449433 0.03208543713502704 0.031203652310113378
0 0.5260300851747142 0.9626128837320149 0.022557868878599455 0.03561659273039105
0 0.5034665561226531 0.9829118526748966 0.024664399065356522 0.034176294650206954
0 0.4808939928675881 0.99660589459064 0.020433270285834634 0.006788210818720039
0 0.3766474886035878 0.7413456504642777 0.06946840163258279 0.31293553199476865
0 0.44958999853714154 0.2947244431817912 0.0478667077582376 0.14947639644139504
0 0.4299297517372926 0.20566869761716544 0.047137948715919156 0.06579728164194837
0 0.5793724659557723 0.9091078768351558 0.014173907745589956 0.023473624326609287
0 0.567335383721223 0.9230631755329041 0.009467340236401178 0.01772377168108669
0 0.5563094069660338 0.9343005223212356 0.012049309152825132 0.01715295829758663