0 0.7036829101944024 0.8690074919410071 0.075536713504227 0.1988113749908132
0 0.6408489082783174 0.8150972783801468 0.05564988648622269 0.08970359469891122
0 0.6694927984931817 0.6146346588763721 0.0623237854935438 0.10521976637818022
0 0.565332353625754 0.3337102661243785 0.1812442646803804 0.6600480081141988
0 0.5058698535607505 0.4829715178503888 0.028467343917899554 0.028338051561433746
0 0.5791088820960296 0.785095005104163 0.02952108469766785 0.028346234163136832
0 0.7832452025408994 0.934645865705267 0.02137848574433485 0.024065455367662626
0 0.9905705932402178 0.6899253907745508 0.018858813519564442 0.06209332582303712
0 0.907759116509118 0.4052559452056294 0.029322087649809186 0.07122310536633325
0 0.8976671758837103 0.28778912671493234 0.02423666014103604 0.04658124544461966
0 0.8673554744980324 0.23624023279779474 0.024915365605405543 0.05853623841227086
0 0.8091344297967371 0.09660900723735433 0.027869108361588218 0.06418257396012934
0 0.8527615545719234 0.14615252468485715 0.031134381595637663 0.08459275069658775
0 0.82109606131877 0.042928140957194154 0.02729445379196339 0.07261320992382703
0 0.7884778813256974 0.034239753039846554 0.025849334832638123 0.056434716372623824
0 0.5436628073583998 0.03550185510588437 0.023637802378356856 0.03603272223786862
0 0.28103313062954804 0.27491714924382665 0.02688735495461514 0.07471882326432565
0 0.2589946569335305 0.1464622271378444 0.0589635661063806 0.14807208977626707
0 0.410119601359932 0.8140085234876021 0.059017966202281225 0.03771330915582485
0 0.4273998986828338 0.9127466256451661 0.06380159018118685 0.17450674870966779
0 0.3471872311557101 0.5681990592313301 0.1277006153409586 0.47757468740780074
0 0.5096603589194668 0.9746417578099127 0.027837044839638402 0.05071648438017468
0 0.43375262301358686 0.1959696261767171 0.022999020764832272 0.024780964150667485
0 0.7577370556319042 0.12819297291182233 0.027318034778650014 0.04519932348882902
0 0.8810790442113839 0.6078425889037347 0.049574223035213034 0.03834290062094651