0 0.1895556640625 0.4339243807040417 0.101767578125 0.228129074315515
0 0.1050927734375 0.4306779661016949 0.0337548828125 0.14775749674054758
0 0.3934814453125 0.23534550195567144 0.0245947265625 0.43071056062581486
0 0.4442578125 0.12916558018252933 0.0610400390625 0.17054106910039113
0 0.6520068359375 0.6154954367666232 0.019033203125 0.05697522816166884
0 0.4787255859375 0.5569752281616688 0.02130859375 0.11117340286831812
0 0.5038525390625 0.5513559322033899 0.023203125 0.12240547588005216
0 0.393974609375 0.5833441981747066 0.0158203125 0.1863689700130378
0 0.332568359375 0.449348109517601 0.01076171875 0.10647327249022165
0 0.2836767578125 0.6038526727509778 0.0412451171875 0.03088005215123859
0 0.31216796875 0.7811082138200782 0.0162255859375 0.03448500651890482
0 0.283466796875 0.8617992177314211 0.045029296875 0.018996088657105607
0 0.758837890625 0.3904302477183833 0.00958984375 0.0953129074315515
0 0.4885009765625 0.40978487614080833 0.013525390625 0.16209256844850065
0 0.6293994140625 0.6867926988265971 0.0345849609375 0.04797913950456323
0 0.518154296875 0.18784876140808346 0.0181591796875 0.08597783572359842
0 0.39796875 0.8367796610169491 0.0196044921875 0.27776401564537156
0 0.43529296875 0.3982790091264668 0.0550390625 0.11101043024771838
0 0.472939453125 0.29455671447196874 0.03287109375 0.0290612777053455