0 0.3479987433541793 0.9509147144725646 0.04446058870999893 0.08176904897059205
0 0.37870766452007204 0.6051221574738221 0.029817646181620305 0.4702211341492485
0 0.42969989820883964 0.502917584635043 0.03582930064774755 0.43975813268489394
0 0.43003198036353535 0.8737870020150067 0.024021636131579042 0.25242599596998666
0 0.48103920309206083 0.9887183021810884 0.05969524852227238 0.022563395637823218
0 0.5727440135423775 0.8402245155543515 0.03628730093038992 0.31955096889129697
0 0.5799030870139543 0.4839300102128691 0.025528232970071094 0.2553497704454211
0 0.37990927488221504 0.24879297198483014 0.013960426147165916 0.23799825697255578
0 0.1673619943349404 0.3123915998103322 0.04799519826373841 0.5782450303903417
0 0.154566858634151 0.8115932808129859 0.030255917229836286 0.3768134383740283
0 0.6741347460936189 0.17340920294229725 0.029584161997548045 0.0753479020508953
0 0.6581012120359729 0.09599853352351308 0.02966419994594157 0.04376571718098088
0 0.5538632229098912 0.5293848630292695 0.02688724477824057 0.13305033711526298
0 0.4977738300817175 0.549094019469251 0.028060334097922544 0.07193898893995329
0 0.4280760469744766 0.17373516012276388 0.014909511672112696 0.1597591090607507
0 0.3286201097423214 0.05258182109271669 0.03635897950013434 0.027833837829584176