0 0.46345703125 0.013722294654498046 0.0084619140625 0.02151890482398957
0 0.49033203125 0.012281616688396349 0.0125537109375 0.016760104302477184
0 0.4589990234375 0.5545893089960887 0.0179931640625 0.8905932203389831
0 0.4915869140625 0.9633833116036505 0.0325 0.059445893089960886
0 0.2020458984375 0.5644589308996089 0.0119873046875 0.02044328552803129
0 0.20740234375 0.6740091264667536 0.0079443359375 0.014295958279009126
0 0.2067626953125 0.7497001303780965 0.0066650390625 0.014934810951760105
0 0.246279296875 0.5163950456323337 0.011279296875 0.015736636245110822
0 0.6930908203125 0.06490221642764016 0.0109912109375 0.021720990873533248
0 0.7049267578125 0.06499348109517601 0.007333984375 0.009902216427640156
0 0.5120654296875 0.3127705345501956 0.02619140625 0.026427640156453717
0 0.48001953125 0.29534550195567144 0.0139306640625 0.02102346805736636
0 0.5688037109375 0.34067796610169493 0.018564453125 0.02199478487614081
0 0.6149560546875 0.35026727509778355 0.0231298828125 0.030215123859191655
0 0.6440771484375 0.4382855280312908 0.012021484375 0.012196870925684486
0 0.6012939453125 0.4021121251629726 0.0132470703125 0.02636245110821382
0 0.4939697265625 0.5453715775749675 0.008193359375 0.04479791395045632
0 0.477548828125 0.5301825293350717 0.0169482421875 0.01726857887874837
0 0.51068359375 0.5490677966101695 0.0231787109375 0.021473272490221643
0 0.4715185546875 0.6684550195567145 0.0059130859375 0.03536505867014342
0 0.4715185546875 0.6264863102998696 0.0084814453125 0.0348761408083442
0 0.6563134765625 0.8696414602346806 0.0148291015625 0.0288135593220339
0 0.6249365234375 0.9745176010430249 0.00638671875 0.05096479791395046