0 0.0831921561988513 0.45585287691580884 0.1663843123977026 0.8703455282196644
0 0.1624360989100136 0.02380725014001499 0.0493282286192052 0.04761450028002998
0 0.223855034998761 0.012033629983315164 0.10772703021569763 0.02406725996663033
0 0.4324216451260182 0.4856430300195061 0.25242749866054354 0.9712860600390122
0 0.4171054931683257 0.866203057864805 0.060827532947744005 0.2182992001062497
0 0.46323330197868146 0.5963244730393557 0.05720570730122764 0.17546466799943577
0 0.4866444191678573 0.4590579296403449 0.035902693974114046 0.05287388123039308
0 0.516510557952156 0.26638054112688975 0.07194855104044662 0.24726180311219229
0 0.5520555022127048 0.048194401242048775 0.03993343287076984 0.09217203211889644
0 0.9314717574133597 0.09484449315366462 0.03020126591405906 0.07251843305809894
0 0.8639445265717067 0.5587831357861102 0.21124976845368956 0.808413635829887
0 0.6660219165101264 0.7024147447182745 0.07659115059188625 0.12090400616159384
0 0.7044430183041313 0.8673731322768108 0.16516786066054306 0.20396828243521986
0 0.6375067717793538 0.5128170031131857 0.031812091756541636 0.05766065747260534
0 0.21996946624736702 0.5063446413261642 0.05887492674844701 0.08594492934233156
0 0.22598850335576126 0.6237495596877433 0.07229025238877054 0.13492516932012255
0 0.2677882242136761 0.9055249766103218 0.06590387290739744 0.08911727264959113
0 0.24932138577177373 0.8246110384192035 0.06544530534110919 0.09122915244340046
0 0.24225960802425076 0.7371206499721545 0.06211119658671903 0.10245105743881226