0 0.1156787109375 0.07271186440677967 0.0252587890625 0.13666883963494134
0 0.1228759765625 0.26518252933507175 0.0496240234375 0.2456844850065189
0 0.129287109375 0.483728813559322 0.0481982421875 0.18992829204693612
0 0.13609375 0.6482855280312908 0.0454150390625 0.13940677966101694
0 0.1393359375 0.7802151238591916 0.0440625 0.1245045632333768
0 0.14296875 0.8900521512385918 0.0413525390625 0.09203389830508475
0 0.14638671875 0.9676857887874838 0.042490234375 0.0646284224250326
0 0.250849609375 0.9261538461538462 0.0119580078125 0.05863102998696219
0 0.2471435546875 0.758735332464146 0.0159521484375 0.22140808344198173
0 0.2440087890625 0.4121707953063885 0.013115234375 0.3246414602346806
0 0.2640380859375 0.041453715775749675 0.04005859375 0.07511082138200782
0 0.391728515625 0.052933507170795306 0.0113525390625 0.09732073011734028
0 0.418291015625 0.06108865710560626 0.0165625 0.11362451108213821
0 0.4136865234375 0.15631029986962192 0.023837890625 0.07492177314211212
0 0.3316552734375 0.2878552803129074 0.0556689453125 0.037640156453715774
0 0.33322265625 0.6099478487614081 0.0510302734375 0.04385919165580183
0 0.3798046875 0.6000651890482399 0.0374755859375 0.06361799217731422
0 0.420830078125 0.621232073011734 0.0123046875 0.3646153846153847
0 0.4212841796875 0.8788135593220339 0.038310546875 0.06554106910039113
0 0.3878759765625 0.8880312907431551 0.01416015625 0.04805736636245111
0 0.4074169921875 0.9399282920469361 0.0783544921875 0.05247066492829204
0 0.3370751953125 0.9210756192959583 0.0569482421875 0.03272490221642764
0 0.69435546875 0.10071707953063885 0.026240234375 0.1473076923076923
0 0.7267724609375 0.09227509778357237 0.013046875 0.14120599739243808
0 0.7452880859375 0.08951760104302477 0.01689453125 0.17161668839634941
0 0.6972314453125 0.28020208604954366 0.055537109375 0.2069426336375489
0 0.695126953125 0.4900782268578879 0.0556298828125 0.20763363754889178
0 0.69337890625 0.6966166883963494 0.06001953125 0.20164276401564538
0 0.681181640625 0.899973924380704 0.044951171875 0.20005867014341588
0 0.651513671875 0.2676988265971317 0.0251318359375 0.05820078226857888
0 0.6598291015625 0.035795306388526724 0.0282080078125 0.06050847457627118
0 0.4632177734375 0.5811082138200782 0.026572265625 0.045052151238591916
0 0.4699462890625 0.6434941329856584 0.017392578125 0.02559322033898305
0 0.501005859375 0.5864146023468056 0.030751953125 0.05225554106910039
0 0.5575830078125 0.49089960886571055 0.0200048828125 0.031479791395045635
0 0.5752392578125 0.45752933507170795 0.01490234375 0.03415906127770534
0 0.5894384765625 0.4300782268578879 0.0145947265625 0.030071707953063888
0 0.607646484375 0.40183181225554104 0.01849609375 0.04053455019556714
0 0.64939453125 0.3275423728813559 0.0154638671875 0.025599739243807044
0 0.6349072265625 0.35358539765319424 0.0130810546875 0.030788787483702736
0 0.6221044921875 0.3769361147327249 0.01224609375 0.028057366362451108
0 0.50189453125 0.663767926988266 0.022333984375 0.05353324641460235
0 0.53779296875 0.7408213820078228 0.0302880859375 0.060384615384615384
0 0.64087890625 0.9506584093872229 0.018701171875 0.0320013037809648
0 0.572197265625 0.8129204693611474 0.01396484375 0.0283116036505867
0 0.58548828125 0.8372359843546284 0.0111474609375 0.022333767926988265
0 0.59779296875 0.8605280312907432 0.0108251953125 0.027959582790091263
0 0.611240234375 0.8891329856584095 0.0166357421875 0.0301238591916558