0 0.2453955078125 0.04815514993481095 0.0322216796875 0.07348109517601042
0 0.2489111328125 0.3157105606258149 0.0319775390625 0.4320925684485007
0 0.254091796875 0.7033181225554107 0.0283984375 0.2754628422425033
0 0.2559765625 0.8811147327249023 0.0296875 0.06757496740547587
0 0.25609375 0.9610495436766623 0.026337890625 0.0728096479791395
0 0.476328125 0.7489308996088656 0.04958984375 0.07928943937418513
0 0.4823681640625 0.36638852672750977 0.0444482421875 0.17075619295958278
0 0.430009765625 0.5246023468057367 0.0212109375 0.04999348109517601
0 0.3985107421875 0.4384810951760104 0.0136865234375 0.030860495436766625
0 0.4210888671875 0.42726205997392436 0.00787109375 0.02810951760104302
0 0.3512890625 0.459348109517601 0.0162841796875 0.027522816166883964
0 0.2973828125 0.4875488917861799 0.030986328125 0.045189048239895696
0 0.66599609375 0.09777053455019556 0.062373046875 0.19382007822685787
0 0.657216796875 0.46692307692307694 0.0723876953125 0.4991655801825294
0 0.6441748046875 0.862568448500652 0.057958984375 0.2648761408083442
0 0.9521875 0.04039113428943938 0.0351513671875 0.07042372881355932
0 0.9557421875 0.13818122555410692 0.0215771484375 0.09915254237288135
0 0.9344140625 0.3782529335071708 0.0513037109375 0.32901564537157757
0 0.9309619140625 0.2092503259452412 0.0150537109375 0.0686897001303781
0 0.91529296875 0.7134615384615385 0.0475244140625 0.3248305084745763
0 0.9028515625 0.9454106910039113 0.039013671875 0.09685136897001304
0 0.797822265625 0.7994132985658409 0.0271240234375 0.07239895697522816
0 0.5412841796875 0.04608213820078227 0.0286572265625 0.07749022164276402
0 0.5656298828125 0.12532594524119947 0.025634765625 0.08350717079530638
0 0.59099609375 0.195 0.025732421875 0.08333767926988266
0 0.6132958984375 0.2648239895697523 0.0164599609375 0.08058670143415907
0 0.7253125 0.9544002607561929 0.04716796875 0.03858539765319426