0 0.273818359375 0.3041590612777053 0.257978515625 0.12160365058670143
0 0.2951904296875 0.7670078226857887 0.289267578125 0.1298565840938722
0 0.746015625 0.4404889178617992 0.1600634765625 0.1058735332464146
0 0.4400048828125 0.9673207301173402 0.026328125 0.03680573663624511
0 0.3888037109375 0.9752868318122555 0.020556640625 0.022750977835723597
0 0.550341796875 0.8652086049543677 0.0739599609375 0.049739243807040416
0 0.582509765625 0.7488461538461538 0.0658154296875 0.008644067796610169
0 0.547109375 0.5343285528031291 0.057939453125 0.008207301173402869
0 0.5645263671875 0.32665580182529336 0.051201171875 0.03346805736636246
0 0.463671875 0.17826597131681876 0.028037109375 0.12922425032594523
0 0.7215625 0.26936114732724903 0.1940283203125 0.11430247718383311