0 0.3968007037667988 0.9318864636994081 0.05917610340344814 0.046824697526317884
0 0.3983244202049754 0.6370670204925274 0.057336201215805786 0.050032656160315124
0 0.3980646740107138 0.3569740330494828 0.05650436354429247 0.05331900425254927
0 0.4152927512351265 0.0860113548562256 0.01790189779736207 0.025519536424299775
0 0.4382297904788815 0.10705210852703596 0.03787981827168799 0.06192381719746221
0 0.4722739839707438 0.46680071680470303 0.11489259314120223 0.8614373001872998
0 0.4934781486691244 0.9928279466780678 0.03255753273965762 0.014344106643864403
0 0.46857427694467646 0.9722656909205505 0.047181611227167713 0.019083707811062167
0 0.4543414690171405 0.9444692276691579 0.014877704248974973 0.02528436804958915
0 0.4875212116718414 0.9342112850055063 0.02771463118990926 0.040356939260409966
0 0.44984411297762056 0.9949025767251714 0.028324399554743272 0.010194846549657306
0 0.20873516823159585 0.990912068806892 0.023023308208994106 0.01787530832347198
0 0.27156627618220813 0.18260712693780334 0.018846379754647834 0.08189034835573993
0 0.5376002868389619 0.26309296693038153 0.03238130589504191 0.052783552275053144
0 0.5054885023450957 0.262622944161644 0.015970310685592296 0.04614574086250982
0 0.5344208258076041 0.18852001461236012 0.02888832545751357 0.05318213668131839
0 0.7332119028255364 0.07931398815865802 0.019463291123120858 0.045747156456244574
0 0.7559652541241025 0.6594725033567389 0.08907846225754942 0.5410817277684173
0 0.6076042478824273 0.9411843142503622 0.018723138375734957 0.031615258744266336
0 0.6301516261986408 0.8875312128582556 0.03154946822352859 0.05606990036728745
0 0.6541705573735547 0.8299384132283797 0.027235247207627364 0.0503727624535864
0 0.6742964849148941 0.7838674292858825 0.02544118748204872 0.044871598185477556
0 0.7003720890375594 0.7304886909976047 0.03523272668831482 0.07847314184598868