0 0.45833398961195043 0.759364011208981 0.08724995308489258 0.37583953016300164
0 0.4723217056980924 0.3304504196292621 0.05052442824616077 0.09208455023499935
0 0.3956715741974677 0.3605075676378092 0.036124807175102136 0.07079921305510647
0 0.18029122150603288 0.8998686687572938 0.030559732733484668 0.051090769389164126
0 0.5676523153826787 0.16552392113227551 0.08242197632221648 0.33104784226455103
0 0.7203686530711042 0.08506049012953705 0.048092373604043503 0.050333213522671366
0 0.6025334964355304 0.6874856131957549 0.036758892421308254 0.03305025675355646
0 0.5553105978632911 0.9575663384386204 0.03293291278932298 0.049210962538954
0 0.24457594519112968 0.3853894317665649 0.07440741793268946 0.1475261321293932
0 0.6486427793509659 0.19766496269239386 0.0564922008108355 0.22120438450818491
0 0.4159338636029768 0.506719879610111 0.04178084987560182 0.09311521865064466
0 0.3818344464709913 0.49149989482734996 0.03105070654945452 0.1071078321172825
0 0.5379913864146197 0.768935626352194 0.04266913668268946 0.1465398923685646