0 0.31846197624906813 0.8734753475619572 0.053895201374606766 0.03855747391672437
0 0.3310079115411873 0.5810681236146678 0.052070010183573885 0.04183790821217064
0 0.3426257378374255 0.3131680639234937 0.04915739402462109 0.043116175549379486
0 0.3404966677447892 0.186881974597507 0.019541862263941036 0.0353767535926404
0 0.35128440777361747 0.12243188110662677 0.03804140986834012 0.028384813216365726
0 0.35152500171386375 0.050196361671163814 0.04135469629746825 0.02512749690794429
0 0.37736966403288263 0.05987630262074095 0.030924706481042244 0.06599444966507864
0 0.14904934050519292 0.7419394780731784 0.039579756273913705 0.07076121318095588
0 0.175400407111508 0.8082920245509339 0.024075623512454212 0.0678733206925175
0 0.1983014264708451 0.8689576369882798 0.02745248425881991 0.06594050769535445
0 0.21848388341038216 0.9345516068644698 0.024749815418329397 0.061266216127575976
0 0.2380523919738419 0.9796141515127165 0.023490891865445666 0.04077169697456705
0 0.229011623486086 0.4876933332377679 0.021633913515793992 0.04798265303661869
0 0.2483945499569328 0.45618266961186527 0.01924245468661212 0.0704452673582852
0 0.26683309367364433 0.4236632165111692 0.016578234579620064 0.045918838112982405
0 0.2842699617149178 0.38615761100406737 0.014676906279479991 0.037286448602778806
0 0.3004190696531836 0.34962611799122195 0.01598684135773179 0.04392437715042006
0 0.21990565225556097 0.5326185618811009 0.019796159532891607 0.040674766837673515
0 0.5259086168152014 0.04197016083733215 0.023065096011531217 0.026166878379231606
0 0.5496893040746015 0.027427827384558925 0.021564437981566476 0.015555439897815602
0 0.5829966175593406 0.0315903661985743 0.018251151552438463 0.01881275620623707
0 0.17093365867742405 0.20843797449634524 0.01762797117193135 0.016156043588045656
0 0.7668728645901063 0.9706458300065951 0.02193256073523313 0.05870833998680989
0 0.7844431626617898 0.9281008008565372 0.01476560618045679 0.05978759290281967
0 0.7952660206366768 0.8732610623679545 0.01484840486444359 0.05118602737531594
0 0.8082607779389088 0.8300531108290935 0.015077576549655324 0.03530739963156647
0 0.8180886218132372 0.790772433249958 0.01542723529446236 0.0425921678434867
0 0.8395063066146341 0.742724743222514 0.01776768259827622 0.029393370704953504
0 0.8209490859099872 0.7053227046846117 0.014562320436874237 0.045225762474653694
0 0.8122485456297924 0.643552209812742 0.0198915210087483 0.04266152180456093
0 0.7939844511065396 0.6465821992487542 0.0238279878183832 0.04206091811433094
0 0.7716496993853517 0.6051450028116778 0.027637305993543183 0.0388113078015844
0 0.7542434779658623 0.5644471179869797 0.023090221595270445 0.04734351936801419
0 0.7357021508405246 0.5267139536212627 0.024273008039046765 0.05133244129313889
0 0.7152657768109818 0.4922650765488295 0.02237167973890703 0.042700051782935435
0 0.6983396935582149 0.4519060235476207 0.018772308882209213 0.03999710319069466
0 0.6803834782588307 0.41749567645356184 0.019236553469622344 0.03934255753074045
0 0.6561980295839259 0.368076783168399 0.01517293802551185 0.03729415459845389
0 0.6675021662623698 0.39111711517947656 0.011382844217101206 0.030617696072438125
0 0.7813108053548715 0.471089131518664 0.04835529312638093 0.09869137265250294
0 0.7584474743711431 0.3786123216240947 0.034918086033035214 0.08723273861926041
0 0.7442554669385406 0.30714670579750364 0.022390904105656147 0.032773982944173205
0 0.7340346640826869 0.22016826503551454 0.0296716841451484 0.0811954137618493
0 0.714443600365038 0.152595246188112 0.03519160766873507 0.08260468302553134
0 0.7314158436399536 0.08857260347098243 0.016419298786525854 0.04260757983483671
0 0.7430370915466962 0.05329625980832129 0.013494119835703559 0.03329752667765433
0 0.7584550948367287 0.031996554874946105 0.01880409604082828 0.04065935484632376
0 0.8331937127300528 0.24854992121266004 0.019179640727264045 0.01750366488632858
0 0.4927002680629516 0.7131468018261149 0.03749360623905047 0.08925802356452249
0 0.5801500384374237 0.6286798196955229 0.04199558032894492 0.1210923390087703