0 0.5364342601153451 0.9230084790518971 0.03088890939415158 0.056062648157894364
0 0.5136389252665369 0.7640591643407282 0.07721227040239757 0.2665994948929006
0 0.4822233669937186 0.5309450585110542 0.06174001571233418 0.2019012540286654
0 0.4435334468846126 0.22255444260044796 0.12265355212314995 0.4435002697552079
0 0.7828040570929554 0.7860361798258289 0.07667246630569866 0.15759834856141874
0 0.749921434177483 0.5742585856015703 0.10923981344988783 0.2884664446266454
0 0.6862386632378297 0.22394228422293475 0.17232184963144678 0.4478845684458695
0 0.9626583431990453 0.3201309880680731 0.02858737915848236 0.06071678932519921
0 0.9301419543488578 0.14259714152712616 0.041110140089248244 0.10055964693933607
0 0.9061700711807122 0.15813765644091482 0.05014481938202578 0.09700969059398495
0 0.8899476630401028 0.04806650925303734 0.08931167700939277 0.09613301850607468
0 0.869540683879892 0.08023260821795737 0.05134612714932986 0.08200714794899941
0 0.9165305751796612 0.7804586732079372 0.07524350879351592 0.06910180814864979
0 0.8773693829978041 0.7064804412631535 0.03676424209275883 0.08726801678814335
0 0.9407915659886431 0.7326896350793225 0.025630203162189977 0.044770226055466815
0 0.6814749647730497 0.5325993375270099 0.034595134213011434 0.07616779172236386
0 0.7152695953505179 0.5157624407546194 0.027995015620829285 0.10454109847837224
0 0.5557548917242572 0.13024973587953628 0.033978507746365794 0.05625484519454259
0 0.6248148354602854 0.6766168122434902 0.03351795845563045 0.039092930303585134
0 0.9127461193083742 0.526093775734378 0.047366767272627376 0.057087699020018215
0 0.7534663320194549 0.36706822244941345 0.03255844868918588 0.049313200423500285
0 0.7991886234995168 0.4701075190594212 0.021861912338368688 0.05070378452287946