0 0.04685366524831885 0.3879066478076379 0.09093324941457578 0.6485148514851485
0 0.05679632039198472 0.272984441301273 0.10292784017959813 0.056577086280056574
0 0.11977930107656548 0.17362093352192362 0.032627296903134734 0.038896746817538894
0 0.20063896195937517 0.10466760961810467 0.06166051554226531 0.0586987270155587
0 0.2688995111853224 0.05304101838755304 0.03518313261847842 0.034653465346534656
0 0.32517253939813945 0.034653465346534656 0.37492134998271953 0.06930693069306931
0 0.39405859381055264 0.3033946251768034 0.12516634275834634 0.15346534653465346
0 0.2503894599440127 0.2973833097595474 0.1252069095193766 0.17963224893917965
0 0.27101347381539487 0.5024752475247525 0.10076136921765513 0.1272984441301273
0 0.40969219088667075 0.49823196605374825 0.12405511811607624 0.1753889674681754
0 0.6434137917295183 0.3953323903818953 0.08375891223868917 0.6838755304101839
0 0.3915734470652625 0.6025459688826026 0.5377455275528276 0.20084865629420084
0 0.7348217752096119 0.615983026874116 0.08113468067684777 0.05304101838755304
0 0.7822403507692949 0.9204384724186704 0.015395068328884763 0.05021216407355021
0 0.7876618456407678 0.8532531824611033 0.032457769725897666 0.031117397454031116
0 0.7824864901066997 0.8345120226308345 0.017971983529466277 0.02263083451202263
0 0.8810847328571337 0.2913719943422914 0.1725389388997716 0.09123055162659123
0 0.9118845179621877 0.18564356435643564 0.15204035056865017 0.1471004243281471
0 0.9547139830508474 0.3292079207920792 0.09057203389830508 0.6584158415841584
0 0.7255553509936132 0.14214992927864215 0.0940833864308034 0.039603960396039604
0 0.7098050206439643 0.11209335219236209 0.12182610961253038 0.048797736916548796
0 0.7291166634679827 0.36633663366336633 0.11870978975710356 0.051626591230551626
0 0.7210382664356457 0.23868458274398868 0.12075137601706529 0.04809052333804809
0 0.6043518174151012 0.19483734087694485 0.021406278254129715 0.0586987270155587
0 0.5718316053382129 0.19731258840169733 0.01760618176608351 0.054455445544554455
0 0.4736638046350963 0.10396039603960396 0.029790868660694105 0.1760961810466761
0 0.4921971635999805 0.32248939179632247 0.02510664523965759 0.15558698727015557
0 0.5094534008119156 0.5067185289957568 0.025162623562254814 0.18246110325318246
0 0.5233041285652087 0.6318953323903819 0.017719730620723413 0.03536067892503536
0 0.531148518212205 0.7609618104667609 0.023673370013925565 0.08981612446958982
0 0.5380633423462327 0.8352192362093352 0.01622321693927809 0.039603960396039604
0 0.4144406392493674 0.8741159830268741 0.0312905667610302 0.02616690240452617
0 0.6685676581398236 0.9784299858557284 0.019283558472107568 0.009900990099009901
0 0.8953423699731192 0.7390381895332391 0.023752020031206127 0.02050919377652051
0 0.33785670021545644 0.713932107496464 0.047138238299029245 0.07284299858557285
0 0.5955870953601458 0.7648514851485149 0.023987269168936523 0.07991513437057991
0 0.6078873689665089 0.8917963224893918 0.01925521885375349 0.13012729844413012
0 0.5445073177477437 0.9243281471004243 0.015893906222699872 0.048797736916548796
0 0.473812983546599 0.925035360678925 0.008844453748794744 0.016973125884016973
0 0.4376544963781181 0.9306930693069307 0.042413448116962404 0.02616690240452617
0 0.4792754908267695 0.9812588401697313 0.04689732123762787 0.03748231966053748
0 0.7274733894945953 0.4975247524752475 0.1107551308649701 0.026874115983026876
0 0.785983482448797 0.4724186704384724 0.012521257744304766 0.015558698727015558
0 0.703480452401988 0.44165487977369167 0.014992775518697087 0.10466760961810467
0 0.7143515264968445 0.5516265912305516 0.01574386632125542 0.09052333804809053
0 0.7573570779817468 0.5442008486562943 0.056481529941639096 0.0884016973125884