0 0.057158203125 0.09219035202086048 0.0246484375 0.17578226857887874
0 0.1629296875 0.040247718383311606 0.093134765625 0.07386571056062581
0 0.3018408203125 0.11561929595827902 0.028076171875 0.01713820078226858
0 0.494287109375 0.0995567144719687 0.23291015625 0.04055410691003911
0 0.6472265625 0.060664928292046935 0.0686767578125 0.09838331160365058
0 0.837177734375 0.060312907431551495 0.05658203125 0.018826597131681878
0 0.7840673828125 0.0670599739243807 0.02408203125 0.02157105606258149
0 0.924189453125 0.01921773142112125 0.0194775390625 0.03699478487614081
0 0.9213232421875 0.11884615384615385 0.0144677734375 0.021199478487614082
0 0.6501220703125 0.24000000000000002 0.4262109375 0.05800521512385919
0 0.4678271484375 0.36865710560625814 0.01939453125 0.1982333767926988
0 0.303408203125 0.43940677966101693 0.094072265625 0.024315514993481092
0 0.391494140625 0.4226792698826597 0.061982421875 0.024322033898305086
0 0.31001953125 0.5620469361147327 0.0336962890625 0.010338983050847458
0 0.301796875 0.7356975228161668 0.082978515625 0.029074315514993482
0 0.37404296875 0.8103976531942634 0.0163427734375 0.3791981747066493
0 0.469970703125 0.8511212516297262 0.1323388671875 0.04486310299869622
0 0.548876953125 0.6861864406779661 0.283271484375 0.07580834419817471
0 0.56638671875 0.8334876140808344 0.009482421875 0.062164276401564536
0 0.5702734375 0.7655801825293351 0.0646875 0.07569752281616689
0 0.6204296875 0.8063820078226858 0.035234375 0.05812907431551499
0 0.6960009765625 0.751186440677966 0.090146484375 0.13889830508474577
0 0.6130615234375 0.9762516297262059 0.12537109375 0.034661016949152544
0 0.5769970703125 0.9252933507170796 0.0954736328125 0.14421773142112124
0 0.78611328125 0.9289439374185137 0.0978564453125 0.04996088657105606
0 0.887529296875 0.7611147327249022 0.037314453125 0.4777640156453716
0 0.956513671875 0.6214602346805737 0.0407373046875 0.5138787483702738
0 0.242314453125 0.0441264667535854 0.040859375 0.019908735332464147
0 0.24087890625 0.11305084745762711 0.02427734375 0.05023468057366363
0 0.1625048828125 0.17440026075619294 0.0930859375 0.035534550195567144
0 0.1437158203125 0.30983050847457627 0.0555029296875 0.020840938722294654
0 0.3350146484375 0.2820534550195567 0.059501953125 0.02383311603650587
0 0.1579296875 0.4141851368970013 0.092841796875 0.10171447196870925
0 0.16517578125 0.5922555410691004 0.105546875 0.16035202086049544
0 0.076064453125 0.6566558018252933 0.0203955078125 0.2246414602346806
0 0.0804052734375 0.8829856584093873 0.01744140625 0.23403520208604953
0 0.2993603515625 0.8607431551499349 0.072646484375 0.021095176010430247
0 0.2902197265625 0.9445436766623208 0.098076171875 0.03217731421121252
0 0.16302734375 0.9101629726205998 0.0940966796875 0.17967405475880052