0 0.47307334610321633 0.8559307443684058 0.007936421829424303 0.0224006624708184
0 0.4621640814658847 0.9192494271274545 0.026839958554866622 0.04848073863380912
0 0.5210203274383398 0.9528555731794118 0.00891485856213553 0.01373070296539993
0 0.5912232163744392 0.9774242289725817 0.01003636959753699 0.015993688066395454
0 0.5318869533716319 0.5942503411892999 0.008298876729573162 0.05009745547373352
0 0.5853836396250763 0.6354919990540632 0.007704737207911267 0.04641494251507249
0 0.5618537501925465 0.5479200464661589 0.012028630473134617 0.043076212365119396
0 0.560297484774657 0.5958722103749546 0.010379747923993595 0.04223275512178904
0 0.6020616528273447 0.1786224092874787 0.014551028599680898 0.02723221739166114
0 0.6075582766304022 0.05630557337689526 0.015002093818652189 0.01998178574390826
0 0.5665889775032944 0.05453401109830335 0.007418588602530556 0.024549053302244564
0 0.5533965342415612 0.0685398488589196 0.00843517848262592 0.018794545691869995
0 0.2727042604468139 0.6260142631651847 0.014512875452296637 0.024316765496617286
0 0.538124514224703 0.84344771715157 0.02861255524623836 0.3131045656968602
0 0.8470176189052467 0.14440761102780453 0.02376433979125142 0.02205068112913322
0 0.4534405558142049 0.3360826519389951 0.05490634930044092 0.10724195507998402
0 0.6168217614066439 0.30526802641779427 0.03262196863231081 0.03140820625196755
0 0.27086833538641375 0.9822210350311866 0.022411144134336928 0.03555792993762667