0 0.2689734288209823 0.1508932286173 0.09859538204369353 0.3017864572346
0 0.22261362896777045 0.47270745039471357 0.09340408509183239 0.3599950677015001
0 0.1819764536602781 0.7822500589585698 0.07881185756877905 0.2796051709175477
0 0.5265024272237628 0.052974231657419255 0.02754524378430142 0.10594846331483851
0 0.5127823412471418 0.20652298804723984 0.021005871087940185 0.0871412587489734
0 0.4765416370467669 0.40880071976519533 0.02709376190309767 0.01918750931163547
0 0.453195370762294 0.5821759896763065 0.019500961398391685 0.0798871134179991
0 0.4859801611935951 0.6093323184378908 0.02712233670570543 0.025740589259210682
0 0.45088163042429646 0.8312311588413713 0.025157700163465743 0.025679579407689175
0 0.3940938444524846 0.9591243548320076 0.01285871941264221 0.020711111872375117
0 0.7041377291814593 0.07674419520901334 0.03732270681132712 0.11254629382481438
0 0.6799691635204705 0.21345272233946333 0.045901010536708746 0.16523022527438483
0 0.6568014897522967 0.3458712425782285 0.03134021529652403 0.09204871643276542
0 0.6404416280903502 0.43745475889314045 0.025269141893636472 0.05123659120323278
0 0.6212703781927842 0.5543515215520598 0.041886013044405875 0.14544896572861504
0 0.5994718838017714 0.7106430262108338 0.01803605643249418 0.08180728001363055
0 0.5591549100181342 0.890442278044138 0.04353379674699317 0.1854685107974662
0 0.7624726321081416 0.15716267923687116 0.07867469851626155 0.24815038716918605
0 0.7207220219068282 0.3841822378499191 0.07517372000160463 0.23362684404435707
0 0.6880022985829356 0.5673492704797429 0.06010176326403449 0.15584292677655467
0 0.661359363622452 0.708393561890519 0.05910230011135013 0.15188057388224846
0 0.6344222719297552 0.8605857154436136 0.06215498169435866 0.17621848446555993
0 0.6126296562339114 0.9592177427951646 0.047339870710963974 0.04471456409052006
0 0.5629307427134649 0.13715048560746987 0.028081795134739018 0.020528630226911333
0 0.5284675100982483 0.3822898811305222 0.017764595807719916 0.01955302051166448