0 0.2714778977741368 0.5287771451777502 0.25147889131873535 0.9304406420495874
0 0.32676084180217546 0.25084791451195293 0.09076587405893477 0.20555698937101238
0 0.45432742951602034 0.6572893092156255 0.1512093684150679 0.6553069747204947
0 0.2918322996590734 0.11483930958080443 0.05028079023931412 0.1242902941639304
0 0.35300373712012234 0.09218909714039386 0.04836931463935212 0.14518792485417228
0 0.477526438370881 0.48756376608842383 0.09659131667227372 0.09323409522213182
0 0.5557327044167959 0.8225217805101231 0.08976675742598711 0.09087167468569787
0 0.9239247511272909 0.5831138285850589 0.14566842398044125 0.49989943889818134
0 0.8301041618337633 0.06476346888641707 0.08760586947320265 0.12952693777283414
0 0.7825397478512709 0.006664503940002834 0.09251212733410741 0.013329007880005668
0 0.8616050105145372 0.22691601636814596 0.05574216959884139 0.2104874083276693
0 0.8977618594485831 0.10177650525487283 0.039206460766309216 0.054652573489265846
0 0.4180118172371902 0.8607301510783822 0.09009646846473751 0.24887293758326634