0 0.17576171875 0.5023598435462843 0.0614013671875 0.9952737940026075
0 0.6580419921875 0.5038396349413299 0.057412109375 0.9923272490221643
0 0.5404248046875 0.11776401564537158 0.00892578125 0.21205345501955672
0 0.5364794921875 0.325593220338983 0.006337890625 0.08732073011734028
0 0.53375 0.5713754889178618 0.0076953125 0.04963494132985658
0 0.532119140625 0.6755084745762712 0.006708984375 0.11320730117340287
0 0.473037109375 0.682444589308996 0.0211962890625 0.0157496740547588
0 0.419873046875 0.7417861799217732 0.0070654296875 0.18129726205997393
0 0.421162109375 0.6156910039113429 0.0091552734375 0.012633637548891786
0 0.5300732421875 0.7953650586701434 0.00716796875 0.019973924380704042
0 0.5293505859375 0.8938787483702738 0.004970703125 0.12391134289439375
0 0.4208544921875 0.28608865710560627 0.00626953125 0.5699543676662321
0 0.434765625 0.07910039113428945 0.010595703125 0.08816818774445893
0 0.43005859375 0.8802607561929595 0.00724609375 0.04101694915254237
0 0.4280126953125 0.9219947848761407 0.0077001953125 0.03441329856584094