0 0.20937957673792057 0.05233387137794548 0.021258714191798953 0.02335671446122319
0 0.20065177713435514 0.1619260401733783 0.017267573520006935 0.04545064296002778
0 0.46030630784262533 0.12505082242901946 0.00906870785166988 0.011907098368157348
0 0.475202342401786 0.12410844266312251 0.029802418272688234 0.17384897887753822
0 0.487803377743711 0.12893876554325231 0.012645511563585975 0.047191718693340164
0 0.49519621716943096 0.18062306134036546 0.012565663861895298 0.04578524893244002
0 0.5406667661028437 0.18695845487230536 0.01729115450669344 0.018147358925154337
0 0.49426411456130215 0.32127697326231364 0.015080244258780023 0.04388033812888862
0 0.525708471118887 0.30691830033643736 0.014976193364035108 0.02356844413095609
0 0.4735244104304918 0.30706231224694136 0.017762380387941205 0.035687272168846304
0 0.532103950656786 0.6720268286288942 0.08410897622274516 0.6559463427422115
0 0.5756461673300414 0.9601721417590917 0.022919173063141837 0.024886060524802512
0 0.6147186651507861 0.9813080621304159 0.033281164799651326 0.03738387573916818
0 0.496995507636826 0.9939789198524355 0.01946276311012931 0.012042160295129107
0 0.3191690876482915 0.7203924799175994 0.014688866079222814 0.0277468946460968
0 0.719331161679002 0.16024016846297998 0.00862168516347635 0.013272609361497694
0 0.7187002403943732 0.1398873156974877 0.0073284012786364984 0.008971282543677765