0 0.5723479341261956 0.38413136740175924 0.04860884696782833 0.22818402680681002
0 0.628583218220326 0.696395827119659 0.06597125708602078 0.324881608946452
0 0.578681539011173 0.9356482410599447 0.04650849052152496 0.12072477985365751
0 0.5421848050798481 0.9393345565336787 0.04109055308885905 0.11388248169167833
0 0.724078128077264 0.8926657500869709 0.047813641474184085 0.147935664207399
0 0.702815798998437 0.7679545493348137 0.022519317360326686 0.09809770343087318
0 0.4206663104248583 0.7898829257803177 0.08389147831735407 0.22097807312433837
0 0.3145839574985411 0.7764164569169625 0.1453288968220143 0.3452189870354909
0 0.24152865106355295 0.7718803682523139 0.030039172218425756 0.10631637663995715
0 0.6355037334554285 0.3999730788630912 0.1326339623387084 0.23971744455442678
0 0.6871214520204588 0.2124272817559458 0.05417331686563398 0.036462065626209766
0 0.7660986944476412 0.7970655246259489 0.044433924898449065 0.035026324968789505
0 0.38374001490092247 0.04125138541271359 0.04048428228752472 0.058796271704769185
0 0.30229277645082986 0.5148498522129451 0.030215991988686946 0.06755669726529291
0 0.3735588705251191 0.33872026693035023 0.1818832698608178 0.4175850815509414
0 0.3405476549481674 0.5849869125244754 0.03743613042141348 0.03769200550120198
0 0.19553127673539084 0.519082331301585 0.021919884509581496 0.02193097348452324