0 0.8375614869395641 0.28892895355385645 0.03124658116309712 0.10814477135558487
0 0.8657354622607977 0.06187033531122725 0.017909980245217533 0.018966639515210087
0 0.7280207242301451 0.09442127976244978 0.03336213649308434 0.02996680931143321
0 0.7098083996029887 0.05389266372222143 0.020025291191323742 0.03744262799789198
0 0.5753440367834255 0.7944808203509143 0.01953170777572628 0.03742729515312556
0 0.6041433757975687 0.895500225263138 0.030531520202582735 0.05617927484160427
0 0.260266927682588 0.9439893417203482 0.02742904242528228 0.03767262066938978
0 0.16317701863396727 0.932540157783311 0.01157397756494721 0.02008483558989905
0 0.19557042303931332 0.22569697970941274 0.032485667703701454 0.07202021721097941
0 0.36483937753920037 0.24509537273245455 0.023319048732929643 0.09935087881583958
0 0.3868287056590437 0.11915664908798082 0.03023939109321969 0.0594577496384717
0 0.35999360722665436 0.013032828590572197 0.027560008089657837 0.026065657181144394
0 0.5365463364509897 0.3857286108364508 0.037884724572072086 0.12807627849781886