0 0.374755859375 0.5129595827900912 0.05375 0.01454367666232073
0 0.3462548828125 0.5965645371577575 0.08916015625 0.065619295958279
0 0.496123046875 0.6265254237288136 0.0471923828125 0.0551890482398957
0 0.451806640625 0.5973272490221643 0.0444873046875 0.045110821382007824
0 0.5551953125 0.4824315514993481 0.0287255859375 0.3935658409387223
0 0.346884765625 0.8313559322033898 0.08478515625 0.12495436766623208
0 0.47810546875 0.8503389830508475 0.08068359375 0.10867666232073012
0 0.5490380859375 0.8007170795306389 0.02453125 0.130638852672751
0 0.547705078125 0.8867470664928292 0.018310546875 0.03315514993481095
0 0.720419921875 0.9769230769230769 0.0536181640625 0.046147327249022166
0 0.3203076171875 0.44654498044328556 0.0206201171875 0.16622555410691003
0 0.1639599609375 0.7434159061277706 0.0178173828125 0.013780964797913952
0 0.16359375 0.8407561929595828 0.0178173828125 0.02913950456323338
0 0.1625341796875 0.8078617992177314 0.009677734375 0.01136245110821382