0 0.1917202597469149 0.24171346610282865 0.029337378130723065 0.12545960254752592
0 0.21286870866505586 0.24816551368472442 0.04015519990990034 0.12886458935977135
0 0.24139831539992823 0.3749378260386318 0.03468392291739193 0.13603809603964462
0 0.2561508678923723 0.5100998392567558 0.03986255671067911 0.09196074240255367
0 0.338982460206964 0.9227790861719727 0.02801466267745958 0.111715996872358
0 0.5803346088772442 0.9928430456464294 0.03616820520139256 0.014313908707141115
0 0.5407760905822704 0.9923483105600637 0.033258403618720386 0.015303378879872617
0 0.5719547313412605 0.9311023951425279 0.03934083745435343 0.06802093392102151
0 0.5527248174187727 0.9778510688269021 0.04721510303767451 0.030258818822055496
0 0.5253684324562309 0.9384792041414531 0.042399701681690015 0.06752808473585513
0 0.4676921490169854 0.7838673614074025 0.06061873066551295 0.058415038872461585
0 0.43873189268805124 0.5238510392275304 0.05792309887547882 0.05209980033433665
0 0.4085403295347777 0.2497172565513223 0.05842048769297957 0.051447663363439006
0 0.48151102618031566 0.18507793844079626 0.026418152373692085 0.10888444608874435
0 0.4591191052184228 0.1768362606459256 0.025920763556191335 0.10953658305964185
0 0.3503795925003724 0.11733523597869434 0.020618937562921748 0.10101007315165457
0 0.27477861810982573 0.5615999530181022 0.013901016445339191 0.027504083079508593
0 0.2892252532140475 0.5813336716965459 0.015408089162307901 0.02623166669485958
0 0.304577228366472 0.6066030617136322 0.019187936174142318 0.035346598459452025
0 0.3236596196501523 0.6372413423696434 0.020784446477909696 0.038178149243065826
0 0.34298325221034964 0.6685795463322715 0.021281835295410563 0.037526012272168174
0 0.4347412948619528 0.7893524175585271 0.019879106429706986 0.043586390353123616
0 0.41388077705585374 0.7579186409244605 0.021371272882209233 0.04162997944043099
0 0.3964870747077936 0.7321798234147675 0.01831240865487242 0.042122828625597374
0 0.4584668954573248 0.8305532629280838 0.032999515032682836 0.058746714370697964
0 0.815908454197205 0.800384612527919 0.02117200935403754 0.05596200697220383
0 0.7783527653612355 0.9583208045399402 0.06431462218065657 0.04020204707244929
0 0.8260083732035989 0.9489557270711759 0.02337025232657104 0.06292938248122641
0 0.7871267340752083 0.402710173646944 0.035047155354694735 0.12923000831635298
0 0.748491295207566 0.19825575307374915 0.035142075031601175 0.11011001908827354
0 0.7731159837581043 0.18643109374134018 0.03695669721225775 0.14642544418888606
0 0.6448704522582768 0.056882459162715136 0.021734505319512033 0.034821891717139314
0 0.6662581714108096 0.08766409882588422 0.021386179146675698 0.04231397396847468
0 0.6896205395688788 0.121993141357857 0.023450265739011013 0.043125398725103244
0 0.7148904785423856 0.16294756213483044 0.029383636929979418 0.057155722414586975
0 0.7281712529369017 0.31856569607997537 0.030860897118015197 0.05451531697385049
0 0.7046370317011997 0.38627926845510996 0.026006259058739194 0.0665086429071764
0 0.6914224734242459 0.41593651480297594 0.01971513752057611 0.036062450544642084
0 0.6803167205330267 0.44298521326725177 0.020784446477909696 0.038178149243065826
0 0.6665749609096393 0.47329459658601536 0.019894012694173218 0.04427038488116739
0 0.655168341684037 0.5023793498558493 0.0176063321348414 0.03319904220388216
0 0.6440104168671852 0.5318220291682784 0.01971513752057611 0.036062450544642084
0 0.6316090200065815 0.5594750782677324 0.019262467496474756 0.03876657109967106
0 0.6204436420574965 0.5892597548441832 0.01713875584627358 0.03521916823086736
0 0.6094747865915293 0.6217963383113823 0.020272151395942718 0.03814629168591954
0 0.5860943400876714 0.6706841323867399 0.01609925941787269 0.03447145858853102
0 0.5965536415167252 0.6497595271177119 0.016611554499839903 0.0345033161456773
0 0.5633493808657628 0.6668724902455806 0.017874644895237296 0.04551094370867012
0 0.7514350983004737 0.5104205541834669 0.023614234648141892 0.05064933853358489
0 0.7372406686529848 0.5379621018329092 0.021192397708611893 0.03342204510390568
0 0.7223028968242986 0.5760737071098837 0.02289325186364441 0.04104155758382575
0 0.7085238715397449 0.6080930767487568 0.023450265739011013 0.043125398725103355
0 0.6944216205241086 0.6431744929852538 0.019187936174142432 0.035346598459452185
0 0.6815852009489238 0.67901954764266 0.02242567557507659 0.04306168361081095
0 0.662887200460049 0.7131302513367973 0.03019953939138334 0.04764351413626661
0 0.6505183571734322 0.751059147135481 0.01606944688893976 0.03310346953244378
0 0.6403701162560484 0.7812495360902463 0.015482620484640225 0.02965163933507846
0 0.6287967870762613 0.8062143934132444 0.018163346010208005 0.03528288334515962
0 0.6177432061106747 0.830869111029367 0.020108182486811607 0.03062235187743832
0 0.6041681564414721 0.8652983902949664 0.017019505730541864 0.029747212006517153
0 0.5928435216704354 0.8906211736605596 0.02135636661774277 0.04094598491238721
0 0.3144444681981704 0.9078172990296424 0.04645026353231441 0.18436540194071535
0 0.763621308468459 0.08070520987225793 0.037306563390950814 0.06857749822048043