0 0.6968701171875 0.11659713168187745 0.08330078125 0.2273794002607562
0 0.5114892578125 0.10705345501955671 0.0457275390625 0.13358539765319424
0 0.5710595703125 0.06389830508474575 0.0713427734375 0.11367666232073012
0 0.6674951171875 0.5116753585397653 0.1057763671875 0.3381747066492829
0 0.5506005859375 0.34685788787483707 0.0542529296875 0.1233833116036506
0 0.5602880859375 0.568129074315515 0.0622265625 0.2297001303780965
0 0.9780615234375 0.4926075619295958 0.03703125 0.06205345501955671
0 0.9059423828125 0.5451043024771839 0.0444677734375 0.05220990873533247
0 0.9250537109375 0.48714471968709255 0.013447265625 0.03314211212516297
0 0.9271826171875 0.4113298565840939 0.0455126953125 0.09735332464146024
0 0.883251953125 0.476903520208605 0.0421826171875 0.09567144719687092
0 0.8443896484375 0.5756062581486311 0.034912109375 0.1505671447196871
0 0.641640625 0.7415906127770534 0.0704296875 0.11310951760104301
0 0.6254248046875 0.8792633637548891 0.0728076171875 0.09235332464146023
0 0.7786767578125 0.7677574967405476 0.0668505859375 0.09626466753585397
0 0.6862451171875 0.9760365058670143 0.0444384765625 0.04792046936114733
0 0.4490087890625 0.9235332464146023 0.0459130859375 0.10894393741851369
0 0.4892138671875 0.9808800521512386 0.022685546875 0.03823337679269882
0 0.4235791015625 0.7877444589308996 0.0515869140625 0.06842894393741851
0 0.152431640625 0.04562581486310299 0.0434912109375 0.08820730117340286
0 0.21486328125 0.08657757496740548 0.0429541015625 0.04835071707953064
0 0.1577734375 0.19244458930899608 0.0178955078125 0.035932203389830504
0 0.213984375 0.27890482398956973 0.0463720703125 0.08985658409387223
0 0.2311865234375 0.3927835723598435 0.0185986328125 0.04919165580182529
0 0.312265625 0.5085658409387223 0.07193359375 0.17283572359843546
0 0.4562548828125 0.3275945241199478 0.0453076171875 0.11529986962190353
0 0.4201904296875 0.44590612777053457 0.02623046875 0.03368318122555411
0 0.3970849609375 0.5571968709256845 0.028916015625 0.10544980443285527
0 0.3625244140625 0.5607301173402868 0.00787109375 0.08621903520208604