0 0.11896401172698254 0.4899255604805087 0.16442905865065244 0.9798511209610175
0 0.5301685631562291 0.48211614442830386 0.14108246792736492 0.9642322888566077
0 0.9193370740671679 0.727937964892641 0.16132585186566406 0.4188565233048645
0 0.8322813888395308 0.4707776188800325 0.16108041904523338 0.941555237760065
0 0.6277740431456375 0.10327478119111312 0.05784096300374249 0.20654956238222624
0 0.7161888621446115 0.073373371598382 0.1375974399320352 0.146746743196764
0 0.3109071383479922 0.49989262087141356 0.048960903620433274 0.06371052305488155
0 0.3150284266364942 0.8017294702398434 0.04349431612638384 0.030925112562287985
0 0.304899674342261 0.19229832344102657 0.03813828166036491 0.0546061887883533
0 0.4477368196494752 0.7400007273095974 0.03993657126099345 0.23169339910680437
0 0.43598019172090713 0.3814523071413715 0.03730996954193643 0.27624220016164547
0 0.4498134881759738 0.0518329326496556 0.026956168898531394 0.1036658652993112
0 0.16376582177551477 0.05854182084769835 0.10185876570423867 0.1170836416953967
0 0.3096101983735654 0.5732754392382426 0.03481280805532433 0.032315059141133466