0 0.7837531316277416 0.4810702419791828 0.17252100349022595 0.9621404839583656
0 0.5543302846639768 0.28508252395812195 0.0843887965702555 0.5701650479162439
0 0.5369893371372801 0.495871431393701 0.019951476967399743 0.08300969997326199
0 0.5383333427729412 0.7945188165743392 0.0466731292790439 0.29852370044660914
0 0.5272997270122854 0.872122564554053 0.01820336669595645 0.07696848101121344
0 0.39457391645002715 0.0006324941782631619 0.03220338845560983 0.0012649883565263237
0 0.39239373672817507 0.14678968947850987 0.07336727964837918 0.29357937895701974
0 0.3898039655019154 0.32464618145701185 0.04529709265634796 0.10817300924521964
0 0.3898994959122562 0.4408100680633986 0.03920025890766243 0.10453793472152902
0 0.38854316000165723 0.5407892661375646 0.038978918910767935 0.07677733455936252
0 0.38821442219180124 0.7270095952227268 0.06084160215566643 0.26031436275261
0 0.3043356718541551 0.9127964643283004 0.04206577938540571 0.09081954276321838
0 0.3069594573144308 0.682307030303206 0.06537834570426308 0.2281878478723271
0 0.30285058528612246 0.46844753214795687 0.059084170279347634 0.20868571830066582
0 0.30455674833562646 0.2682119795460677 0.06194479851849452 0.2061986198009218
0 0.3034291904582636 0.017420957707956406 0.03741393647208277 0.03484191541591281