0 0.1876025390625 0.499406779661017 0.0588037109375 0.9936049543676663
0 0.57884765625 0.5 0.0730615234375 1
0 0.8708154296875 0.5013037809647979 0.077568359375 0.9973924380704041
0 0.5244677734375 0.055091264667535854 0.012373046875 0.10539765319426336
0 0.5192626953125 0.291251629726206 0.012041015625 0.31026727509778357
0 0.51814453125 0.5048565840938722 0.01427734375 0.05913298565840938
0 0.3810009765625 0.5380312907431551 0.01642578125 0.0433116036505867
0 0.5161279296875 0.6141981747066493 0.0102490234375 0.1059973924380704
0 0.517080078125 0.7133702737940025 0.01103515625 0.062288135593220335
0 0.515908203125 0.8265645371577576 0.0098046875 0.14822033898305084
0 0.5141162109375 0.9808865710560626 0.0116845703125 0.03619295958279009
0 0.3686376953125 0.8158996088657106 0.038515625 0.02380704041720991
0 0.3676708984375 0.25248370273794 0.0468359375 0.022659713168187743
0 0.2735400390625 0.7138005215123859 0.0096435546875 0.006271186440677965
0 0.44494140625 0.38951760104302474 0.0104541015625 0.14182529335071709