0 0.425498046875 0.1120013037809648 0.053388671875 0.03604954367666232
0 0.426962890625 0.39719687092568445 0.051435546875 0.03980443285528031
0 0.426904296875 0.6678943937418513 0.050087890625 0.04313559322033898
0 0.4435693359375 0.9297848761408083 0.0150390625 0.022320730117340287
0 0.465732421875 0.9091264667535853 0.0311181640625 0.054491525423728815
0 0.4987841796875 0.573155149934811 0.02486328125 0.8536962190352021
0 0.5192626953125 0.030501955671447197 0.0259619140625 0.052307692307692305
0 0.4949072265625 0.0719426336375489 0.044248046875 0.011075619295958279
0 0.481103515625 0.09897001303780964 0.012060546875 0.02242503259452412
0 0.51326171875 0.10836375488917861 0.0232568359375 0.03499348109517601
0 0.4767333984375 0.03455019556714472 0.02359375 0.03697522816166884
0 0.2437646484375 0.05757496740547587 0.0208203125 0.01366362451108214
0 0.3045654296875 0.8383116036505868 0.009931640625 0.0776271186440678
0 0.5617041015625 0.7565319426336375 0.026396484375 0.04684485006518905
0 0.530712890625 0.7574837027379401 0.0108349609375 0.04284876140808344
0 0.5586279296875 0.8289113428943937 0.0229541015625 0.047359843546284225
0 0.7512353515625 0.941297262059974 0.0133056640625 0.0623142112125163
0 0.785576171875 0.017659713168187745 0.013623046875 0.029146023468057367
0 0.7727197265625 0.370013037809648 0.0322119140625 0.5178683181225554
0 0.6292041015625 0.09988265971316819 0.015419921875 0.027796610169491524
0 0.6511328125 0.15126466753585396 0.0252685546875 0.050084745762711866
0 0.6742041015625 0.20683833116036507 0.021474609375 0.04513689700130378
0 0.693681640625 0.2509517601043025 0.020390625 0.03967405475880052
0 0.7189697265625 0.3020730117340287 0.0266259765625 0.07122555410691005