0 0.134599609375 0.9366753585397652 0.0550927734375 0.11836375488917861
0 0.421591796875 0.9080573663624512 0.0507373046875 0.041818774445893096
0 0.46333984375 0.8976597131681877 0.0145654296875 0.02892438070404172
0 0.2719677734375 0.872464146023468 0.00923828125 0.026734028683181223
0 0.296982421875 0.7269230769230769 0.0097705078125 0.04034550195567145
0 0.4205712890625 0.6335071707953064 0.0506689453125 0.04312907431551499
0 0.42017578125 0.05817470664928292 0.052509765625 0.03014993481095176
0 0.3302490234375 0.22996088657105607 0.022138671875 0.06647979139504563
0 0.4859130859375 0.9592764015645371 0.0386669921875 0.019608865710560624
0 0.6820068359375 0.975651890482399 0.052783203125 0.01986962190352021
0 0.755478515625 0.8308539765319426 0.0136376953125 0.04543024771838331
0 0.741376953125 0.4511864406779661 0.0150244140625 0.07790091264667535
0 0.7701416015625 0.33271838331160364 0.013583984375 0.07183833116036506
0 0.4948974609375 0.258135593220339 0.021611328125 0.10264015645371577
0 0.7837548828125 0.03861147327249022 0.014306640625 0.03753585397653194
0 0.673310546875 0.015834419817470663 0.0117138671875 0.022711864406779664
0 0.6847509765625 0.03650586701434159 0.0109228515625 0.019282920469361146
0 0.695791015625 0.0599348109517601 0.0119677734375 0.02576923076923077
0 0.7058203125 0.08293350717079531 0.010322265625 0.019093872229465448
0 0.715810546875 0.10277053455019557 0.009267578125 0.020143415906127768
0 0.72271484375 0.11865710560625815 0.0059765625 0.015045632333767926
0 0.7314892578125 0.13822685788787484 0.008408203125 0.024341590612777055
0 0.543916015625 0.6691134289439374 0.044462890625 0.03144719687092568
0 0.80427734375 0.3829661016949153 0.0387255859375 0.0867470664928292
0 0.9898876953125 0.676923076923077 0.0138232421875 0.021414602346805738
0 0.3183837890625 0.434361147327249 0.030751953125 0.11000651890482399
0 0.239560546875 0.41918513689700126 0.0115283203125 0.07691655801825294
0 0.246357421875 0.33460234680573664 0.0251171875 0.042196870925684485