0 0.3316552734375 0.6707953063885267 0.164072265625 0.04053455019556714
0 0.1576708984375 0.8598631029986962 0.11078125 0.19172099087353325
0 0.2957275390625 0.9628422425032594 0.0773681640625 0.023885267275097783
0 0.3910595703125 0.9423468057366362 0.045263671875 0.026753585397653195
0 0.5393310546875 0.9659126466753586 0.26869140625 0.06816818774445893
0 0.5758056640625 0.1359387222946545 0.0628955078125 0.10176010430247719
0 0.5426953125 0.049374185136896995 0.3291064453125 0.050684485006518905
0 0.2945849609375 0.03707301173402868 0.0910791015625 0.020365058670143415
0 0.2450146484375 0.08732073011734028 0.0583349609375 0.02359191655801825
0 0.2933740234375 0.23166883963494134 0.0863623046875 0.018591916558018253
0 0.285859375 0.32949152542372884 0.0486083984375 0.04258800521512386
0 0.1386083984375 0.3110821382007823 0.0826513671875 0.09160365058670145
0 0.1699609375 0.17169491525423727 0.032509765625 0.037868318122555415
0 0.170322265625 0.048037809647979136 0.0310498046875 0.021316818774445894
0 0.05283203125 0.2547196870925685 0.0325244140625 0.5033376792698827
0 0.041044921875 0.014178617992177314 0.06751953125 0.020345501955671447
0 0.1742333984375 0.018083441981747064 0.0467626953125 0.026258148631029987
0 0.1171044921875 0.11209256844850064 0.0296435546875 0.027372881355932206
0 0.151025390625 0.6827966101694916 0.0817724609375 0.11221642764015645
0 0.7440283203125 0.9260430247718383 0.0706982421875 0.08378748370273795
0 0.75859375 0.8154498044328553 0.0541259765625 0.0609387222946545
0 0.7840283203125 0.7387027379400262 0.083564453125 0.031401564537157756
0 0.5169677734375 0.7921838331160366 0.3091357421875 0.0830638852672751
0 0.9400634765625 0.8174119947848761 0.035771484375 0.36047588005215125
0 0.8745068359375 0.904954367666232 0.021181640625 0.1808213820078227
0 0.6355224609375 0.5679921773142111 0.4148681640625 0.09048239895697524
0 0.9062841796875 0.3283637548891786 0.0219091796875 0.08611473272490221
0 0.9772705078125 0.14146675358539765 0.0370703125 0.27682529335071704
0 0.9161376953125 0.12239895697522815 0.022197265625 0.2158083441981747
0 0.821376953125 0.36391786179921776 0.04744140625 0.0179986962190352
0 0.5272509765625 0.40024119947848763 0.317138671875 0.05059322033898305
0 0.4929638671875 0.22490873533246414 0.2200048828125 0.048930899608865715