0 0.3612548828125 0.025717079530638856 0.0223828125 0.04964146023468058
0 0.358955078125 0.1823663624511082 0.017333984375 0.24613428943937418
0 0.3557568359375 0.4122229465449805 0.014755859375 0.18622555410691005
0 0.3528466796875 0.715632333767927 0.0179931640625 0.4156844850065189
0 0.579404296875 0.8163298565840938 0.042998046875 0.3594980443285528
0 0.5885986328125 0.5207757496740547 0.0389599609375 0.22213820078226856
0 0.6000439453125 0.2029465449804433 0.0485205078125 0.39705345501955674
0 0.7192431640625 0.01773142112125163 0.0554931640625 0.027040417209908733
0 0.8345361328125 0.034400260756192964 0.0154052734375 0.059256844850065195
0 0.8280419921875 0.17059973924380703 0.0263525390625 0.17540417209908735
0 0.8131640625 0.43243155149934814 0.01927734375 0.05416558018252934
0 0.7931298828125 0.7809387222946546 0.0430029296875 0.4328292046936115
0 0.6971240234375 0.875632333767927 0.006494140625 0.021544980443285525
0 0.6100439453125 0.8689569752281617 0.0179833984375 0.059843546284224246
0 0.649912109375 0.35640156453715777 0.0066796875 0.03453063885267275
0 0.7384326171875 0.07765971316818775 0.0812744140625 0.14639504563233377