0 0.055712890625 0.8305541069100391 0.067783203125 0.11423728813559322
0 0.1859814453125 0.6248631029986962 0.0807177734375 0.12232073011734028
0 0.505654296875 0.016988265971316818 0.0129931640625 0.03380704041720991
0 0.5017138671875 0.2794980443285528 0.0089892578125 0.32146675358539767
0 0.5103466796875 0.44922425032594526 0.01189453125 0.08348761408083441
0 0.4961572265625 0.8487418513689701 0.012470703125 0.30251629726206
0 0.5076953125 0.7520599739243807 0.0107275390625 0.08066492829204694
0 0.7720361328125 0.9909387222946544 0.0128125 0.018116036505867014
0 0.69826171875 0.7655671447196871 0.0963671875 0.15125814863103
0 0.702353515625 0.7338396349413299 0.02625 0.04335723598435463
0 0.66466796875 0.6213233376792698 0.037509765625 0.12127770534550195