0 0.8985831717649736 0.6054042652107648 0.18564610888377972 0.6575733991174046
0 0.8296869872153857 0.9355013870172589 0.017828807314017578 0.021808386185341914
0 0.8181145960298872 0.9622589988631907 0.026004757422844516 0.03471967612848151
0 0.7294545940920428 0.9868499324996808 0.009605937634750759 0.00351351616144862
0 0.6878409115316166 0.7886673622428444 0.019874261077800364 0.025204445548650214
0 0.6805003631470857 0.7635492874124518 0.038623158713372345 0.03693427998899771
0 0.6592578730416458 0.7433571826159754 0.009207474410176027 0.01561874088993491
0 0.6425954837939919 0.7469803251223546 0.010678516560234596 0.01093159967890373
0 0.5996660726807481 0.06368873507289378 0.08677636388369452 0.12649941392311198
0 0.576822805358212 0.1693456451172445 0.03725803872096722 0.11160013179661785
0 0.4893705601527888 0.6046966443607628 0.20832826674501118 0.7736570803416111
0 0.5665057276416615 0.9772700289312075 0.016369495056568806 0.027841422416561828
0 0.5839622874273945 0.9692609819294018 0.014992292047389994 0.04329572378910072
0 0.5322131255261906 0.632963883545415 0.011211873549823835 0.014304167682584025
0 0.6323639390875097 0.5042381200819728 0.015279321292170044 0.01840449636882408
0 0.6570226913333608 0.6239598975201133 0.007642593119237701 0.009538721939459146
0 0.7553659345804126 0.4135101638462709 0.044665680863841414 0.03635529791741551