0 0.5982917868429567 0.9259378889161015 0.06492336939505634 0.04498605661548508
0 0.537078152598005 0.8314616221845398 0.01641131727548976 0.09894412951009128
0 0.5709548662704829 0.32625325220675516 0.05880091515269091 0.04653752049496599
0 0.5595078279297141 0.06274612161286093 0.05590979202100546 0.03314646928001308
0 0.6650613505588961 0.17485168120482564 0.026849284547746776 0.08323468866103877
0 0.729134715758281 0.08729056171798683 0.02902838464760104 0.04260655667632395
0 0.7348265204065287 0.15072887200394958 0.029836174445953153 0.05581935222569809
0 0.7137751997004376 0.183516292328002 0.018537337778639796 0.03202409817581228
0 0.6981288561155293 0.21572851833609014 0.01727244454645387 0.036758278471134505
0 0.6825250277831657 0.24863615463625063 0.018133399900145737 0.04236612472410771
0 0.6648166084911966 0.2810178301247962 0.020737566566812405 0.04258894430608123
0 0.6465182578356791 0.3164620060530752 0.022002459798998567 0.03785476401075901
0 0.631998611422527 0.3501541804780973 0.014880854142511406 0.04001251034952267
0 0.618584447534177 0.36803017385103487 0.020354929293908933 0.03633025167743033
0 0.6048513762724226 0.3976390143564125 0.013329004445306462 0.03157845901186539
0 0.5923566154651841 0.42631614921466837 0.01878177899111364 0.044496919516719545
0 0.5793038312234652 0.4501031300702207 0.014976534950396097 0.03310297134519415
0 0.5324179660240803 0.5391348587980842 0.024893582930684013 0.05124581522571189
0 0.7336826443596766 0.636255344013236 0.10053139767749263 0.03419732492166734
0 0.7388745724456375 0.8186357657897179 0.0127124903040882 0.03844343409979921
0 0.69832884800615 0.9796844105369689 0.02501047838552329 0.04063117892606234
0 0.6769588348232445 0.9499631697607184 0.01919628121376699 0.05975138202591562
0 0.6579804120442814 0.9064870837239101 0.02045052414315786 0.06331756131906696
0 0.6376042251241 0.8698091269004437 0.02482976707254873 0.0671511241105859
0 0.6154636122439896 0.8212200672789584 0.02097135747649143 0.06336212523546135
0 0.5954594552732346 0.7821527383496333 0.023182236567459095 0.06562661177725714
0 0.5742276381507588 0.7357167554789571 0.021927993638068227 0.062060432484106115
0 0.533395558956704 0.6568198414536428 0.039136708285022574 0.08082717119414971
0 0.5181645342014902 0.38226646783425944 0.012350981719503313 0.0833777195861321
0 0.5217308340984033 0.30924371757871094 0.027837957576345336 0.023135068498298918
0 0.2047988983861699 0.09984408669397035 0.030431130105673176 0.16724564225260574
0 0.20574415359654635 0.3949659670217912 0.014753222426240834 0.07182312811927069
0 0.21139820941251317 0.6738882034202178 0.015550447880433657 0.059439434611153
0 0.2951877865933213 0.9945340550259762 0.020238033839069657 0.010931889948047464
0 0.313927222249162 0.9780477525910395 0.022172520809178073 0.04063640517904822
0 0.3312955195207726 0.9401027947659155 0.021949294243658577 0.045459713307159776
0 0.34737766593392455 0.9065443120900774 0.020907627576991907 0.04537058547437037
0 0.3650010547208041 0.8727718160173872 0.02455346091032524 0.0456825328891333
0 0.3827626395681134 0.8327851912324408 0.02234258181935734 0.043418046347337515
0 0.4011035054761757 0.7980364255962341 0.023299217980934372 0.04211635359598228
0 0.42500880219212284 0.7568460420778432 0.03360955353692094 0.058217530516678065
0 0.4448749779990379 0.7173853781045115 0.017049217980934374 0.041581586599246136
0 0.4583051173415808 0.6870588453488644 0.017006702728389556 0.04088617630717381
0 0.47246866628018125 0.6602539279699733 0.01952583888996647 0.03971817530500253
0 0.4906925937540862 0.632066996192059 0.025637642829536726 0.04646707101399503
0 0.33563851789401133 0.5662254323655103 0.1750105643441593 0.04056996496610793
0 0.4752538451150482 0.5363190588708852 0.047948359699144544 0.08088934748078706
0 0.3266842048544214 0.23755907812571503 0.02784852192050463 0.048731557555790825
0 0.261590602531914 0.25758507763387056 0.022076840001293143 0.047545944183376904
0 0.27730071899563963 0.2264159670638909 0.01844165697075487 0.038933637180140805
0 0.2901356018232367 0.20330211454221359 0.013382170000646572 0.023973509715464546
0 0.3116333756603666 0.16086807796193808 0.019483323637421536 0.03902276501293021
0 0.32828947798287406 0.1366976342290763 0.02057815585942831 0.03150694354931878
0 0.34498809555792626 0.11322260078828687 0.015848140606883495 0.03041045800969419
0 0.3554367131329785 0.08921280035076114 0.01329713949555682 0.0225826891313199
0 0.365922520809178 0.07004858999954432 0.011989731010825958 0.02662145913456976
0 0.37715238838423026 0.04610563543661063 0.01420061010179386 0.028885945676365488
0 0.3900138110101794 0.036137732589715435 0.013360955353692106 0.006677380246445848
0 0.4517145655280424 0.8504450392453747 0.037893115658427 0.06896063231252585
0 0.45308063663678283 0.7668574428595571 0.026891885758927713 0.05003325030714606
0 0.7811361517927063 0.9192471602257155 0.024584896066895113 0.16150567954856887