0 0.1290087890625 0.502444589308996 0.0569287109375 0.9951043024771838
0 0.3021630859375 0.11911342894393742 0.0531787109375 0.03307040417209908
0 0.3052099609375 0.41151238591916556 0.049775390625 0.0377509778357236
0 0.2927392578125 0.6514602346805737 0.0247607421875 0.044211212516297255
0 0.311640625 0.9472033898305084 0.0473193359375 0.04835071707953064
0 0.432470703125 0.127496740547588 0.00556640625 0.1640743155149935
0 0.4315380859375 0.24771838331160365 0.0066259765625 0.032007822685788785
0 0.4318603515625 0.34604954367666235 0.0059765625 0.12589308996088658
0 0.4313525390625 0.5578031290743155 0.00984375 0.23617992177314212
0 0.428623046875 0.7296740547588004 0.009599609375 0.05515645371577575
0 0.4266455078125 0.8902020860495437 0.00966796875 0.21960234680573665
0 0.5148876953125 0.5021251629726206 0.0637744140625 0.9957496740547588
0 0.8009375 0.501271186440678 0.0660107421875 0.997457627118644
0 0.7996533203125 0.03292046936114733 0.023486328125 0.058970013037809646
0 0.8228564453125 0.096251629726206 0.0250732421875 0.052985658409387223
0 0.7985888671875 0.16674054758800522 0.0180029296875 0.055580182529335075
0 0.7628564453125 0.31909387222946545 0.0329052734375 0.08814211212516297
0 0.7323876953125 0.43808344198174703 0.026943359375 0.07370925684485007
0 0.6918212890625 0.6396284224250326 0.023369140625 0.05803129074315515
0 0.6800927734375 0.6959322033898305 0.0192041015625 0.020671447196870925