0 0.5149248553686556 0.9939514702351578 0.024858914935612732 0.012097059529684253
0 0.5086455572822624 0.8458744254319931 0.041142761379866985 0.24709660449158466
0 0.42889354259642676 0.7205967381738163 0.05948978890191929 0.04762771181168805
0 0.4214528017082987 0.4330877747550162 0.05690179718349279 0.04744649542412543
0 0.49317415457140823 0.2687455665202003 0.04195535855004596 0.37409048107873466
0 0.42606218146461317 0.1653941440777286 0.035715712829996506 0.03216550567908975
0 0.33095310985391424 0.08836717831585834 0.03161465516524737 0.1070747026841523
0 0.48275121550411093 0.043806397158917286 0.050388559372611136 0.0235346796757759
0 0.7628237022877438 0.13895893498444295 0.02340540425719505 0.10856949904063316
0 0.7593537984764259 0.5726472613646715 0.023249418868073104 0.11890669974652318
0 0.9303944780592079 0.4283672148470484 0.0830029634876282 0.14447688428197739
0 0.9830199661267343 0.3106555506105097 0.03396006774653156 0.11900954826008105
0 0.0883024922442025 0.7112352398698576 0.019056135710850016 0.0282394690697833
0 0.08476364183527546 0.5874998399175233 0.012182712061115797 0.023618928868759846
0 0.12255181199518991 0.41250306345767435 0.021018758757077594 0.040104768750176656
0 0.2098939775007984 0.17785260645031795 0.05019006738572372 0.15114763264012765
0 0.16101138685515085 0.05680608300081375 0.058047618430798587 0.09512809447026443
0 0.2850379244684462 0.22278214209888875 0.01641001584022912 0.07082642464774694
0 0.31190561355571816 0.4899203609755301 0.06422335081742128 0.10935802916743831
0 0.2585611809261976 0.8259484521306731 0.018510225208117577 0.19032183881293924