0 0.017615121131315425 0.5393180792894298 0.03523024226263085 0.07649915429401904
0 0.5187852086030585 0.6661350836698883 0.06045159143957074 0.4412809090488092
0 0.5597151636776291 0.21538401143793032 0.04250144365700505 0.31428479034136053
0 0.9304705506897722 0.41947155262245267 0.1254707151827924 0.3611543445003433
0 0.8836807919118951 0.3388938931015987 0.1644357870665449 0.4463506185669141
0 0.8163263776126316 0.23634096532936583 0.04539692912228151 0.130222466681412
0 0.6846224956290582 0.30091742732972937 0.0245615943074465 0.09644940032602126
0 0.7534074444677715 0.4567489510337706 0.04778852829463584 0.025681171985812316
0 0.5588417681398149 0.6026927051677521 0.01888955277541307 0.0574617741638721
0 0.2683829433401188 0.5601912017223393 0.01052174675071272 0.01358091627088568
0 0.259635462052049 0.6402616201475012 0.011107354977238127 0.015624808955268726
0 0.26771923444269435 0.8221775042901059 0.022069537054501168 0.02792072310361335
0 0.2605251031843574 0.86662874828118 0.01330461498336467 0.020471484885877408
0 0.2571664599784306 0.8977341362653516 0.010724988810677748 0.018241369000579422
0 0.25329479499596586 0.9291258579299871 0.016411780222586943 0.023413935532788796
0 0.5069926175028685 0.6209133877122008 0.012205752390423118 0.05219609603120526
0 0.5138139832580173 0.5620547844508957 0.008498694224556005 0.012728914108586072
0 0.5887315728807532 0.0837272849102161 0.022040502474506198 0.027254944142228642