0 0.025427695697658226 0.7795615314804798 0.05085539139531645 0.14727918678330137
0 0.12877336903121225 0.35973447691385174 0.2182597135504787 0.7155877545949976
0 0.41121127046374617 0.5123335886728207 0.25419036229831404 0.9753328226543584
0 0.37439667901215024 0.9202014334055225 0.04404761155484791 0.15959713318895508
0 0.41665395432478225 0.7135592355674012 0.04255897377182755 0.1697973631745436
0 0.48496892769238237 0.36799462305748365 0.10537047750919142 0.4778849238990518
0 0.5449628022149934 0.0806229267061064 0.024993750408722894 0.07008079587954423
0 0.44290694524826796 0.9372876859280208 0.029618011948203172 0.09065734110564136
0 0.4870720197850617 0.6953489840147037 0.06054905529778707 0.25138747213291845
0 0.5256412549138746 0.5226075428189886 0.01776135636202063 0.02910020317102597
0 0.5399024110475417 0.4319361296788999 0.02800034971373027 0.0663018574344928
0 0.5577108534179884 0.3371924287746313 0.0295593644702702 0.07719839090375695
0 0.5786299943667738 0.22285552293809727 0.03260115226203702 0.08149482257983588
0 0.5962436018991729 0.11496778336903217 0.035185825778086155 0.09651528998150335
0 0.6878995969325741 0.1985445878098402 0.028914578265166545 0.044853785983315776
0 0.681401594520903 0.12763939312008907 0.03247506018448121 0.052558079645784773
0 0.6994452528596318 0.2681986580835453 0.053837951700369875 0.09878384162059894
0 0.7064751450813853 0.3327539758633203 0.02179654680043361 0.030118146168471922
0 0.7571635591906725 0.9897926952986096 0.06538084327961075 0.02041460940278077
0 0.8366436519830845 0.5921130601598692 0.22232456378001744 0.8157738796802617