0 0.2614892578125 0.5056518904823989 0.060087890625 0.9887027379400262
0 0.3617431640625 0.7843220338983051 0.0522607421875 0.17707953063885265
0 0.4104052734375 0.34088005215123857 0.02263671875 0.6817601043024771
0 0.3523046875 0.9194524119947849 0.026875 0.10835071707953065
0 0.411220703125 0.9272033898305084 0.021005859375 0.14558670143415908
0 0.459228515625 0.5186701434159061 0.0812158203125 0.058637548891786184
0 0.4755029296875 0.18848761408083442 0.07470703125 0.05884615384615385
0 0.8521044921875 0.26966101694915257 0.06619140625 0.4732659713168188
0 0.845107421875 0.7897653194263363 0.0619580078125 0.11408083441981746
0 0.82330078125 0.9272033898305084 0.063916015625 0.14558670143415908
0 0.84625 0.6259647979139504 0.0154150390625 0.194993481095176
0 0.8989794921875 0.7272164276401564 0.0297265625 0.0411277705345502
0 0.3423779296875 0.15672750977835723 0.0363134765625 0.31346153846153846