0 0.9505912168030851 0.07848305669462599 0.034232751827706194 0.15696611338925198
0 0.8436336621574231 0.02698222990833998 0.10048440277760445 0.05396445981667996
0 0.6956481847814087 0.09323576149424238 0.0300190198636218 0.019409761595286797
0 0.4970499761082851 0.07966991617073496 0.24382313989204157 0.057448159335595814
0 0.3405289141303741 0.04750028634296926 0.07605171708602106 0.09500057268593852
0 0.14364407021654843 0.044417559469246234 0.05949536383231014 0.023257953501805022
0 0.19831367667204647 0.050738921063374125 0.02613149718876569 0.02398839743702693
0 0.055553007358733794 0.011292715649030298 0.021619415880303434 0.022585431298060597
0 0.05344544300091816 0.1067063841739159 0.015976190325266322 0.02291807229171548
0 0.32846795625264824 0.22811263614437546 0.44520966456381245 0.08757158503414268
0 0.5110913338090105 0.3588528929452882 0.029992706842484035 0.20724584998019846
0 0.6781077292829502 0.42938908749203875 0.09873840207216704 0.031539733728033446
0 0.5875947651662383 0.4136498893072842 0.06578674262508111 0.02958350447532477
0 0.6650599882865079 0.5569226798330771 0.03535551556500085 0.012860416067968596
0 0.6648510536421437 0.7369976701315467 0.08775868081575082 0.03584275495858355
0 0.5873642559589833 0.7974411459147257 0.03373454672401798 0.3580663566887806
0 0.48477787582975 0.8595357062025102 0.13953728743289434 0.05542245715891487
0 0.41127235594826567 0.6897577856568045 0.2978057468677893 0.09670803141733178
0 0.38595343830731155 0.8427681595508649 0.012903379868583477 0.06536606061773234
0 0.38511447065227905 0.7725307648847962 0.07066663542484009 0.0824756439674973
0 0.3312553861603141 0.8155020385131362 0.039610849731153745 0.06234991886985795
0 0.25554722512873057 0.7596606270345246 0.10033452972964221 0.14984454757025792
0 0.33140661841678143 0.9779955325424033 0.1301106197942551 0.017218429789621428
0 0.37127631041756454 0.9227301217725193 0.10503397111957796 0.12502727240829814
0 0.15344379846529682 0.9457224256387733 0.10421786214985808 0.058103924021772856
0 0.057620065921694996 0.7558659629989216 0.06071824316446816 0.4645199854431594
0 0.012926899386627833 0.6288188856068582 0.025853798773255665 0.5353256929270143
0 0.7610012207332237 0.018061179964082734 0.0433082188214428 0.023304567234124045
0 0.759006778308674 0.08976003177176982 0.02767624538334573 0.05377804359956992
0 0.8372652141703094 0.15225906594638142 0.09863292472936647 0.04302207674005079
0 0.8500880329656834 0.2923007466037914 0.0585529764187555 0.025248349945325384
0 0.653180991199277 0.2665070646290009 0.06272363434314185 0.028788793941203653
0 0.830113953992347 0.4008468256996186 0.10152256535921596 0.11137735213128108
0 0.8137942076126432 0.5859397837853094 0.11734748588497314 0.17347858336432578
0 0.9028262611324656 0.6513985025965056 0.03245624784649095 0.2343685097127527
0 0.8883253568548601 0.8641233729587106 0.02775401295346192 0.20107779307021595
0 0.6613340608755948 0.8668635740175568 0.07630706747678391 0.02661397645976904
0 0.6666490195571249 0.9538188507659088 0.10358080783841478 0.03983599438713145
0 0.8012620184850985 0.8945337212676062 0.10489380024635948 0.15002172839173722