0 0.4474853515625 0.39359191655801823 0.013330078125 0.06204693611473273
0 0.3514892578125 0.36334419817470665 0.0294921875 0.05608865710560626
0 0.3201708984375 0.1705671447196871 0.0407763671875 0.02635593220338983
0 0.388837890625 0.061890482398956975 0.01859375 0.12326597131681878
0 0.388642578125 0.2030117340286832 0.0143115234375 0.07566492829204693
0 0.368798828125 0.5689308996088657 0.021318359375 0.18936766623207302
0 0.5701318359375 0.8515580182529335 0.0312353515625 0.1183050847457627
0 0.4468115234375 0.9436049543676662 0.0094189453125 0.11279661016949152
0 0.6482373046875 0.5518970013037809 0.0248193359375 0.07997392438070404
0 0.678291015625 0.4258213820078227 0.0289111328125 0.136890482398957
0 0.731005859375 0.21565840938722294 0.0207470703125 0.056792698826597134
0 0.66505859375 0.1263820078226858 0.069130859375 0.2527574967405476
0 0.8281640625 0.26876140808344195 0.0276708984375 0.5240091264667536
0 0.45021484375 0.13366362451108213 0.0148974609375 0.24602346805736636
0 0.423466796875 0.08426336375488917 0.0606103515625 0.1410625814863103
0 0.5082763671875 0.8288917861799218 0.02013671875 0.047007822685788785
0 0.322802734375 0.739322033898305 0.0440966796875 0.028885267275097784
0 0.32455078125 0.45818122555410695 0.0437060546875 0.04058670143415906
0 0.3138525390625 0.2449413298565841 0.026201171875 0.04005215123859192