0 0.7030877350444318 0.8933761594791045 0.027156922350792756 0.1222412485996142
0 0.6853566856780086 0.8792119730034396 0.03769517122698586 0.12472682527027094
0 0.6888175748710135 0.7513359133902681 0.03246702229080709 0.13179464919543135
0 0.7073496897583048 0.6208284443794618 0.03838896887470564 0.08753620148729306
0 0.7284980147075332 0.20769357779366862 0.02617083525233678 0.10823664089688989
0 0.6258593992712727 0.05819764822628014 0.023245339580842968 0.024348491762402575
0 0.5241419530326031 0.039783029221081546 0.0344678387004967 0.03218354963778102
0 0.561691629825254 0.051203787198027505 0.03182508507547995 0.04203073697669548
0 0.5147249771614597 0.10936432697548605 0.03757633118817971 0.06423393783882428
0 0.5436805873530849 0.07370394262581359 0.045724477914390195 0.026726277799106062
0 0.5595261872285611 0.1204564239388703 0.04104264437434739 0.06373090547294027
0 0.576223988877966 0.28595005551485475 0.05909260064288571 0.053272895134188404
0 0.5412527981005 0.5370596824134454 0.05641433245326356 0.04783041587489508
0 0.5042985112514973 0.8020809189601884 0.056889618720188974 0.0471878864271532
0 0.4213132098192785 0.8335542836761362 0.02458244891425552 0.10550377651042164
0 0.4402092566334001 0.8501068203007555 0.024107162647330115 0.10614630595816384
0 0.5269619839274495 0.9468466331458023 0.019365221852701307 0.09861349176014376
0 0.7022861300649795 0.5655761868742125 0.012869618241955138 0.026523367821439384
0 0.6936155733974307 0.5421650719472197 0.014817199748886704 0.025284807953241645
0 0.6854032329496876 0.512773571124585 0.018585349790049503 0.03343690208536035
0 0.6749189431555852 0.4769409226005797 0.02017373612813099 0.03616976647182859
0 0.6641970102280201 0.4407637598390604 0.02015051790851579 0.03550398751044377
0 0.6081685642832851 0.29344165979729 0.018887186645045077 0.04209202858336294
0 0.6198526788545083 0.3306639900281724 0.02028982722620609 0.039498661278752616
0 0.6300242099189904 0.3611471573474563 0.017322018526579018 0.04002494315827959
0 0.5958357140332065 0.2461861461183493 0.03129244049469959 0.05529981717710599
0 0.2576571279383812 0.13571961675626726 0.01978040086504093 0.053433520440547895
0 0.18979006504241294 0.5139993609244787 0.032733344581197046 0.1251601090952261
0 0.17742777451192496 0.7181493821763674 0.03308024340505699 0.106564797203737
0 0.15141266833336514 0.719603523312472 0.03433402726426856 0.1425168611185173
0 0.26242271557876035 0.9655179868898844 0.020556149516596157 0.03286412117854743
0 0.25071538278792205 0.9289614356203868 0.020741895273516407 0.038190352869625986
0 0.23880523419304364 0.8910617016712981 0.021240399760056785 0.03821360238326892
0 0.22719077428066548 0.8518420345562612 0.02031304544582112 0.04016444024013721
0 0.21362873286135586 0.8111978114638826 0.02233028161159767 0.04092321725609408
0 0.20006123050473387 0.763551284520142 0.02827819535584246 0.054494541133863095
0 0.22446614354011252 0.6149790139645045 0.029657617717388382 0.05123539486786811
0 0.26254644015214496 0.5610720604279876 0.024615214538129863 0.06362945048410708
0 0.2817921347308575 0.5389629182650013 0.018608568009664705 0.03410268104674501
0 0.29848726132783054 0.5184019759372623 0.019675231641590612 0.03614651695818565
0 0.3185039308559686 0.49566192908335577 0.018910404864660054 0.04275780754474768
0 0.33576721659832715 0.4731268993851052 0.017020181671583444 0.031369816660276925
0 0.35304211145049325 0.45025898020616223 0.018608568009664705 0.03410268104674501
0 0.37123275150708746 0.42976778641935215 0.01820293640158445 0.03674254737864136
0 0.3887685077123311 0.4065786025165382 0.016092827357347836 0.03332065451714551
0 0.406397136796035 0.38072630276818503 0.019199945374665208 0.03678904640592739
0 0.43961325334286844 0.3445977603230931 0.015571104651192368 0.032631626042117605
0 0.42509789044897717 0.3599254690143255 0.016069609137732747 0.03265487555576054
0 0.4599064798008387 0.3568808574828185 0.016939605138113625 0.04333058845156075
0 0.24869898163392676 0.4283875940690032 0.022585682027362955 0.048246785831327105
0 0.26837352604033454 0.4082990383038143 0.020011208590825717 0.03150931374213485
0 0.2911149001973249 0.37901744940427445 0.022260626952752632 0.03892588037193962
0 0.3114272584079632 0.35495746938441974 0.02233028161159767 0.04092321725609408
0 0.3330903598232202 0.3279596078224407 0.01808684530350935 0.033413652571717335
0 0.3533043842180861 0.2995604397967631 0.021333272638517024 0.04087671822880821
0 0.37860178729412824 0.27573295491333816 0.02895014925431278 0.04522013470176179
0 0.3991347185911094 0.24534807476032758 0.015524668211962307 0.03130006811934796
0 0.4156966840428874 0.22144661286884293 0.014910072627346829 0.027947923798780923
0 0.43232215598101537 0.2028830074252583 0.01711305455004357 0.0340329325058162
0 0.44844912343260296 0.18429615246803074 0.0194430494454403 0.0294887273443373
0 0.46934124989843434 0.1579291955969721 0.016405586086967964 0.02801767233970981
0 0.48574068781290713 0.1386881864351812 0.020765113493131496 0.038856131831010735
0 0.755695875616094 0.20095970399377142 0.042755368632696675 0.2412846425399005
0 0.12431241706124445 0.8667163636203035 0.040514123204663605 0.16274597461013451