0 0.9458106464139089 0.24615384615384617 0.1083787071721822 0.49230769230769234
0 0.9117950735270376 0.708041958041958 0.08616637063965511 0.36713286713286714
0 0.9582531048207881 0.8493006993006993 0.014760517961909471 0.12237762237762238
0 0.7455931414921443 0.02902097902097902 0.03865664895288414 0.05804195804195804
0 0.764369366091569 0.28881118881118883 0.04524849718666782 0.1972027972027972
0 0.7443788983409696 0.4951048951048951 0.07451302196114591 0.03986013986013986
0 0.7298373848419619 0.3062937062937063 0.11519434026372008 0.6125874125874126
0 0.40013596733263784 0.5611888111888111 0.5636650748060403 0.12727272727272726
0 0.09287880018132184 0.40944055944055946 0.1526767294140439 0.6797202797202797
0 0.03395074793413734 0.2304195804195804 0.06790149586827468 0.06923076923076923
0 0.024317881981325135 0.24895104895104894 0.04863576396265027 0.32727272727272727
0 0.03107657480759605 0.1458041958041958 0.04874175980571697 0.025174825174825177
0 0.10610073617610655 0.14825174825174825 0.06576447938876821 0.11538461538461539
0 0.12262951754870534 0.3034965034965035 0.07684556177065283 0.12937062937062938
0 0.32221551217590216 0.343006993006993 0.12107938669021938 0.039160839160839164
0 0.31513502854661735 0.3853146853146853 0.08218862538951797 0.023776223776223775
0 0.4504389521872625 0.26608391608391607 0.17984429240839053 0.17412587412587413
0 0.3416519258074075 0.1374125874125874 0.18060245352615106 0.05944055944055944
0 0.16814754045763242 0.12412587412587413 0.030238864202365507 0.08111888111888112
0 0.20695997367216187 0.17657342657342656 0.04418169890873174 0.1006993006993007
0 0.6385605972497013 0.3944055944055944 0.03179921734057457 0.1048951048951049
0 0.38898761719542324 0.7748251748251749 0.17305915322652288 0.05454545454545454
0 0.3950144561896106 0.8947552447552447 0.16080381104207792 0.04965034965034965
0 0.46766759394113727 0.9335664335664335 0.6560556229420401 0.13286713286713286
0 0.8733706878902339 0.9108391608391608 0.12966464366366415 0.055944055944055944
0 0.08782651103570142 0.8314685314685315 0.09951481838771309 0.33706293706293705
0 0.1580323903960689 0.9083916083916084 0.090921188166282 0.055944055944055944
0 0.20469281872666842 0.9129370629370629 0.058922539011553414 0.12657342657342657