0 0.3402294921875 0.35074967405475876 0.0531591796875 0.09446544980443285
0 0.540322265625 0.40285528031290746 0.0151806640625 0.09428292046936114
0 0.54283203125 0.5602998696219035 0.04765625 0.0960039113428944
0 0.4984326171875 0.30941329856584093 0.01548828125 0.06693611473272491
0 0.435009765625 0.3948761408083442 0.0538134765625 0.1354432855280313
0 0.4115478515625 0.6126857887874837 0.0497412109375 0.12198826597131682
0 0.7008154296875 0.7541786179921773 0.106416015625 0.4916362451108214
0 0.6665185546875 0.6201760104302477 0.055517578125 0.05817470664928292
0 0.7983837890625 0.754380704041721 0.069130859375 0.24978487614080835
0 0.8850830078125 0.48859843546284226 0.05654296875 0.1731942633637549
0 0.7670849609375 0.22682529335071708 0.1096044921875 0.4256844850065189
0 0.9125927734375 0.191870925684485 0.0148095703125 0.383748370273794
0 0.61197265625 0.055717079530638855 0.038984375 0.04013689700130378
0 0.6835107421875 0.15191655801825293 0.0669873046875 0.09662972620599738