0 0.1558642578125 0.25678617992177316 0.200400390625 0.5085984354628422
0 0.6577734375 0.4446023468057366 0.2536962890625 0.03653194263363755
0 0.6241552734375 0.7672033898305085 0.66337890625 0.4655932203389831
0 0.986455078125 0.588135593220339 0.02708984375 0.3292372881355932
0 0.1271240234375 0.7492764015645372 0.0510693359375 0.49797913950456324
0 0.2201513671875 0.644986962190352 0.146083984375 0.07402216427640156
0 0.2070556640625 0.7822881355932203 0.150556640625 0.04372229465449804
0 0.4230908203125 0.058363754889178616 0.0213720703125 0.11345501955671447
0 0.3605517578125 0.3251238591916558 0.028935546875 0.1593155149934811
0 0.43533203125 0.3721056062581486 0.0132080078125 0.15247718383311604
0 0.7694970703125 0.18249022164276402 0.05728515625 0.018259452411994784
0 0.8118359375 0.18420469361147326 0.01818359375 0.014471968709256844
0 0.83634765625 0.17919165580182528 0.012734375 0.025384615384615384
0 0.8472021484375 0.16177966101694916 0.0088525390625 0.05667535853976532
0 0.6997119140625 0.30466101694915254 0.1777294921875 0.01406779661016949
0 0.8750537109375 0.2492372881355932 0.01255859375 0.08614732724902217
0 0.5550390625 0.3055215123859192 0.0336474609375 0.02350717079530639
0 0.388642578125 0.2996414602346806 0.0442041015625 0.028272490221642764
0 0.32798828125 0.3840612777053455 0.023583984375 0.12108213820078227
0 0.3354541015625 0.46311603650586697 0.03439453125 0.020234680573663625
0 0.3392919921875 0.5538331160365059 0.0643505859375 0.03198174706649283
0 0.3321533203125 0.523754889178618 0.04099609375 0.017001303780964795
0 0.4053173828125 0.5572490221642764 0.018125 0.03660365058670143
0 0.4329736328125 0.22129074315514993 0.0267041015625 0.09578226857887875
0 0.915869140625 0.6339113428943938 0.046279296875 0.10138852672750978
0 0.475517578125 0.22455671447196873 0.0469580078125 0.023878748370273796