0 0.14380625641198203 0.2945857537931753 0.10937701332381958 0.4500341181657297
0 0.18786656016587588 0.7532896167428677 0.1282301249966817 0.49342076651426475
0 0.3996470578981163 0.23665696394767047 0.06911745198170605 0.3785334060144331
0 0.40881351761754753 0.1834317121567925 0.02245733461541206 0.08951758107166469
0 0.4505162435545439 0.21009951056344695 0.026809770695677363 0.02250895027101072
0 0.4246107738705782 0.7554201267343714 0.09108025453374588 0.48915974653125716
0 0.4287524928358049 0.647788195023756 0.02235994417198412 0.08748781111226009
0 0.44738457242640667 0.9906818377512745 0.019099989436689616 0.018636324497450906
0 0.48336721788417214 0.9354195560750506 0.02805018628961285 0.02733179588911037
0 0.4722060099028218 0.7068758438543219 0.026303185082708656 0.02246559241459971
0 0.5742181939551565 0.059676632888619144 0.024815891724945412 0.023012108831834615
0 0.5808314084336685 0.17097971030859602 0.055201895585393845 0.20417284307158381
0 0.5843666189784281 0.31462903350981325 0.033128095968895134 0.09110468604276539
0 0.5875016745158443 0.4083105244953568 0.025198650188141603 0.05201876253714509
0 0.5934626059841047 0.549110303111317 0.04955169679514051 0.1915606447510455
0 0.6034048803511716 0.6970445233714533 0.02223009024741353 0.08478145116638713
0 0.6032294373477561 0.8957665982394186 0.05299962910677531 0.20846680352116279
0 0.650650412426139 0.25304467797263996 0.11308620655603012 0.401163343430484
0 0.6638059804015496 0.7210652094142175 0.1402832094182673 0.5578695811715649