0 0.6512211101345852 0.06985243399068593 0.025273725752719647 0.050311572027209726
0 0.6339184883646173 0.076953451117912 0.01525680793481776 0.018357012901791786
0 0.4444105653850451 0.4021572796938427 0.12056728610355638 0.7186234940775098
0 0.46339934739686545 0.748936642051605 0.015396041783405291 0.026346360438409818
0 0.10620031867898533 0.108508275472568 0.010225351786551479 0.015344977087657006
0 0.13738067993553793 0.154910988213091 0.009181931530608173 0.012612077248398662
0 0.11922028304107686 0.16993156888321578 0.008231333840389965 0.015205409100218807
0 0.28339986829597924 0.8197912148485246 0.012601846012097004 0.008861647458106515
0 0.2634656986468377 0.8330252261261788 0.01016733768297321 0.012016082280732943
0 0.38595443429375265 0.9476608337070683 0.028554406385621 0.03857179470029991
0 0.5281322215399695 0.9164234717941057 0.040404986680824456 0.16715305641178863
0 0.7368215896369784 0.6533675994776239 0.012717874219253205 0.015519437071954717
0 0.6879277146367454 0.26193720177494945 0.01254424871275055 0.03412635599387021
0 0.6758013758718734 0.26607569006227666 0.012138566791935267 0.039417695688089144
0 0.24760714355396038 0.09446700596925589 0.016740718573723345 0.01779590993098558
0 0.24304063384278288 0.1752733352958894 0.019360872034297105 0.025293938490516348
0 0.4953539716096271 0.6254945201347532 0.007651609608840211 0.010510064373665627
0 0.4297836442027255 0.6485011574483329 0.010723856273091916 0.015379869084516518