0 0.9645353648965151 0.10837253009968136 0.03325106246766228 0.09856305878228601
0 0.8860936936593347 0.149118923532653 0.03534825422919213 0.18975120555000557
0 0.8008976562317945 0.12406808968501913 0.06523322225578182 0.06589696892314038
0 0.5255744164880175 0.18695397218931248 0.46194469056978976 0.15310061288341298
0 0.29001429958130787 0.1910233627817887 0.04221797157268635 0.3213288802009781
0 0.43563718371427923 0.0829514995780235 0.019053698054107355 0.10107726221130849
0 0.20000997087439454 0.22253761865244864 0.11142502312122653 0.06061696424140237
0 0.19673172880873496 0.10349745174105315 0.13211117172932793 0.05103166199001304
0 0.1994855837909934 0.04782603345528248 0.12133575074740892 0.04560438939171187
0 0.07199181104900422 0.12467807579163091 0.12456978190993445 0.14365862561323792
0 0.2751627916796445 0.3852084278550374 0.06229631618361616 0.04328956841787584
0 0.20204407644683162 0.39836466456093667 0.03864955961093012 0.02890692594631367
0 0.20291214097030968 0.5533483586016403 0.12150166399434265 0.0551281989155213
0 0.3026970497538806 0.5309553456538927 0.048903964677189375 0.03362224225308581
0 0.40547176814999963 0.5124939344008977 0.07251516841124696 0.04596406839811737
0 0.11105863893714596 0.7202684483148497 0.12884541918621875 0.21391675792023568
0 0.12126691737124876 0.6316914331620005 0.029639503896673518 0.09562018106811311
0 0.24257176360045216 0.690656181224218 0.0782107906448744 0.051754771278406594
0 0.02205511118134173 0.8270450113040902 0.04411022236268346 0.34590997739181945
0 0.05610016975867253 0.8222728913642164 0.11220033951734507 0.08607218991278294
0 0.030565635141536332 0.7001062559598628 0.061131270283072664 0.02928901177633139
0 0.15378975065062173 0.9425585128763401 0.06615759606012678 0.11488297424731995
0 0.32455048199087977 0.8746063678860821 0.04239488433070845 0.25078726422783565
0 0.4609044707492639 0.9846548420619945 0.1939215991183526 0.030690315876011044
0 0.5653317575652744 0.9264897515330223 0.11773774599287175 0.14702049693395547
0 0.682067247168318 0.9032395916747401 0.11532228155392622 0.1675464220605798
0 0.8804117689554531 0.8258324055721806 0.0467776058404393 0.3483351888556388
0 0.959173841457852 0.7374869763815928 0.06714675892380664 0.5250260472368145
0 0.8877779488870667 0.7692829411104897 0.15588786299275845 0.04367728116126768
0 0.7158038072857544 0.40037034791884873 0.03074291904684337 0.24654553668332171
0 0.6927902249001581 0.434010257486127 0.1266771217474315 0.11864697849945464
0 0.6130927790823261 0.517582109593556 0.023836371712039 0.025266996213058765
0 0.4605696988052156 0.8169287821579782 0.03514891673143273 0.3242866621875982
0 0.2438537598061434 0.880397121181313 0.12434376249683185 0.07229342255003739
0 0.24790760027218767 0.9888240247119471 0.11212337751246892 0.02235195057610574
0 0.23595726731802397 0.7777543053837572 0.1164574180846798 0.057532445524040146
0 0.30529091696231014 0.4844676008375097 0.0397986756756959 0.06567330400655032
0 0.2316139301049668 0.6174467812479283 0.06011829638642229 0.09343959937618448
0 0.21314983391115608 0.4777123556081611 0.07356990262389689 0.1065082860851922
0 0.44834299720293025 0.46544801552687687 0.016851976364494314 0.14986674895192997
0 0.44373280084137795 0.3350883062715064 0.018520831192238085 0.09968503381093587
0 0.5325588118355622 0.31269435550486313 0.04248671187746096 0.07399499022610041
0 0.07779930954979573 0.97208742494764 0.08249742743224714 0.05582515010472004