0 0.6099785407725322 0.49327929985750935 0.06652360515021459 0.9865585997150187
0 0.5313841201716738 0.7268701706222067 0.029506437768240343 0.5014040319276878
0 0.5437231759656652 0.3494335900395784 0.016630901287553648 0.1973790164847957
0 0.5506974248927039 0.1938269167988429 0.013412017167381975 0.05976817809685203
0 0.5541845493562232 0.08343045696930604 0.01072961373390558 0.10053660551473093
0 0.48792918454935624 0.11076262066460323 0.06223175965665236 0.04586302831781749
0 0.43052575107296137 0.0984901936927689 0.02145922746781116 0.02270644885181137
0 0.30659871244635195 0.14220947735925762 0.023068669527896997 0.06787289956440784
0 0.11427038626609443 0.8404599363684024 0.017167381974248927 0.06845169203273843
0 0.11883047210300429 0.956399500801146 0.019313304721030045 0.031252422877805185
0 0.11051502145922747 0.918627690991968 0.019313304721030045 0.04916073233339258
0 0.10059012875536481 0.8694320740157301 0.018776824034334765 0.052013558218114264
0 0.38492489270386265 0.9419598788782263 0.021995708154506438 0.08503986938542754
0 0.41925965665236054 0.9633659504001418 0.023605150214592276 0.04567909946765152
0 0.6663090128755365 0.6972212101426604 0.05847639484978541 0.049357164811730476
0 0.6762339055793991 0.3939812970329382 0.05525751072961373 0.05286380493381548
0 0.6872317596566524 0.10683385517690064 0.0536480686695279 0.05354262642752273
0 0.4584227467811159 0.7876680852570473 0.02521459227467811 0.047149275108614754
0 0.3935085836909871 0.7032211388790489 0.027896995708154508 0.06941809697440346
0 0.3696351931330472 0.8011987537711017 0.03165236051502146 0.08025060804496051