0 0.0274658203125 0.06971316818774445 0.0251513671875 0.13409387222946545
0 0.1036376953125 0.11147979139504563 0.0228076171875 0.21503911342894394
0 0.185263671875 0.1043089960886571 0.0595166015625 0.05527379400260757
0 0.4507568359375 0.16240547588005214 0.4380419921875 0.08911342894393741
0 0.676904296875 0.15977183833116038 0.0234716796875 0.3146219035202086
0 0.5347314453125 0.06226205997392439 0.012822265625 0.09499348109517601
0 0.76373046875 0.19394393741851368 0.104482421875 0.044498044328552804
0 0.7643701171875 0.08011082138200783 0.125107421875 0.03222946544980443
0 0.7607373046875 0.024661016949152542 0.1150830078125 0.0336245110821382
0 0.884248046875 0.09933507170795305 0.1123583984375 0.12297913950456324
0 0.9882177734375 0.14108213820078225 0.0235595703125 0.281864406779661
0 0.695048828125 0.35011734028683184 0.057763671875 0.03377444589308996
0 0.765390625 0.36234680573663625 0.0359619140625 0.02284876140808344
0 0.7676904296875 0.5105541069100391 0.114306640625 0.03772490221642764
0 0.6716650390625 0.490019556714472 0.045556640625 0.025886571056062582
0 0.57263671875 0.473102998696219 0.06759765625 0.0351238591916558
0 0.859189453125 0.6696219035202087 0.1129248046875 0.1897001303780965
0 0.8475439453125 0.5850260756192959 0.0232861328125 0.08820730117340286
0 0.732607421875 0.6424054758800521 0.072958984375 0.039889178617992176
0 0.9530810546875 0.804308996088657 0.0334619140625 0.3913820078226858
0 0.9313134765625 0.7674315514993482 0.137373046875 0.06852672750977835
0 0.953662109375 0.6502151238591917 0.09267578125 0.019882659713168188
0 0.8230419921875 0.8848565840938721 0.0573046875 0.10633637548891786
0 0.6584423828125 0.8504628422425032 0.025830078125 0.29907431551499347
0 0.52947265625 0.9456323337679269 0.183515625 0.04597131681877444
0 0.4280126953125 0.876857887874837 0.1052587890625 0.1395632333767927
0 0.31560546875 0.8490938722294654 0.1020556640625 0.14710560625814864
0 0.1240673828125 0.8058474576271187 0.0243505859375 0.3883050847457627
0 0.0440478515625 0.718096479791395 0.0406201171875 0.5481877444589309
0 0.1154443359375 0.722561929595828 0.1482421875 0.022346805736636246
0 0.2727197265625 0.36801173402868315 0.0162841796875 0.23417861799217732
0 0.2954296875 0.40016949152542375 0.1157568359375 0.09849413298565841
0 0.37365234375 0.47934159061277704 0.0215380859375 0.02145371577574967
0 0.5261962890625 0.7649478487614081 0.0160595703125 0.3080573663624511
0 0.5231982421875 0.9904628422425031 0.0128369140625 0.019074315514993483
0 0.7353662109375 0.8238852672750977 0.1162744140625 0.05361799217731421
0 0.7337548828125 0.9420990873533247 0.105673828125 0.03619947848761408
0 0.7406103515625 0.7257887874837027 0.109248046875 0.040501955671447196
0 0.6680712890625 0.4454889178617992 0.034912109375 0.058357235984354626
0 0.741572265625 0.5723142112125162 0.052861328125 0.08277705345501955
0 0.7563330078125 0.4383963494132986 0.065126953125 0.09340938722294655
0 0.53064453125 0.42822685788787485 0.0079638671875 0.14258148631029988
0 0.5321240234375 0.3034485006518905 0.01220703125 0.0938722294654498
0 0.4466064453125 0.2826531942633637 0.0368212890625 0.06617340286831813
0 0.9891845703125 0.9066492829204693 0.0216259765625 0.13794002607561928
0 0.8965380859375 0.9148370273794002 0.075986328125 0.0519426336375489