0 0.4832517665744595 0.7890210510845692 0.06347070347276813 0.4219578978308617
0 0.5047278192873299 0.6090070827528862 0.032064966041371656 0.059496450073601354
0 0.43946848453802034 0.26689613476508134 0.0611639296210869 0.46582130478317363
0 0.4458551251441772 0.14500583614570775 0.018840258876374964 0.01855642750754132
0 0.46138660616085503 0.11715929829860765 0.010218695140948596 0.04075297136707308
0 0.47723230451804716 0.11445992485768 0.025493216341438384 0.02699383361940258
0 0.5279973885766198 0.06501834987809565 0.018304274019127258 0.0165172201791961
0 0.5629861116458361 0.05747953764520981 0.006617974611823732 0.006429373983347206
0 0.4324809200772879 0.049023726067774366 0.010043780874749466 0.03071281072450284
0 0.6873095330185145 0.5215330835733261 0.014878886648630725 0.020984402080244116
0 0.6991297239170225 0.5195883245980062 0.009705613293431406 0.011301833482200409
0 0.4932143737025494 0.34863865975855673 0.022906579663838727 0.022152549320380688
0 0.4644588138595188 0.37264700661736017 0.019469531342262335 0.025950387178590606