0 0.24490233830265823 0.5329808072302907 0.20787975231525874 0.9196583261453822
0 0.25688135743028223 0.5352539915912777 0.22579575752212785 0.9162547237144908
0 0.047897130072982796 0.28801889646032375 0.09009198236617169 0.32212345177525065
0 0.3533870977983297 0.4383690813186715 0.08559588210283002 0.16436543088488034
0 0.5895796755772903 0.09979003227403062 0.09335426640881782 0.19958006454806124
0 0.6296989340684929 0.25947542737497375 0.08406854529825053 0.16712019587181443
0 0.34549994345735907 0.8550009516324878 0.05474409919879228 0.05977864053653909
0 0.23110618704374103 0.9704182286289024 0.03476135253249837 0.04118453270684009
0 0.30230041050986706 0.5635773260877044 0.08299540391223065 0.09359468015009718
0 0.5997125220411563 0.9150029268463746 0.11640461474105758 0.12129276198071107
0 0.4555225795002288 0.7458049098133571 0.05634282588753589 0.0845805086687766
0 0.24846221864341367 0.23406744469822333 0.058482549440570394 0.06136594279003451
0 0.7170270246381661 0.5686635766233856 0.02823589315187147 0.033108826035057055
0 0.06740504748314677 0.5019667171493133 0.0664510276848255 0.1599402910675517