0 0.2446533203125 0.16090612777053456 0.03826171875 0.02048239895697523
0 0.2683203125 0.14509778357235986 0.010234375 0.013911342894393742
0 0.250703125 0.4386766623207301 0.039521484375 0.020488917861799218
0 0.2716455078125 0.4209778357235984 0.0103271484375 0.015208604954367665
0 0.2498291015625 0.6553520208604954 0.0236962890625 0.04655801825293351
0 0.08689453125 0.2236310299869622 0.0194775390625 0.0400651890482399
0 0.11990234375 0.023741851368970016 0.01630859375 0.039947848761408083
0 0.105771484375 0.06225554106910039 0.015849609375 0.038252933507170794
0 0.0943310546875 0.09871577574967406 0.0094970703125 0.03312907431551499
0 0.083046875 0.12909387222946545 0.0119140625 0.035345501955671446
0 0.0820361328125 0.17303129074315515 0.0058642578125 0.051897001303780964
0 0.099921875 0.2695827900912647 0.0147900390625 0.039119947848761404
0 0.11669921875 0.3127183833116036 0.0191162109375 0.043298565840938726
0 0.135947265625 0.3562842242503259 0.021328125 0.04229465449804433
0 0.1529052734375 0.4008213820078227 0.028525390625 0.04524119947848762
0 0.17056640625 0.44943285528031285 0.0310888671875 0.050293350717079535
0 0.18203125 0.4965384615384616 0.02025390625 0.04222294654498044
0 0.197626953125 0.5338722294654499 0.021708984375 0.0321251629726206
0 0.207197265625 0.5711147327249022 0.0166650390625 0.042685788787483706
0 0.1149072265625 0.6576205997392438 0.065927734375 0.03739243807040417
0 0.280576171875 0.7764602346805736 0.0364208984375 0.06986310299869622
0 0.2602197265625 0.7201955671447197 0.0340087890625 0.025280312907431553
0 0.3707080078125 0.02736636245110821 0.029208984375 0.04585397653194263
0 0.3710400390625 0.09589308996088657 0.0049072265625 0.07996088657105606
0 0.3714404296875 0.1848696219035202 0.00611328125 0.09576271186440678
0 0.3720458984375 0.2907692307692308 0.005712890625 0.11108865710560625
0 0.3730517578125 0.3944915254237288 0.006923828125 0.09313559322033899
0 0.3741357421875 0.5475945241199478 0.0062646484375 0.14971968709256844
0 0.3743896484375 0.6490612777053455 0.0087841796875 0.051225554106910036
0 0.3751708984375 0.7253911342894394 0.0087353515625 0.049804432855280314
0 0.3768798828125 0.8867470664928292 0.0108154296875 0.2265123859191656
0 0.39892578125 0.9108670143415906 0.0130712890625 0.03252933507170795
0 0.4345068359375 0.7900977835723598 0.043291015625 0.031192959582790093
0 0.478544921875 0.7949413298565842 0.016171875 0.019354628422425035
0 0.61115234375 0.6930964797913951 0.0288037109375 0.06258800521512387
0 0.380361328125 0.06722946544980443 0.016328125 0.033572359843546284
0 0.39638671875 0.10586049543676661 0.0227099609375 0.04269230769230769
0 0.413291015625 0.14315514993481096 0.027568359375 0.03121903520208605
0 0.4247216796875 0.18203389830508476 0.0271484375 0.04522816166883963
0 0.4303173828125 0.3434224250325945 0.015078125 0.03648631029986962
0 0.413251953125 0.37766623207301175 0.0181787109375 0.04001955671447197
0 0.3949365234375 0.41456323337679274 0.0180908203125 0.03970664928292047
0 0.379951171875 0.4534680573663625 0.014931640625 0.036636245110821385
0 0.3644482421875 0.4906910039113429 0.01251953125 0.030984354628422427
0 0.3516748046875 0.519954367666232 0.01298828125 0.03333116036505867
0 0.33806640625 0.5535267275097784 0.0130517578125 0.03831812255541069
0 0.32421875 0.5841655801825294 0.015673828125 0.04141460234680574
0 0.308642578125 0.6166558018252933 0.01458984375 0.04464797913950456
0 0.2969482421875 0.6453194263363755 0.0093359375 0.033839634941329855
0 0.288291015625 0.6642112125162972 0.0087353515625 0.03177314211212517
0 0.2733154296875 0.685619295958279 0.0207861328125 0.04311603650586701
0 0.260751953125 0.9510691003911343 0.0384375 0.021760104302477185
0 0.3409619140625 0.9384615384615383 0.040146484375 0.0788787483702738
0 0.2997021484375 0.8350325945241199 0.0196142578125 0.04536505867014342
0 0.3141845703125 0.8782724902216428 0.018564453125 0.04039113428943938
0 0.4962353515625 0.17954367666232074 0.027236328125 0.06959582790091265
0 0.6312841796875 0.6222555410691004 0.0198291015625 0.06572359843546284
0 0.688388671875 0.3598956975228162 0.0276953125 0.0677509778357236
0 0.7221923828125 0.1988722294654498 0.0175732421875 0.030938722294654497
0 0.7393603515625 0.12996088657105606 0.0298388671875 0.037790091264667536
0 0.71466796875 0.0498109517601043 0.0439453125 0.09220338983050848