0 0.5573554154406654 0.9384716403335025 0.015378197049498544 0.04931687104245703
0 0.5606953694877029 0.8787928306199891 0.009231670745854358 0.031943127114524274
0 0.5753885096884991 0.7161310192815289 0.03109391441110196 0.25223434186792776
0 0.6067631892131069 0.3789202883178176 0.042809529271336376 0.35229897897685053
0 0.6323278156318682 0.10186862836692442 0.024222989019943696 0.1733837322743273
0 0.7553675649454333 0.0380191222932204 0.02300788912230787 0.04456275045055911
0 0.7384516398560725 0.10573039937946603 0.04675516820129605 0.04995962851759183
0 0.7185612990049287 0.3425640999670683 0.047160507050800105 0.04802422599370431
0 0.6980845195324024 0.5928316144472 0.04895350302092784 0.04421446386669973
0 0.6611895528897824 0.8264740641823589 0.026212304793835437 0.05064365116568791
0 0.6819692241534135 0.9395505865947069 0.02197320150839347 0.03208137708978072
0 0.8642305694501394 0.6916465813576742 0.02105248261711583 0.089534830405748
0 0.8688925550083044 0.45020418881676527 0.028720469814429377 0.06321658890762173
0 0.8497296241241654 0.36741635939833167 0.03893930301264649 0.08411104449242329
0 0.8210749103826638 0.28325777447313605 0.040932546316904794 0.08488843832872146
0 0.8056291239584856 0.21069544055754916 0.0368936903655934 0.0709133202161171
0 0.7867832895471731 0.1262540804220291 0.020409059634415153 0.04113360317484562
0 0.8979612806116322 0.05922050215921622 0.01657529519847702 0.020635926575051092
0 0.6815964513604391 0.117759371255607 0.012440930598624389 0.02691431337916006
0 0.6843642701671035 0.0711867214372442 0.007991891616566476 0.025984312240936093
0 0.46293048060506475 0.8293180289841705 0.017471793183541 0.018731045511548725
0 0.4955067428337436 0.8292542758528301 0.02088130037044183 0.01828938773948738
0 0.5164795256230725 0.5900659543628062 0.026564815975106765 0.1036015128995077
0 0.4888529207117782 0.5777318164476656 0.027022524167405377 0.11408644081562827
0 0.5116259657430993 0.35901782876038557 0.014610658656237336 0.020513840733510532
0 0.2219755199096407 0.7161994351250419 0.02197274318295552 0.09939497178749612
0 0.34084951614456255 0.9385283119312122 0.02459094939581954 0.05838526126123771
0 0.32284561744761703 0.8965141034228136 0.03505801341515671 0.0400833230021276
0 0.35266767676248373 0.8417249540658845 0.02545399643762199 0.06693478665347107
0 0.26342979588930737 0.568866429868709 0.03613538200938007 0.08720445570390002
0 0.28141235409609844 0.6282005180476045 0.024552654271315325 0.07994938216746593
0 0.2949291478492008 0.6832374041368562 0.027442395560637496 0.07882189494026197
0 0.3052534072211637 0.7384726797186113 0.022959905635318162 0.08834630025777326
0 0.3190303130857743 0.8268234484291496 0.01708537273357019 0.04354118493117955
0 0.3120108222151231 0.7968704914994718 0.012807974323624228 0.046543031761501166
0 0.279324878420325 0.4459952774481476 0.026088189383275128 0.07024184808764368
0 0.3065789079372199 0.3658780272485632 0.039568651777056825 0.09852782037708908
0 0.33517284025046784 0.2775083841937393 0.03180077007539675 0.0888956865447062
0 0.35923917956746604 0.20869923793715137 0.025544660904920653 0.05779099618725049
0 0.3807520216302207 0.14789113418938704 0.028281680021664122 0.07560639788724453
0 0.4691422059569114 0.23258560291351763 0.02133416438149753 0.03988403010610083
0 0.42428536120020166 0.006706920942656147 0.028792215882195125 0.013413841885312293