0 0.319079412618226 0.78496481107761 0.13195467421620088 0.42283578807921884
0 0.4506546847941942 0.7963342988219693 0.16566281444939443 0.3936652862111187
0 0.23621901809305834 0.6441458064926922 0.05335924324318459 0.09860182385446056
0 0.10008650315980729 0.7745905440640638 0.08362714961637872 0.2040874518399571
0 0.15145260807913694 0.6432872734065886 0.0434980088709296 0.08034253913781247
0 0.09530913558757981 0.9334464027712469 0.05301714161497006 0.07324793693668474
0 0.23820246716114155 0.8021716284836696 0.04510737532134496 0.2042134230020552
0 0.2676224427525666 0.4700132791815568 0.18856966913827722 0.22599623609072836
0 0.283937286348509 0.2682014311386795 0.04657093614689487 0.183957295620806
0 0.5707847220370013 0.931136718124737 0.06739847926617963 0.09664714080387828
0 0.6423396194090626 0.9503262072713201 0.05521397969778658 0.07400630230905876
0 0.8667822054070513 0.8678119403316013 0.025618382291934867 0.034437407540658764
0 0.9318678169216879 0.9117529415954541 0.015177080042891084 0.03065401260159163
0 0.9605702321230064 0.8859310829620736 0.019484502495935637 0.07634834612865327