0 0.08646484375 0.22870273794002607 0.0141064453125 0.015625814863102997
0 0.088125 0.28183833116036505 0.015703125 0.03606910039113429
0 0.233837890625 0.5927314211212517 0.00984375 0.017496740547588006
0 0.4120166015625 0.6959452411994784 0.0233251953125 0.021382007822685786
0 0.465771484375 0.8511994784876141 0.013994140625 0.2976075619295958
0 0.4634228515625 0.40151238591916555 0.01291015625 0.5402281616688397
0 0.43140625 0.4099152542372881 0.0581005859375 0.14346153846153845
0 0.41818359375 0.04196219035202086 0.01732421875 0.027816166883963496
0 0.467109375 0.04904823989569752 0.0050537109375 0.06580182529335071
0 0.65552734375 0.25661016949152543 0.0096728515625 0.12167535853976533
0 0.634384765625 0.6816036505867014 0.0178857421875 0.03264015645371578