0 0.5684428549549068 0.19079460647259566 0.07557535586752993 0.14018989898925738
0 0.6288118391469771 0.3392578384475118 0.10486977972201232 0.14689163511096862
0 0.49636175798084053 0.48791419460924207 0.05674946129232273 0.13239482710013817
0 0.8072871064620347 0.7366842843157984 0.22743072975359047 0.46405369286478915
0 0.7972234480737168 0.9484907818209867 0.06159272937548723 0.026179426275980203
0 0.5796757234064801 0.741760675249569 0.029922447155670256 0.035471846520018925
0 0.4505346680712883 0.889154285709849 0.04534848367013332 0.033156657104205525
0 0.3854086682652985 0.913093878540631 0.036041627171078415 0.025583570645900288
0 0.2926377911878316 0.9514628063740075 0.1287468632424293 0.06653191188882927
0 0.3071185972142236 0.9744336071543723 0.026358659607669158 0.05113278569125528
0 0.3529996651846266 0.9783469743893245 0.0202437403073135 0.04330605122135096
0 0.5021573937579157 0.9282106691652647 0.036683124729555615 0.13125814530821794
0 0.1372363377155473 0.9538318524308388 0.12046187608125841 0.09233629513832242
0 0.1695573580466428 0.9928139873772267 0.042819347605172906 0.01437202524554657
0 0.3205633135121809 0.8020438123022816 0.14406574378958037 0.07424519967185889