0 0.09573894282632146 0.453577377154728 0.19147788565264293 0.907154754309456
0 0.4909257985479301 0.5031227881248084 0.24792186568731134 0.9937544237503833
0 0.28213095876850774 0.7771379384998455 0.07339787594346607 0.3734173184355458
0 0.2977122805160399 0.6011319089146214 0.02371032288379645 0.06157452603657303
0 0.3477321652539796 0.8149209865042882 0.06657219219631301 0.33226720277654653
0 0.4001860465797735 0.4945968929094647 0.05364786867198083 0.23989728277478609
0 0.4287751565535028 0.3169909103582882 0.02044895516613309 0.06080376499852229
0 0.45895726774160756 0.1401305388736875 0.052569120020416645 0.2398805161271361
0 0.40929569994203324 0.039881150353006795 0.023911296987562374 0.06733821479737996
0 0.340513536182384 0.4183404345696381 0.024124088394724904 0.05798060388489374
0 0.2669606280846086 0.3609708038162722 0.02773567363780092 0.03787475981266939
0 0.33460417312461 0.053858126324188973 0.0514932657351838 0.03896408715606979
0 0.23122606356694164 0.05477433364455661 0.012318426900679367 0.013152732835965318
0 0.2558444078621047 0.15355320596472405 0.010700303923333088 0.01312758286449038
0 0.29017591151686617 0.2910486050112 0.03942605646421184 0.0330159652711131
0 0.3339398536160391 0.3050645678242151 0.012343548663650046 0.013873193931066183
0 0.30054149313561496 0.32653144013337965 0.03440913965095195 0.04373904845937614
0 0.23393314542403532 0.4956171346468724 0.013259749433993242 0.024688493681404185
0 0.22486274180843321 0.6551447756068515 0.047340819010147986 0.02809848746278181