0 0.6481695808051299 0.5725245024350396 0.01847399725685153 0.028393011224387105
0 0.6108204516754732 0.6855965576709344 0.01582361215363279 0.04875789471990716
0 0.6479231474493944 0.7402665699229387 0.03509913361241623 0.0417457897315806
0 0.7000444024076753 0.7978787575945723 0.015808752054292892 0.028185591824565155
0 0.5478137001852443 0.9774885149068837 0.015141465433070829 0.0450229701862326
0 0.5800967886172128 0.9506304302724454 0.014533867552534227 0.044401422686474235
0 0.5748519300407942 0.9867476080068496 0.01259925065088614 0.02650478398630086
0 0.5988805609094885 0.8226359015249805 0.017605478436226892 0.02194127093416637
0 0.48740814329334686 0.7873600786029353 0.06035732365487385 0.09833141753338907
0 0.581202732617726 0.6623657740814444 0.024400878382169252 0.040203861420042245
0 0.6340696001479201 0.6835044694719881 0.02029679089846206 0.03279096713778452
0 0.5971590042258923 0.5767121912093606 0.007600577086878024 0.013359803260049702
0 0.6475330077558886 0.22560287218326577 0.0674467693352623 0.2946637108347995
0 0.62299349382403 0.4769310209792994 0.049300935980516165 0.2116762980468937
0 0.6552764580843358 0.5003692239686114 0.00862940074788904 0.01273052030772764
0 0.8648425602694855 0.7007547387843122 0.02118772403975899 0.019382655244914126
0 0.7744047435590613 0.8036657588496027 0.007637851506890461 0.014072053972300415
0 0.7941258557601558 0.7392309913887368 0.008666675167901478 0.013442771019978353