0 0.536572265625 0.4531812255541069 0.0231982421875 0.8958409387222946
0 0.562099609375 0.8885332464146023 0.014677734375 0.024661016949152542
0 0.5573681640625 0.9766688396349413 0.0112548828125 0.018279009126466753
0 0.526123046875 0.937542372881356 0.0051416015625 0.013148631029986963
0 0.5615185546875 0.7869426336375489 0.005859375 0.010880052151238592
0 0.5155712890625 0.752490221642764 0.006591796875 0.009719687092568449
0 0.2901416015625 0.6476336375488918 0.013486328125 0.015215123859191656
0 0.2908544921875 0.6950717079530639 0.010830078125 0.05909387222946545
0 0.2916748046875 0.7545697522816167 0.0082275390625 0.051225554106910036
0 0.313671875 0.7456910039113429 0.016513671875 0.017301173402868318
0 0.31455078125 0.7083311603650586 0.009794921875 0.011264667535853977
0 0.577861328125 0.016016949152542374 0.00923828125 0.01813559322033898
0 0.6603271484375 0.6179921773142112 0.008330078125 0.026949152542372883
0 0.658330078125 0.6580573663624512 0.00748046875 0.038396349413298565
0 0.7727783203125 0.677568448500652 0.0056494140625 0.00711864406779661
0 0.77849609375 0.6919491525423729 0.00921875 0.013252933507170795
0 0.771689453125 0.7123468057366362 0.005888671875 0.007985658409387223
0 0.769326171875 0.7464341590612776 0.0072216796875 0.011518904823989571
0 0.7765576171875 0.7297522816166885 0.007763671875 0.011290743155149935
0 0.77453125 0.764367666232073 0.01037109375 0.011831812255541068