0 0.9663834608281033 0.2663421418636996 0.033885946431647794 0.10917941585535466
0 0.9464873689091912 0.20340751043115438 0.02416478871047142 0.0368567454798331
0 0.849556810868094 0.058066759388038944 0.0998447115971454 0.11613351877607789
0 0.7490825449827734 0.04624478442280946 0.015551252313276838 0.020166898470097356
0 0.5144817977605506 0.36022253129346316 0.009140566008367301 0.04937413073713491
0 0.46141735451581073 0.39151599443671764 0.013594430392518812 0.04450625869262865
0 0.46280057937738317 0.4603616133518776 0.008800604565030075 0.009735744089012517
0 0.46360631066506597 0.5358136300417247 0.015818264445674874 0.02573018080667594
0 0.5178479225821324 0.6373435326842837 0.02211483189368787 0.037552155771905425
0 0.4646631642026565 0.6602920723226704 0.009381196277839383 0.03268428372739916
0 0.5014272840869929 0.5671070931849791 0.02196813489602564 0.02364394993045897
0 0.46730690366371236 0.6269123783031989 0.012479814414913193 0.01043115438108484
0 0.5010369540451566 0.8139777468706537 0.04210196740494728 0.3671766342141864
0 0.45928574388765653 0.967663421418637 0.011317832613510603 0.018776077885952713
0 0.44248597034268294 0.9975660639777468 0.01742113561584849 0.004867872044506259
0 0.3646705580441723 0.708970792767733 0.011511097059185479 0.04450625869262865
0 0.3653590723360389 0.7597357440890126 0.011644603125384616 0.04728789986091794
0 0.2674700981912142 0.14603616133518776 0.017273640242401928 0.045201668984700974
0 0.3154154464839423 0.05319888734353268 0.045217768352405825 0.08484005563282336
0 0.34636914507813354 0.5639777468706537 0.009288061381813742 0.009040333796940195
0 0.31420518738771874 0.6210013908205841 0.009067616697428348 0.015299026425591099
0 0.2263707192106543 0.8070236439499304 0.012125065288544453 0.06815020862308763
0 0.2440790525439876 0.8070236439499304 0.022228152374800143 0.050764951321279554
0 0.24599630167035638 0.8647426981919333 0.02111973267503397 0.04937413073713491
0 0.15886074440137637 0.9005563282336578 0.08142068373323526 0.19888734353268428
0 0.11085550354835691 0.7093184979137691 0.22171100709671382 0.5653685674547984
0 0.7602745514642534 0.7788595271210014 0.011778109191583752 0.05006954102920723
0 0.7560757058447135 0.8609179415855355 0.012579943964562546 0.012517385257301807
0 0.7568864358465592 0.8223226703755215 0.01105082048111233 0.01321279554937413
0 0.7032961605543232 0.967663421418637 0.025006196277839385 0.03268428372739916
0 0.514873420730281 0.4280250347705146 0.008313147748246645 0.01043115438108484
0 0.1995207354005166 0.10222531293463143 0.02126722804848041 0.009040333796940195
0 0.22801597522148379 0.0782336578581363 0.014342703063861251 0.016689847009735744
0 0.2261856647133013 0.029554937413073714 0.01392199928017721 0.018776077885952713
0 0.2666571637904507 0.4885257301808067 0.02692884330626318 0.061891515994436715