0 0.3736962890625 0.3386766623207301 0.0247802734375 0.6773598435462842
0 0.4152880859375 0.266277705345502 0.0649462890625 0.04059973924380704
0 0.4138818359375 0.5427574967405476 0.05740234375 0.06500651890482399
0 0.231552734375 0.18971968709256842 0.0289794921875 0.110632333767927
0 0.7585498046875 0.20709908735332463 0.0364697265625 0.1267992177314211
0 0.7673046875 0.41170795306388525 0.0141845703125 0.05524119947848761
0 0.37658203125 0.8580573663624511 0.012646484375 0.2838852672750978
0 0.4043310546875 0.798142112125163 0.0383056640625 0.060456323337679266
0 0.2656689453125 0.6745110821382008 0.0275830078125 0.14522164276401564
0 0.30296875 0.9012972620599738 0.0802978515625 0.025058670143415906
0 0.2500537109375 0.8978487614080835 0.0222119140625 0.012848761408083442
0 0.7072216796875 0.9360821382007823 0.05318359375 0.02556714471968709
0 0.624970703125 0.5027640156453715 0.1610595703125 0.293129074315515
0 0.7809326171875 0.07589308996088658 0.0076220703125 0.1353194263363755
0 0.4689892578125 0.11839634941329857 0.0203955078125 0.16985658409387222
0 0.49416015625 0.15970013037809647 0.0130322265625 0.1063689700130378
0 0.3255517578125 0.05627770534550196 0.0160400390625 0.05624511082138201
0 0.4816259765625 0.9165449804432856 0.0476513671875 0.06352672750977836
0 0.513056640625 0.9639504563233378 0.01501953125 0.028181225554106907