0 0.55384599575854 0.16724658268932893 0.083973150455262 0.2937033536737047
0 0.48675514340613474 0.4884041391495088 0.05226022096055594 0.16649632295369593
0 0.4422617213681969 0.6718270136783104 0.06063479894755849 0.1941263638096875
0 0.37684003045548914 0.980302083655749 0.014255426697461675 0.017730081538145682
0 0.3055509172939625 0.9515229174678408 0.05051996148123961 0.03329685842893021
0 0.2118728564967455 0.8910876565983835 0.062655159149063 0.08041966063331363
0 0.3554684800806701 0.7173408883987565 0.06093352757431078 0.063651009231182
0 0.39953042136584815 0.7203770635752516 0.04238770840350502 0.06254937777044296
0 0.3958294889802012 0.4474499561847165 0.024960114254321743 0.032031658756012577
0 0.4215186747544893 0.47583527303630097 0.0335033833899854 0.03423830942788641
0 0.4834009072700922 0.2081200890096192 0.02850210837241441 0.034790819033453955
0 0.4491465898038677 0.18321754585028385 0.016329394893566856 0.02313156765575834
0 0.3455558349166396 0.018436408835656046 0.026323199906199787 0.021357204401785353
0 0.29284904887834523 0.2743137020783405 0.07625470915834016 0.04794893895860836
0 0.7125929719182871 0.0996417269011017 0.038801989172866626 0.05644349727881161
0 0.6795731004872915 0.1336881932864202 0.03182294120679107 0.05895730523798493
0 0.6519012003234712 0.1611638954024926 0.028123536683534178 0.04414995218945915
0 0.6234909146874027 0.18761805628871736 0.02869449886761531 0.049516387975890364
0 0.5932196460462089 0.18389915975045956 0.017453829216710782 0.03252575114294474
0 0.5820645898301288 0.2321812505379478 0.02408928558394266 0.042048452511128646
0 0.6074233015393368 0.24750267511046395 0.03221900294068953 0.05093686016765578
0 0.5060392180482407 0.3549442511123519 0.05803245582037213 0.07161303708287603
0 0.6128775620120831 0.9732432424040931 0.04346841761410311 0.05351351519181383
0 0.6416414521299983 0.976987199705003 0.03285992530484355 0.04602560058999396
0 0.7165594896309165 0.4673160666843974 0.07632466933841305 0.05330369130131252
0 0.7917728421799497 0.4258842090366761 0.05501262733183942 0.14715544637375574
0 0.039131276452420434 0.6681171075640192 0.015828392889558812 0.023119884212031306
0 0.0162502018361793 0.7700243580379729 0.017383869036637623 0.02717099880024059