0 0.4686161481393734 0.7850036059262684 0.05818554285423143 0.16603011276304477
0 0.5120580177602605 0.7710402755860355 0.06892437371743827 0.1766371415797589
0 0.6239713717940025 0.8929628303193495 0.056892050169381286 0.21407433936130085
0 0.7726958375357895 0.9369209696001659 0.05683361441262624 0.0648029903963933
0 0.7106005987486307 0.8620874593392341 0.03495475966623954 0.15712189469743454
0 0.6889387922790021 0.8434138182407044 0.03635156392581331 0.1346119734969638
0 0.715403266681871 0.5776746457550068 0.04662775269256142 0.03820339164999774
0 0.5623955422111991 0.5247884381587467 0.09834432546267735 0.45655513940525927
0 0.5162566361737434 0.6099788663355203 0.04877762818901391 0.08414296674346607
0 0.6597208627091184 0.2723535780948919 0.0508975324771565 0.03545760172719022
0 0.6365940634312863 0.047634396760578186 0.03930834544180769 0.047381701857476394
0 0.21033839117316605 0.14755137217032216 0.03146794133233694 0.05726766729218648
0 0.1998608930637467 0.41791431566106135 0.06647059013627539 0.1532499031798206
0 0.1953569813974329 0.9651887522803566 0.045244427377277685 0.06962249543928677
0 0.25534797383604063 0.8838848192903399 0.1427487812978764 0.23223036141932013
0 0.7559668469709607 0.30156453394592764 0.12734492327506547 0.20874733688955796
0 0.4291235769598546 0.47448786687195194 0.0180462658295357 0.016713633311685537
0 0.42526930346395164 0.6610382724575702 0.042106473940550476 0.09625793659251798