0 0.24818092972667818 0.8185237629980203 0.06971475116504376 0.054843754198149776
0 0.28833673425615536 0.5008014161744277 0.08217983597572907 0.07655984444251304
0 0.2191970826103431 0.6493495917062705 0.08952650434793469 0.6545253866458856
0 0.16978783598092947 0.31050886224262986 0.016926294806483017 0.07365573781667932
0 0.24139552951536414 0.14679458730533268 0.04177759000071736 0.09427841281780397
0 0.2721277195414969 0.2094439244823822 0.041756238690069454 0.19241999281459435
0 0.2884575525476293 0.05032234358737049 0.03281574376602504 0.08784913473773502
0 0.6530266454239599 0.7355855285455231 0.0211163808155434 0.11522194140559303
0 0.34224087797738023 0.7667426126675575 0.021218255712898572 0.09932806524026006
0 0.41725572918989207 0.14570606347623852 0.04550265330386946 0.07846903558365859
0 0.3133852374591732 0.2062542133217966 0.06204115067200996 0.05812049972102452
0 0.3930806057734013 0.0897835007418355 0.060102207362182164 0.023518210557914955
0 0.5251001774677113 0.5672177767549564 0.19272407873816663 0.3279488264968502