0 0.3523683408054296 0.5451682030247937 0.05982564745609307 0.09577826686002112
0 0.28308531463843833 0.7147625321727112 0.022918897199745974 0.06152301105157122
0 0.32323085720383826 0.695685287600692 0.031924413553915294 0.047613829663719735
0 0.22051010789660075 0.41064910110088737 0.22054892948697577 0.40550296251730583
0 0.3296954782793313 0.6230542247991433 0.04146602077306453 0.03439698606907233
0 0.356276706694509 0.6591109073693284 0.020784526397385573 0.035781095952307856
0 0.4708125203488139 0.7720887986702306 0.0470175317592729 0.21970390332768014
0 0.48521712689962176 0.9627077262452718 0.023203957062298844 0.07458454750945645
0 0.6804847135822355 0.756587720485176 0.05168077973902578 0.11782227589222674
0 0.6760144315422162 0.8241994757117884 0.014115394001539765 0.022060322542113955
0 0.6510671664468707 0.9484240376558422 0.008872506359787013 0.01784330455594661
0 0.6481864880494018 0.7992829062082252 0.026381477063272 0.04811719377609361
0 0.7472080409570946 0.6282417588017148 0.02863886520245599 0.06507918685800625
0 0.6999112893061121 0.6484517140523689 0.042213172010236874 0.09793345357013995
0 0.6990731241485166 0.70838504517838 0.011734988525531728 0.013878251477552356
0 0.6429331350294261 0.7103661574596459 0.02123709783511138 0.022957381822883805
0 0.6891932865336355 0.4987281966071125 0.029829067940460238 0.0691702223902872
0 0.5678095198880253 0.5020686656551653 0.02287487568206156 0.025710985188964083
0 0.5312935960406596 0.5077085973382355 0.023174924530951983 0.020990603090422555
0 0.5092081040300621 0.5314123028715537 0.022997893018885378 0.0169310631716132
0 0.7102260076094611 0.0745850141252301 0.12564727556121957 0.10863517371243436
0 0.8055945819157471 0.824840090400452 0.022653349931645608 0.05543370117335742
0 0.8307177985207632 0.9001468660891605 0.02033195495966 0.04860481008173191
0 0.3044798295918987 0.334668563941573 0.04391043308187396 0.03244595514334696
0 0.3468110226101801 0.23639092143593482 0.03464841667583393 0.1564818262581567
0 0.34031365627548743 0.9204712068786652 0.0496008958325731 0.035325540963313626