0 0.794177601907784 0.2170114236349718 0.31035113049581226 0.4141544838635473
0 0.3315657524312119 0.49233852058351746 0.26665028506093363 0.1326559208095562
0 0.4375221779084451 0.7230582488557475 0.7786195036736224 0.5538835022885048
0 0.9237618193208919 0.6162296774444451 0.15247636135821632 0.5207183046804885
0 0.8140751959351257 0.5440365277456162 0.16579412734447282 0.12972807143072726
0 0.859139738420567 0.6783472095852496 0.16339526336397125 0.10113289581140247
0 0.48000035887335046 0.044519529447397364 0.03943045298091681 0.0747275046960838
0 0.5998295861657866 0.2690659266379666 0.06630726388424991 0.17169818123557148
0 0.5361645062743929 0.342530641655486 0.049131376004331886 0.15919206574953082
0 0.15926141296140994 0.2659563999185838 0.06279153361566776 0.03973330780255731
0 0.11726481007908317 0.28230224313989766 0.022028082079682633 0.021420894044694928
0 0.09166608697653951 0.2856439977656196 0.01873363676824546 0.030209021681236715
0 0.07699453017853126 0.271816916475052 0.022213071335658103 0.06086084499235603
0 0.2572082308683728 0.3653918584029268 0.18415778560076743 0.0810571912166417
0 0.06955457285065822 0.3699539647089865 0.0328208154753722 0.09162348786032382
0 0.40151760497422156 0.31629915725931645 0.039796122459732 0.03665601364874175
0 0.5657475198806637 0.2528972330808512 0.05175587934912753 0.045001339655400936
0 0.6458338027795893 0.31737759648731695 0.05235407357045163 0.13136423474800205
0 0.6569999800633438 0.3998250882621295 0.03969238804638073 0.03325465310452422
0 0.6740885486924385 0.49290387023296917 0.07296359321930596 0.05621023638481081
0 0.6743656107478907 0.46027059821505945 0.04578162079711174 0.03266936918726493
0 0.6092361429401862 0.5190936315271787 0.026786048963402333 0.043933199097587854
0 0.5034923843538266 0.18903405462092845 0.049570525916521425 0.10684277609910657
0 0.11848623175053033 0.7729048462394451 0.07084048043471071 0.12009248915504706
0 0.46180223116290053 0.2070845359556672 0.05317963984412657 0.04162372615907931