0 0.51681640625 0.2623533246414602 0.0159326171875 0.5164537157757497
0 0.544443359375 0.5127249022164276 0.0151123046875 0.028265971316818773
0 0.507763671875 0.7997327249022164 0.01314453125 0.4005345501955671
0 0.517470703125 0.8604498044328553 0.0085302734375 0.07605606258148631
0 0.262763671875 0.5190612777053455 0.017763671875 0.04503911342894394
0 0.2630078125 0.45421121251629726 0.016552734375 0.04651238591916557
0 0.257001953125 0.7764015645371578 0.009453125 0.02956975228161669
0 0.310673828125 0.9728683181225555 0.0119580078125 0.020788787483702737
0 0.2601220703125 0.04239243807040417 0.01111328125 0.012640156453715776
0 0.7989697265625 0.032099087353324646 0.0087353515625 0.01938070404172099
0 0.7613427734375 0.9888591916558018 0.0092138671875 0.01724250325945241
0 0.628583984375 0.34162972620599735 0.0292529296875 0.047353324641460234