0 0.8699989955284994 0.5538151878820198 0.19424172307106463 0.8923696242359603
0 0.4809602910833542 0.5173617416206636 0.17332127370693423 0.9652765167586727
0 0.08732175354801834 0.7341309411380841 0.17464350709603668 0.4287361905765633
0 0.19539634163519173 0.4940748771906111 0.18966141347196597 0.9647449756218744
0 0.4199259100540452 0.16724671466504323 0.06309181551823598 0.2378122970022453
0 0.3401309753751201 0.12003433060706087 0.13908651914117148 0.19648205683605777
0 0.6848207341133788 0.6118241311234064 0.04904409668650526 0.0635155686262902
0 0.6560037549478036 0.8969816974678336 0.04202700223961409 0.03279048493579631
0 0.7159054220161306 0.32122056574727964 0.03773657025251411 0.05410756198311518
0 0.5357556200317327 0.8178518652972369 0.045550655664950104 0.22201501472689628
0 0.57649958427501 0.48004443221907767 0.04479809691094451 0.26394554160119177
0 0.593563613221928 0.13543541592465078 0.03352531514823755 0.161377082833313
0 0.8633777854957244 0.18815863865751697 0.10550908698600767 0.17484565218980022
0 0.6799282158182101 0.6815569319016179 0.033705113603822716 0.033455743666369504