0 0.47617116553270805 0.6704048826626232 0.025279688256299608 0.07115018061995779
0 0.3787129369395794 0.7267181496836671 0.041680689246841665 0.07050134317600056
0 0.37538658252179036 0.9406255607377748 0.048196471769548874 0.04253385378660373
0 0.4605121401106547 0.985221522493056 0.030856337221838788 0.02955695501388819
0 0.44310520939251963 0.8889406083620364 0.02918146599120028 0.08617454086496631
0 0.36521494992544634 0.5024730691643996 0.05726394810591514 0.20975731206340179
0 0.5359741425000899 0.14989008559697592 0.0547319477761067 0.13754743772926079
0 0.3912570978707253 0.09148432093963169 0.02786984096357659 0.10731685889291896
0 0.6655980648821859 0.4506680445162972 0.04093570630593035 0.09449721196031184
0 0.7172018300159961 0.5776196267892255 0.05604089203090651 0.15669159723349252
0 0.8058594920795725 0.7890933415963872 0.032648716156383685 0.0679598629204421
0 0.7444056851242371 0.868314722273856 0.10831480161673122 0.22768686925661774
0 0.8966051067609132 0.678686092416302 0.11519087469474337 0.5107204793110383
0 0.515312825918083 0.9066972454906891 0.05147465798923757 0.18660550901862183
0 0.4947340295558283 0.9606789670055593 0.08129164153591467 0.07864206598888135
0 0.47344908747059133 0.18943341655133625 0.029861732060025976 0.05722817703115
0 0.2898014940584227 0.33195263583304097 0.052479986242346156 0.046267493217957006
0 0.33543254155059454 0.6319986697421488 0.053705723090178674 0.05904673051568233
0 0.35706168955419276 0.8626378605351942 0.03508438008999129 0.051817432826706915