0 0.5112851833617879 0.05718116245385045 0.030634882852608018 0.1143623249077009
0 0.44304629408983304 0.004910366050654399 0.030245813986117732 0.009820732101308799
0 0.43775707629887595 0.06704735143062679 0.031981776875248384 0.10550531076363281
0 0.35463381198964555 0.052921912353367524 0.03693949808011701 0.07906177915497281
0 0.36261075715767216 0.140897016699729 0.02819108110062125 0.023906164298557252
0 0.3997485775886665 0.09558190240695973 0.02151594134971466 0.04079905745814146
0 0.35338073076545135 0.18079046100357243 0.021706597280713034 0.04954737508936623
0 0.3908203826013862 0.20725206762563417 0.029179086106604666 0.04615655656758524
0 0.42860737853185243 0.23806627084534882 0.029294897666319923 0.12072435688028593
0 0.4993594296731627 0.15953605695585105 0.011435296188424336 0.03993656873976235
0 0.48332193746296526 0.33889761483952185 0.04060056462232399 0.27013574758581027
0 0.41295001651605473 0.37694316703356945 0.025752006019022274 0.1197495383187591
0 0.5485536623625729 0.5052380487314336 0.038807453536862116 0.14168902202965358
0 0.588770885287162 0.508539131176819 0.03711936667251611 0.13348427860076612
0 0.3630411267120507 0.2649134185186995 0.05445402821406055 0.051677515914003984
0 0.33868407190968297 0.5838724632899546 0.05304459232578915 0.05625877517690649
0 0.3185194177535407 0.8519076382269946 0.052584557590262745 0.05823449327127047
0 0.45336304612610073 0.7136205353234083 0.05495587830616035 0.37480465060237395
0 0.43408255442242266 0.9411279241290792 0.01013391485537478 0.026391369666040464
0 0.16730449899511282 0.3200899566024616 0.03597930958877286 0.12734150213808026
0 0.1845155919724483 0.06713993572096737 0.019001173728691773 0.017746344371262403
0 0.3014731651892998 0.27827153203990185 0.020938579887419956 0.03739119547175143
0 0.25270981672295323 0.36941576665191017 0.01990118368959896 0.035959051579724996
0 0.22296476174595303 0.8118777229900623 0.04515994478915599 0.10999128364799661
0 0.24178109729701658 0.8874639820746052 0.0146995368596475 0.02812538460949929
0 0.6050243342775766 0.8604305110555642 0.02524948892801057 0.05052219365089314
0 0.7982909494795559 0.7498436144788269 0.04542932359368414 0.09926724792240818
0 0.7699436042994721 0.8277796395465565 0.03837826565008037 0.07582641491225868
0 0.7454671929345983 0.8979682465158982 0.04559604151229001 0.08383257962616025
0 0.8577751799345742 0.5829456575663466 0.022078636971163326 0.043533971934437206
0 0.8821766563435506 0.3587082357070043 0.03178572727495066 0.11959408403969235
0 0.8621427225028109 0.35469159709000214 0.024421293004280642 0.1048584442248485
0 0.6792757653733289 0.08514991510974351 0.017797059612264785 0.031748868775484
0 0.7746683395480839 0.15249889115936988 0.03236460390429795 0.0538177257941353