0 0.4550760441988818 0.43358831710709317 0.06710040761767584 0.5674547983310153
0 0.4952255204863415 0.8703059805285118 0.03451263015693596 0.25938803894297635
0 0.23385889261223128 0.6470792767732962 0.027383523928514286 0.02364394993045897
0 0.27647510007921594 0.5445062586926287 0.030832640388495727 0.06606397774687066
0 0.3134249180574689 0.4155076495132128 0.022285819502717057 0.03477051460361613
0 0.2703775428158202 0.4370653685674548 0.016090826418025252 0.017385257301808066
0 0.6847874700636825 0.45236439499304587 0.02300398478632199 0.03824756606397774
0 0.639860941086219 0.39951321279554936 0.01096142586480037 0.018776077885952713
0 0.6493241818212544 0.5066063977746871 0.010882493084691684 0.017385257301808066
0 0.6563109630147125 0.7214881780250347 0.037714102629365226 0.07719054242002782
0 0.73246160802795 0.3150208623087622 0.12301483043354816 0.25869262865090403
0 0.42345930416311806 0.7437413073713491 0.025615921715615643 0.02920723226703755
0 0.19436503016777287 0.8459666203059806 0.1487336107940732 0.30806675938803896