0 0.5347314453125 0.33720990873533246 0.0362060546875 0.15397653194263364
0 0.5738623046875 0.3335723598435463 0.02416015625 0.11907431551499348
0 0.6661376953125 0.23979139504563232 0.033984375 0.0897522816166884
0 0.6974609375 0.3969100391134289 0.0117236328125 0.5446479791395046
0 0.453935546875 0.16248370273794002 0.015712890625 0.2817601043024772
0 0.4509228515625 0.5597196870925685 0.0172216796875 0.4206649282920469
0 0.4499853515625 0.8904563233376793 0.0191015625 0.18291395045632333
0 0.321025390625 0.6421382007822686 0.0527978515625 0.042959582790091266
0 0.3239404296875 0.8962581486310299 0.03041015625 0.028735332464146023
0 0.3234716796875 0.3438135593220339 0.038876953125 0.026525423728813557
0 0.3502783203125 0.03897001303780965 0.0304052734375 0.0779400260756193
0 0.128857421875 0.20933507170795307 0.03533203125 0.1167535853976532
0 0.14240234375 0.49347457627118646 0.0323193359375 0.06211212516297262
0 0.3161376953125 0.9593220338983051 0.032236328125 0.03352020860495437
0 0.2953662109375 0.7875945241199479 0.0511962890625 0.08560625814863103
0 0.5760546875 0.5692959582790091 0.0266650390625 0.05501303780964798
0 0.4893310546875 0.45652542372881355 0.037587890625 0.08617340286831812
0 0.8652001953125 0.1788787483702738 0.01419921875 0.11360495436766624
0 0.724580078125 0.931870925684485 0.0205810546875 0.07484354628422425
0 0.21484375 0.6807040417209909 0.03986328125 0.0899413298565841
0 0.7939111328125 0.18822685788787485 0.0992626953125 0.36589960886571055
0 0.3801171875 0.23434159061277707 0.0148291015625 0.09895045632333767
0 0.633974609375 0.8232073011734028 0.1180419921875 0.3096349413298566