0 0.2300732421875 0.3409126466753586 0.075087890625 0.19567144719687093
0 0.1617041015625 0.5378161668839635 0.076875 0.19696219035202084
0 0.1068115234375 0.7051890482398957 0.055322265625 0.14079530638852672
0 0.0572216796875 0.8598109517601044 0.0605126953125 0.1685071707953064
0 0.4848388671875 0.19108213820078226 0.0546337890625 0.03338331160365059
0 0.53974609375 0.13440677966101697 0.0078564453125 0.09477835723598435
0 0.527744140625 0.3925814863102999 0.0282470703125 0.06726205997392438
0 0.484814453125 0.48155149934810954 0.052578125 0.03389178617992177
0 0.482734375 0.7507561929595828 0.0504248046875 0.0418122555410691
0 0.4641162109375 0.9950977835723599 0.017197265625 0.009804432855280312
0 0.3273779296875 0.9616623207301174 0.0408984375 0.07667535853976533
0 0.302060546875 0.6995436766623206 0.0176416015625 0.09095176010430249
0 0.536611328125 0.6480964797913951 0.01078125 0.09415254237288136
0 0.5565478515625 0.6615189048239896 0.012978515625 0.09960234680573662
0 0.534404296875 0.7592633637548892 0.0058447265625 0.08556714471968709
0 0.820673828125 0.9357366362451108 0.0126806640625 0.0151238591916558
0 0.828046875 0.7153780964797914 0.0139990234375 0.1091916558018253
0 0.838271484375 0.3623076923076923 0.0113818359375 0.04928943937418514
0 0.640009765625 0.18527379400260754 0.0728955078125 0.13229465449804434
0 0.5846337890625 0.5161212516297262 0.02080078125 0.043148631029986964
0 0.7148046875 0.8454823989569753 0.0283984375 0.05138200782268578
0 0.684833984375 0.9007105606258149 0.031650390625 0.058096479791395046
0 0.656455078125 0.9459843546284225 0.021533203125 0.04320730117340287
0 0.6340283203125 0.9811082138200782 0.0218115234375 0.037783572359843545