0 0.0832861328125 0.19516949152542373 0.035712890625 0.3894654498044329
0 0.4214599609375 0.2053780964797914 0.393046875 0.39684485006518905
0 0.646552734375 0.2409908735332464 0.03919921875 0.46807040417209905
0 0.7321533203125 0.1271968709256845 0.112744140625 0.24048891786179924
0 0.433818359375 0.2060691003911343 0.6130810546875 0.12443937418513688
0 0.170517578125 0.06032594524119948 0.066943359375 0.01982398956975228
0 0.69390625 0.6498761408083442 0.150185546875 0.06029335071707953
0 0.827685546875 0.7779009126466754 0.1247705078125 0.4007431551499348
0 0.9054345703125 0.9105410691003911 0.1891259765625 0.12964797913950457
0 0.9444970703125 0.785651890482399 0.1110009765625 0.03196870925684485
0 0.9876318359375 0.8340743155149934 0.0247412109375 0.16792698826597133
0 0.03087890625 0.8022620599739244 0.0415771484375 0.3954823989569752
0 0.104443359375 0.8783116036505867 0.0454736328125 0.24337027379400258
0 0.3975341796875 0.8696219035202086 0.420068359375 0.2607561929595828
0 0.37361328125 0.7341525423728814 0.3819873046875 0.10716427640156453
0 0.712470703125 0.7754498044328553 0.0665966796875 0.044921773142112126
0 0.3417236328125 0.5614667535853977 0.0708203125 0.07034550195567145
0 0.6975244140625 0.9853259452411994 0.1018408203125 0.027653194263363757
0 0.10796875 0.8595632333767926 0.1328662109375 0.027014341590612775
0 0.72177734375 0.3404302477183833 0.116767578125 0.017366362451108213
0 0.7574560546875 0.42318774445893087 0.02173828125 0.06129074315514993
0 0.955556640625 0.22779661016949151 0.025126953125 0.4555867014341591
0 0.9219384765625 0.026760104302477182 0.1561181640625 0.05351368970013038
0 0.84412109375 0.22115384615384615 0.1054150390625 0.3007561929595828
0 0.7261865234375 0.18510430247718382 0.1045947265625 0.04462842242503259
0 0.418017578125 0.5717340286831812 0.0276220703125 0.05577574967405476
0 0.2338720703125 0.6538070404172099 0.0433935546875 0.03499348109517601
0 0.228837890625 0.5991851368970013 0.0333203125 0.043428943937418515
0 0.380244140625 0.44951760104302474 0.027626953125 0.05230117340286832