0 0.041992772913784546 0.7999261382870498 0.08398554582756909 0.1547907904174101
0 0.11935233600638263 0.8528468588847247 0.017975909273468083 0.02388450878428473
0 0.4072249685144724 0.663479080247144 0.015873987862221973 0.04927907690925963
0 0.4634511037895223 0.6586590116739468 0.01990626989269186 0.04677050567024289
0 0.4774830698765288 0.59194024712903 0.009750789062385457 0.011644788017883503
0 0.49354363960445885 0.5198017143406259 0.01871051705517841 0.029449222303335656
0 0.465654899229329 0.3974405302752676 0.02647229128208211 0.04303985887295428
0 0.5202750875780048 0.40049291026958816 0.013724416876597248 0.03396806221656021
0 0.46532682662429437 0.4719445957958338 0.024404098835716714 0.02980353297693551
0 0.5102552376464639 0.43106567117877775 0.013455356007441886 0.013944947243218325
0 0.5229565350364338 0.22630715232464899 0.09915229798615811 0.38215203804514736
0 0.5936702791333537 0.11008198492481357 0.013753743984726473 0.021552139497713483
0 0.6181421934184531 0.08144845012858169 0.02113575169508626 0.025460895016156435
0 0.624038891932843 0.4007108561268148 0.017808750338197354 0.04595010249307069
0 0.634764022537965 0.3521574589797275 0.018434853400895405 0.04874856428321428
0 0.5889943982344757 0.9795569035350183 0.0230661123143098 0.040886192929963316
0 0.6089306823692149 0.5477797610549894 0.010268387406070757 0.011676998079119767
0 0.6512032862235752 0.5084686934623188 0.011002995187781084 0.01724171159817085
0 0.7743267925389121 0.37228106892590035 0.02180950433216257 0.06896493962397422
0 0.7580484704283903 0.3639889361779558 0.028486231368941135 0.05489305890451939
0 0.7690584259209203 0.3081741282424867 0.027396782322064158 0.053445512917593196
0 0.8632987123487107 0.2932411563288412 0.11701678657299515 0.2583963900064896
0 0.8525626050070335 0.5206526258171419 0.2815829619069007 0.6101253793397833
0 0.27201993889038417 0.1486454449151587 0.01851623194015473 0.05082325307989486
0 0.2942092097390905 0.07238216877149803 0.014054332890386628 0.016051846101135185
0 0.28474874788505256 0.10853574823035687 0.012501537859330728 0.015955215917426137
0 0.42196551666762394 0.5985375381246488 0.009805041421891597 0.013027913882337011
0 0.6658705445117284 0.6570438954454697 0.03518568272872093 0.0677277124194385