0 0.5885888671875 0.7851564537157758 0.6003564453125 0.4221121251629726
0 0.5890771484375 0.10200782268578878 0.656669921875 0.20400912646675357
0 0.098583984375 0.7664080834419817 0.0337548828125 0.46719035202086046
0 0.1327587890625 0.45845501955671447 0.0304931640625 0.3597588005215124
0 0.2963232421875 0.12980443285528032 0.028837890625 0.25960234680573663
0 0.9103662109375 0.12654498044328552 0.019296875 0.25221642764015645
0 0.643056640625 0.46297262059973926 0.1702001953125 0.020547588005215122
0 0.8737451171875 0.6667666232073012 0.035634765625 0.07617340286831811
0 0.9425048828125 0.4719817470664928 0.0355078125 0.3309517601043025
0 0.9462451171875 0.663696219035202 0.107509765625 0.05873533246414602
0 0.9359716796875 0.7233963494132986 0.0217431640625 0.09129074315514993
0 0.65234375 0.3733376792698827 0.015791015625 0.27960234680573665
0 0.1760107421875 0.7968057366362451 0.1498095703125 0.037920469361147326
0 0.1889794921875 0.667470664928292 0.1373193359375 0.045378096479791394