0 0.11329312871531032 0.5181566598606048 0.16163733414388387 0.9636866802787903
0 0.4844682430693572 0.5082123738738762 0.15738234353102823 0.9835752522522476
0 0.7962697177237813 0.5141053143513865 0.14015848306661022 0.971789371297227
0 0.3035545902407411 0.5011943932501609 0.037781324851808885 0.04643979010689519
0 0.27631832972157183 0.36654279405489437 0.0502622953508866 0.0350202687388166
0 0.25401856302567216 0.09650536178058877 0.0383575334461247 0.03455779941582033
0 0.4360698829519614 0.7427763836963517 0.0325778150633171 0.26646858299815257
0 0.419524790392845 0.5595999008626501 0.015102482833597945 0.04952690050492721
0 0.404613212872959 0.40194901110335746 0.03294472855620279 0.22018804532461214
0 0.37950235942048843 0.08683029235845835 0.023192579725682817 0.12523555435302228
0 0.3145972010155484 0.9242286795337444 0.04176044651872223 0.03270593133480686
0 0.23208467301815625 0.832598953387106 0.1641336106175571 0.3348020932257881
0 0.6839265493584531 0.08046914823043667 0.08809119395500142 0.11122284423877331