0 0.4199951171875 0.5 0.03205078125 1
0 0.2914013671875 0.983702737940026 0.054814453125 0.03259452411994785
0 0.2914013671875 0.6896284224250326 0.054814453125 0.05724250325945241
0 0.2861669921875 0.38290743155149937 0.040537109375 0.031408083441981746
0 0.2750634765625 0.17849413298565842 0.0209423828125 0.04279009126466753
0 0.2209912109375 0.06375488917861799 0.048623046875 0.10798565840938723
0 0.1394921875 0.21436766623207298 0.07890625 0.02561929595827901
0 0.495966796875 0.32003259452412 0.0487451171875 0.02771186440677966
0 0.5482763671875 0.3252672750977836 0.031904296875 0.02458279009126467
0 0.6523681640625 0.4563102998696219 0.0446142578125 0.18170795306388526
0 0.70474609375 0.24224250325945243 0.028798828125 0.02848109517601043
0 0.5483349609375 0.05684485006518905 0.022890625 0.09939374185136897
0 0.513203125 0.05815514993481095 0.02314453125 0.10375488917861798
0 0.6605322265625 0.10497392438070405 0.0579150390625 0.19215775749674052
0 0.7686083984375 0.8413950456323338 0.0641845703125 0.3172099087353325
0 0.5490576171875 0.8714471968709256 0.0252978515625 0.08265319426336376
0 0.1931884765625 0.5157953063885268 0.1627880859375 0.40897001303780967
0 0.198017578125 0.9133181225554107 0.08625 0.17336375488917863
0 0.1142919921875 0.7773728813559322 0.0206640625 0.04792698826597131
0 0.75912109375 0.4702933507170795 0.1023095703125 0.3741720990873533