0 0.5297821451945469 0.820634092032749 0.007820475124394235 0.020033064407537257
0 0.5244792862299229 0.8785159246147851 0.024576239411522854 0.042512684382675435
0 0.5788716742024891 0.904348844808585 0.00793393536933229 0.01219607022507611
0 0.6433675974300918 0.921253886802932 0.009010678363107488 0.014215397718607584
0 0.5647808098247792 0.5803791466648716 0.008525362475804744 0.0449080664536942
0 0.6151147270141525 0.6135077930067188 0.007385669666925829 0.04157812297064779
0 0.5883791583668216 0.5362370831472644 0.011617252441653965 0.03788659079376688
0 0.5902266601512397 0.5798017139213258 0.010143775034974201 0.037806485529878885
0 0.5996902300227508 0.20057641810375654 0.013903234196424447 0.024285333431634783
0 0.5961624951971926 0.08633198003708398 0.013934709103976307 0.02494064142639232
0 0.5924886958860119 0.05574000038502641 0.007870985554228348 0.010885454235561037
0 0.5584914749800745 0.06696368657880693 0.010306992820990454 0.07180239599338253
0 0.5488219922937514 0.10532702103309023 0.0076631005866351605 0.016756524433749503
0 0.33614218126437423 0.6290605668669558 0.013286175430657311 0.021637399697975353
0 0.5898386006798283 0.8323798926981529 0.03564146170699368 0.3352402146036942
0 0.7792331098825788 0.06295113204509079 0.015244215835884348 0.042005351044717615
0 0.8152974040370419 0.15085974740661548 0.02196966533297638 0.01884149130751614
0 0.47796541269913856 0.35376331047713655 0.051557764071011314 0.09430648771047412
0 0.6210351111198144 0.31350189223274955 0.030205910392557433 0.027132415318676464
0 0.35921554716614595 0.9564597825704065 0.021232550185258985 0.04429169608454275