0 0.24477801390429935 0.08463987905968148 0.05381168557446475 0.047363432555493086
0 0.2164895593466462 0.3736115390360996 0.05389445458624236 0.0536925464795438
0 0.16630039399233373 0.5437113642749494 0.012347932888938585 0.017957335402375374
0 0.1819790872170707 0.5740980698866545 0.020082784065018924 0.04561264736930759
0 0.20547553734299145 0.7120145343037196 0.02330838230237273 0.0506334993736209
0 0.16327812845146286 0.8957295258607909 0.048043700956332334 0.049293089488044915
0 0.22297215729936884 0.9056744919812942 0.021501720470728652 0.11384279874649157
0 0.23493103143806024 0.7368493107433038 0.03191957302917609 0.10502810477118327
0 0.24674349568574408 0.659829017351102 0.013845775046813183 0.011677325398906067
0 0.25091174100167657 0.582923005782982 0.03346339797137158 0.10226426916996414
0 0.29314579940733604 0.2553391932665264 0.07545761087974308 0.4944086208471012
0 0.3616211552840327 0.1983707479069546 0.05441838490084917 0.3756595459109862
0 0.32419790456381137 0.5208276105817787 0.0317552316166079 0.21327717243991245
0 0.30555525338018213 0.6767817803158154 0.013325434565167665 0.05243221251795598
0 0.2861696127203604 0.8492456017669013 0.03856509380901862 0.25074503678609167
0 0.2519526953916194 0.9466754866844667 0.024334533411548412 0.04855653067932485
0 0.5776062373274619 0.6307105834473987 0.025489436316822708 0.056324850311329944
0 0.6427546961279728 0.4452462766571816 0.04596114241876282 0.09140534244741365
0 0.6810118419953671 0.36130879825638457 0.04557222038184151 0.1019374976806377
0 0.7202905406935051 0.27986537788421706 0.03971227019506732 0.09683480580868889
0 0.7384739623394186 0.09857020049368732 0.04895682673451202 0.07884532244047511
0 0.4963258388194335 0.15541966017945047 0.03652345818517012 0.09462689332617599
0 0.42680980197944557 0.1307473875127056 0.02454605421942451 0.06473093292967655
0 0.0699227536851441 0.09433344576511964 0.02173696768958466 0.05128763033348964
0 0.12722641276718202 0.36767261056122846 0.037420857498247244 0.082704636305579
0 0.1840919020738585 0.654365054099125 0.0486349472442657 0.05423210162472273
0 0.3636923974694156 0.7654726850731992 0.01022205821567378 0.016485393747366742
0 0.4026210287012209 0.7712549418371312 0.019779297688500935 0.022405896314455588