0 0.5403329289893066 0.9975956595651427 0.052881288029052634 0.004808680869714452
0 0.5017330912840707 0.997639754046779 0.013382357278196018 0.004720491906442058
0 0.44520820583855497 0.9678815360259854 0.06622191157553495 0.03288265860719635
0 0.41679162690035365 0.9198622845972726 0.014501059712181191 0.01212738619558164
0 0.4015742917298638 0.9501996460579556 0.03473139304657444 0.05128121787283543
0 0.4549995133375806 0.8904713875893259 0.06366043616569889 0.032663496802218285
0 0.6431269143796723 0.866763345989128 0.06953594694786486 0.11209452677728748
0 0.7527736486579402 0.9139079219241352 0.0442873353209953 0.024201754164943485
0 0.7697163049881279 0.7867588256321482 0.05729315896951075 0.10356244266590749
0 0.4594591590836268 0.6591711319667597 0.015860196125648835 0.01768700714192307
0 0.38923325277083876 0.5191204942616684 0.08076462046995181 0.1123748441911472
0 0.3234504754225552 0.4767495769838503 0.047047257330166486 0.10268579544599539
0 0.41536102062172925 0.23796252401606174 0.09976118768497436 0.1813614409363532
0 0.33538042951201247 0.16341787904835745 0.07734582802094793 0.11480399577635296
0 0.26342890611635367 0.23687038468013938 0.04723531277131192 0.1557743744674363
0 0.37957382166191306 0.12773494127241794 0.04507140695596945 0.045361752173304994
0 0.39057262146166294 0.07424268513679266 0.04856327571021116 0.08580509404987899
0 0.4931728062601816 0.0728149879567492 0.030277619275446664 0.028446404281417006
0 0.20018529997092402 0.7444932720409604 0.04679651674197247 0.03190102341740747
0 0.24278423275749128 0.7369111968323663 0.023450425535628365 0.05848100790646165
0 0.21467596852491574 0.7314443577819091 0.015985650969223764 0.019738990726054086
0 0.7478655343949276 0.7127651053856577 0.012619152509078831 0.014688034863773982
0 0.7431031922697403 0.7473990867064716 0.011720017188719392 0.016652353725914393
0 0.6877815335901116 0.35516851278431194 0.02133847551123312 0.07394988788549497
0 0.6727783163057187 0.46819480197285557 0.01110313412903416 0.03156873625989062
0 0.5000462529149847 0.3561161509585282 0.015337425336014121 0.025807276756457154