0 0.5694093456971718 0.6863507779349364 0.5359881101750519 0.5544554455445545
0 0.48704978481597316 0.42609618104667607 0.37562227407345344 0.08981612446958982
0 0.8389236412571479 0.5187411598302687 0.0996994312555092 0.3338048090523338
0 0.7977485863112294 0.3497171145685997 0.0313776897595565 0.038896746817538894
0 0.8912490057087822 0.67998585572843 0.09807985399158778 0.5063649222065064
0 0.8629422967061807 0.41195190947666194 0.034555655861251415 0.038896746817538894
0 0.9495873018878275 0.564002828854314 0.10082539622434498 0.06435643564356436
0 0.9407898727453089 0.44625176803394623 0.11281419173798309 0.06930693069306931
0 0.9917974285812785 0.39427157001414426 0.016405142837443064 0.09335219236209336
0 0.9973723521295611 0.5346534653465347 0.005255295740877793 0.16407355021216408
0 0.984295615008982 0.4932814710042433 0.03140876998203599 0.07708628005657708
0 0.8145844449825362 0.24186704384724186 0.0930467579038834 0.21994342291371993
0 0.6102261266608294 0.15806223479490805 0.11406955450144915 0.04101838755304102
0 0.25804785691789506 0.20297029702970298 0.03616622094470708 0.039603960396039604
0 0.1820343148415738 0.1333097595473833 0.031562038254773314 0.027581329561527583
0 0.17665902509491777 0.08734087694483735 0.02579871073006429 0.06435643564356436
0 0.22323723674617182 0.39002828854314003 0.03833972131207092 0.024045261669024046
0 0.6554882967321297 0.3048090523338048 0.07186932940638306 0.04667609618104668
0 0.23293029664167883 0.4473125884016973 0.039863958265093646 0.021923620933521924
0 0.23489021792794906 0.48550212164073553 0.05515938165879422 0.019801980198019802
0 0.06915308856026718 0.4176096181046676 0.0884020912026179 0.3628005657708628
0 0.11763008027215299 0.687057991513437 0.028478487645675878 0.08274398868458274
0 0.1412836200026836 0.7418670438472419 0.15105769512136352 0.07284299858557285
0 0.0751142120501273 0.7344413012729845 0.12161064886169085 0.5311173974540311
0 0.5996737347410545 0.9317538896746818 0.6477034678866161 0.1364922206506365
0 0.2927648684140481 0.7765205091937766 0.09414831918469678 0.44695898161244696
0 0.8637933997667552 0.7782885431400283 0.05116938568014946 0.04526166902404526