0 0.6370148436003195 0.7606390482986249 0.0625096688029507 0.11087226184044119
0 0.42907618511242906 0.6661158773351155 0.022100861183481528 0.10295089854058362
0 0.43648006134744427 0.5000053367662015 0.05682813262641772 0.11172344100269643
0 0.4672574625622771 0.7728098429656376 0.020818729614003006 0.07450010073706556
0 0.5396766036060109 0.695482639268664 0.06547709704754302 0.15468252052627615
0 0.5786724098403784 0.47072452519809765 0.060692233112319964 0.13972446982953232
0 0.2819691907542718 0.27827788364936873 0.14413615265294707 0.5165146882605448
0 0.3098103656201486 0.41238293307456697 0.06269601303649136 0.0728846593590742
0 0.17917189562898658 0.2451413445229797 0.08931746012416208 0.27921694633921834
0 0.07043245201262045 0.507679408247467 0.0710024030005487 0.19527675850652176
0 0.17965009350378675 0.7850440195709983 0.14131290902787688 0.42987588656775505
0 0.023976278181294833 0.7860723688178691 0.03719698289255624 0.35173939805551296
0 0.33182574874837273 0.9962343981892027 0.042665907856292005 0.007531203621594594
0 0.261514225777019 0.9020483694402665 0.07703253643615236 0.11568412265262537