0 0.04054157464751983 0.22895008529272495 0.06298464731512983 0.4540026243247013
0 0.1467588269512359 0.1068623922040999 0.09320143700432752 0.1631554782648652
0 0.1540832705681129 0.23228370843273274 0.01723960876453787 0.02827904544911066
0 0.12062742075209144 0.4237035730633344 0.1358216105172082 0.19219547121413655
0 0.12159006244814842 0.33125358000024063 0.03618419810512903 0.11242796359977734
0 0.09485979024450673 0.9809473014619928 0.034751696590818934 0.013554023525750851
0 0.22914279152045663 0.9484754562396923 0.0504787606366849 0.026890943215631707
0 0.522267000336596 0.9413696659894757 0.4742120566859851 0.11726066802104863
0 0.6119469611535895 0.8727437775177636 0.44989261640763367 0.1492375492410194
0 0.5452923726759882 0.585898110281462 0.6259855637556077 0.2242610838762113
0 0.3528446799004153 0.6275743137898045 0.09211605044784281 0.04103413071103064
0 0.2328697122262103 0.5914279885530089 0.043528421318521186 0.024180138510481505
0 0.5218568709162745 0.3619570028053607 0.35339629095810415 0.15508820493060352
0 0.4594939880649378 0.1868010118213546 0.15482017853957486 0.0703818681068871
0 0.573884593001626 0.30152972922883375 0.09105312354175824 0.1100691395719546
0 0.6188144828124873 0.10825539684941654 0.49224391573095766 0.15215596009112234
0 0.3519107591805748 0.23183878950515013 0.05571237994393518 0.40612079120622097
0 0.9642960375207872 0.4898648439279653 0.06450167452377988 0.59026824344855
0 0.9044919891607276 0.36137124462593706 0.07916313160967643 0.5167538538989165