0 0.512705078125 0.6771903520208604 0.437705078125 0.4340808344198175
0 0.4696630859375 0.426851368970013 0.344912109375 0.01879400260756193
0 0.77955078125 0.5711734028683181 0.0518505859375 0.301245110821382
0 0.762841796875 0.4105345501955671 0.0246240234375 0.031603650586701434
0 0.8075537109375 0.7469426336375489 0.028017578125 0.5061147327249023
0 0.81458984375 0.47846805736636244 0.0275537109375 0.031147327249022166
0 0.9039599609375 0.6345306388526728 0.1459619140625 0.0380638852672751
0 0.981630859375 0.6439439374185136 0.0367333984375 0.5545241199478488
0 0.881533203125 0.5229335071707952 0.0980078125 0.04584745762711864
0 0.9485205078125 0.4856844850065189 0.0308544921875 0.08442633637548891
0 0.9429541015625 0.6158409387222947 0.0259033203125 0.14903520208604953
0 0.919130859375 0.5736245110821382 0.0279296875 0.06666883963494133
0 0.7915771484375 0.31554758800521515 0.0602490234375 0.19348109517601045
0 0.5269775390625 0.017711864406779663 0.665302734375 0.03088005215123859
0 0.8386572265625 0.0558735332464146 0.0248828125 0.1117470664928292
0 0.615419921875 0.2044915254237288 0.103125 0.019002607561929594
0 0.2882177734375 0.18517601043024773 0.0290478515625 0.031186440677966103
0 0.2276513671875 0.10867666232073012 0.02642578125 0.020704041720990874
0 0.2285791015625 0.051773142112125164 0.015908203125 0.08661016949152543
0 0.2334521484375 0.3489308996088657 0.033388671875 0.015808344198174708
0 0.6386083984375 0.345638852672751 0.0623828125 0.03194915254237288
0 0.2351416015625 0.40263363754889175 0.0352197265625 0.013741851368970012
0 0.2321044921875 0.43734028683181225 0.049970703125 0.008735332464146024
0 0.0892041015625 0.34752933507170797 0.0373193359375 0.33088657105606256
0 0.1000244140625 0.6004172099087353 0.016591796875 0.07376140808344199
0 0.114951171875 0.6541981747066492 0.1341650390625 0.04278357235984354
0 0.047607421875 0.6754106910039113 0.046640625 0.56619295958279
0 0.5092529296875 0.9126075619295959 0.5961572265625 0.029628422425032597
0 0.2473095703125 0.7530704041720991 0.027490234375 0.4938526727509779
0 0.7700634765625 0.8110625814863104 0.0429638671875 0.034061277705345505