0 0.24251129821745185 0.2697131376210593 0.07881202966577754 0.10111501715993614
0 0.46251645669020036 0.06934538195318819 0.04805197274796371 0.069813752582952
0 0.42464736066059827 0.10183584367142548 0.02367210068498654 0.04176208718275888
0 0.5640838235050882 0.832899572637106 0.1305400261540377 0.1636438091203154
0 0.3439936074062794 0.8040471681498024 0.09204697771390075 0.39190566370039515
0 0.4331788576741866 0.7751154021730737 0.13359278088165014 0.17145239614476215
0 0.2135307413480727 0.13543623528765417 0.1475151008266538 0.18010684120300524
0 0.39604207134573516 0.07633230611038881 0.04021399395449244 0.09329343403906563
0 0.6305089998087158 0.1585045541877936 0.02308058412784079 0.03208020613158318
0 0.5292571116130808 0.9347644514677775 0.045918159886876884 0.08547802630022724
0 0.5760628880346016 0.9519427352876662 0.04760812176827588 0.09611452942466779
0 0.8139828042265274 0.5858711358547392 0.02742195721401203 0.07784419652052516
0 0.7984814851450464 0.6736057515769628 0.022478483418849022 0.030656801313139182
0 0.8343220118589038 0.4700241136351572 0.027179034269938646 0.06543634269443242