0 0.27042589928078853 0.8924670785413469 0.04445476612504125 0.19830286174940506
0 0.3331950070039764 0.5237725415794132 0.07866610933529289 0.41719130623160827
0 0.39388944901621187 0.20148982059602072 0.03937661582100377 0.10732557457892977
0 0.4201584681082945 0.9354475304341698 0.0669555977441256 0.12910493913166043
0 0.48406699293204314 0.5002197712842956 0.1434456398347088 0.7493585605471422
0 0.6921944606153612 0.3708316751052172 0.01575278957115474 0.030187351575700894
0 0.7289498889353672 0.22036670714984005 0.01795596832549094 0.022327603634165027
0 0.7631655458050597 0.2698834825145459 0.01060894938793391 0.014321438920263297
0 0.6661696625013969 0.12553029873901442 0.02787597897603502 0.03189528554784991
0 0.9184171258813199 0.34089688085227415 0.04338888840244692 0.06876898778857392
0 0.8886053351283997 0.3724441994826111 0.011537768270066348 0.012388845261818594