0 0.397451171875 0.5027053455019557 0.023056640625 0.9945958279009127
0 0.4366015625 0.017359843546284223 0.0666357421875 0.029054758800521514
0 0.4439306640625 0.32032594524119945 0.0658642578125 0.06335723598435462
0 0.4473046875 0.6182333767926989 0.059111328125 0.04892438070404172
0 0.496962890625 0.5372620599739244 0.0446435546875 0.15734680573663626
0 0.259755859375 0.5914537157757497 0.0485302734375 0.11895697522816166
0 0.766767578125 0.6304498044328553 0.048076171875 0.11713168187744459
0 0.766669921875 0.9102477183833115 0.011240234375 0.16689048239895696
0 0.7426611328125 0.8523533246414602 0.019150390625 0.015058670143415907
0 0.347890625 0.37732073011734024 0.020361328125 0.09495436766623207
0 0.4475927734375 0.8542894393741851 0.06162109375 0.03694915254237288
0 0.506318359375 0.8364015645371577 0.061416015625 0.019198174706649283