0 0.171845703125 0.0272490221642764 0.014423828125 0.04842894393741852
0 0.1989990234375 0.032020860495436766 0.022255859375 0.052653194263363755
0 0.1910400390625 0.2985332464146023 0.0253857421875 0.47176010430247717
0 0.2025390625 0.6445501955671448 0.0255322265625 0.21483050847457627
0 0.2162109375 0.8763037809647979 0.0414453125 0.23792046936114736
0 0.44990234375 0.3491851368970013 0.009228515625 0.6910495436766623
0 0.4458642578125 0.8841460234680574 0.006640625 0.2241069100391134
0 0.4498291015625 0.7308213820078227 0.0474658203125 0.07541720990873534
0 0.38900390625 0.5502737940026076 0.015986328125 0.03745762711864407
0 0.3921630859375 0.47125814863103 0.011953125 0.012757496740547589
0 0.6245458984375 0.051838331160365056 0.039892578125 0.09432855280312907
0 0.623447265625 0.253116036505867 0.037724609375 0.28734680573663623
0 0.617998046875 0.44876792698826595 0.034140625 0.13043024771838332
0 0.6157470703125 0.5748370273794002 0.0337255859375 0.1150651890482399
0 0.61521484375 0.7576531942633637 0.0280908203125 0.21726205997392437
0 0.6976904296875 0.1641329856584094 0.0431298828125 0.2171968709256845
0 0.6908740234375 0.38850065189048244 0.0422900390625 0.230612777053455
0 0.6837109375 0.6115514993481095 0.0413720703125 0.2149478487614081
0 0.677236328125 0.8109517601043025 0.0406103515625 0.18554106910039114
0 0.6721337890625 0.9497066492829204 0.0371044921875 0.09281616688396349
0 0.4642529296875 0.024752281616688396 0.0125244140625 0.04426988265971316
0 0.4588818359375 0.4668187744458931 0.013359375 0.0861799217731421
0 0.456328125 0.8390873533246415 0.0100830078125 0.0780573663624511