0 0.3072113417591766 0.36149097540648184 0.18392970600890873 0.09364981235995413
0 0.08950686523234588 0.21647182637542126 0.1552937941742772 0.23896902742440249
0 0.21418400051000894 0.06589634594107806 0.08742376250159804 0.049255542328767346
0 0.31760851079401053 0.05820189483945448 0.053659482025516035 0.042453041966474384
0 0.47005544686785167 0.032950549780919644 0.2971789565629285 0.06590109956183929
0 0.6644116750244264 0.8480248941127302 0.08701753694773925 0.12786922507373266
0 0.6422670379202658 0.9203614605863206 0.35497364917216634 0.095820319024398
0 0.3508259179425978 0.8341267696098668 0.09611059683435702 0.04645144250148755
0 0.32445049336096016 0.7339466085242684 0.06048709046643373 0.06038358535260718
0 0.1739909103067495 0.7983483066728279 0.1060046240870193 0.12308251500127779
0 0.23336655756439698 0.9349569733549339 0.04217318920013347 0.05060716962255171
0 0.09469290750174587 0.8048684956040884 0.09828944927622212 0.38904111996378155
0 0.11622932958797295 0.4041018559861699 0.10890017792548486 0.14488302556240332
0 0.6904422632534436 0.011253820947381282 0.0897850500670966 0.022507641894762564
0 0.7260280823772642 0.07877506517388304 0.06962262897249803 0.08197355074564891
0 0.7672929843498816 0.15144846676626147 0.09583275763433072 0.05895739583369727
0 0.47797787776581385 0.177468454326332 0.34731235031380797 0.18361326714555198
0 0.9187302712272744 0.1099007027971425 0.09924064716659056 0.219801405594285
0 0.8327383993669571 0.024541513063386568 0.050817112870039996 0.049083026126773135
0 0.6445282596470494 0.3763534694644857 0.4623245585964647 0.22387939817598304
0 0.9730992006266344 0.5450686881222899 0.039886498444710025 0.09845162159828595
0 0.9950813695420676 0.7368675863613956 0.00983726091586476 0.1937125381835094
0 0.8777044411020664 0.5335189022094208 0.05415101045299283 0.03344359213076809
0 0.5631622195067791 0.5857419749030361 0.35001571346058963 0.1511127009268316
0 0.5608431081303431 0.7801983182049168 0.2454640033028717 0.12001204121243508