0 0.5121240234375 0.4699282920469361 0.0275048828125 0.6043481095176011
0 0.439375 0.1511212516297262 0.0740576171875 0.05365710560625815
0 0.4439306640625 0.43808344198174703 0.0701513671875 0.04956975228161669
0 0.2489013671875 0.11687092568448501 0.0550146484375 0.14740547588005215
0 0.7740087890625 0.15116036505867014 0.0489599609375 0.12269882659713167
0 0.8012060546875 0.051779661016949155 0.019775390625 0.1035658409387223
0 0.785791015625 0.3384680573663625 0.017724609375 0.12236636245110821
0 0.646328125 0.4372946544980443 0.1826806640625 0.30734680573663625
0 0.693046875 0.8621577574967405 0.0486962890625 0.03573011734028683
0 0.7393505859375 0.8761473272490221 0.0262255859375 0.017985658409387224
0 0.7694921875 0.7269361147327248 0.026220703125 0.056114732724902215
0 0.510439453125 0.9386049543676662 0.0314599609375 0.12278357235984354
0 0.4397509765625 0.945052151238592 0.0599658203125 0.05336375488917862
0 0.4404345703125 0.705006518904824 0.053115234375 0.034198174706649286
0 0.3939990234375 0.5 0.0177783203125 1
0 0.2464599609375 0.9488200782268579 0.01587890625 0.01469361147327249
0 0.2927587890625 0.8255801825293351 0.0153271484375 0.024282920469361147
0 0.374609375 0.11684485006518905 0.0105078125 0.00651238591916558