0 0.8530430870827754 0.8683037351809911 0.043481635049577486 0.05482527497224573
0 0.7924638469174062 0.609402144022855 0.13098899265503075 0.4631137900067688
0 0.6997000849225206 0.21048926143062818 0.09205907873684538 0.2980096239708237
0 0.6578071201415072 0.03395770964955149 0.04671770169742094 0.06791541929910298
0 0.46166897788813477 0.24156251844398036 0.06990224729857696 0.1000922688127956
0 0.5415964854982939 0.6391334287341981 0.08545581740714331 0.1943287470352034
0 0.5597358619431216 0.4571697549388033 0.03379814732681178 0.05938561578674089
0 0.6113711452199854 0.5349493367205216 0.021369091202312045 0.036776397647782344
0 0.5905907767853106 0.554744832702271 0.014416247345634995 0.032393519790604175
0 0.655075885597116 0.4966844219243232 0.023361419273973637 0.034754910188409795
0 0.70410026896339 0.4488534237888263 0.042591643819030384 0.0582699547241849
0 0.40772520722428257 0.929842988955277 0.09679329640751415 0.12037304970137562
0 0.33974861360289604 0.5970096885251271 0.1887351996141234 0.5468555333092567
0 0.2659523340691043 0.19054382640636658 0.11737270331013719 0.28212906967164286
0 0.08657689593222723 0.783143836255401 0.10545372080198522 0.3546777605671149
0 0.11696859317433438 0.9597693760756605 0.0314315245074105 0.07667375796328241
0 0.04648775846357534 0.4320350565418328 0.07058822255587582 0.35428871862704375
0 0.12063910504520452 0.30264624254433614 0.044816378887431264 0.08542332782342761
0 0.5492980571960477 0.9651354737477201 0.03864759646398378 0.03939676171296548
0 0.5104558510903713 0.9175978560245398 0.04582257361634774 0.09656607835079592
0 0.46886293973243454 0.8548259552926127 0.04579223852912383 0.0958706680587236
0 0.43005877398977127 0.7902265066323438 0.03565372449799895 0.08999985449213423
0 0.1599961402641912 0.11688960241196088 0.05812563855735871 0.05666929947430078