0 0.29904296875 0.4347196870925685 0.052783203125 0.046414602346805736
0 0.29609375 0.1508735332464146 0.05705078125 0.04333116036505867
0 0.306259765625 0.7045958279009126 0.03671875 0.03784224250325945
0 0.3120556640625 0.9583116036505867 0.0381396484375 0.04039765319426336
0 0.2011474609375 0.8971251629726207 0.131474609375 0.2057496740547588
0 0.709521484375 0.2295110821382008 0.016796875 0.06488917861799218
0 0.6790283203125 0.06519556714471969 0.0615185546875 0.12441981747066494
0 0.7854638671875 0.948702737940026 0.0374951171875 0.10260104302477183
0 0.5493310546875 0.8789765319426336 0.030166015625 0.1178813559322034
0 0.6867626953125 0.31641460234680574 0.041376953125 0.07039765319426336
0 0.6271923828125 0.15079530638852673 0.0889599609375 0.2711864406779661
0 0.5056201171875 0.40154498044328557 0.0328662109375 0.03435462842242504
0 0.539775390625 0.40032594524119947 0.0198486328125 0.021603650586701436
0 0.3002783203125 0.3351760104302477 0.043056640625 0.026473272490221644
0 0.3800537109375 0.1560560625814863 0.1317529296875 0.3049282920469361
0 0.293056640625 0.2656844850065189 0.018369140625 0.034328552803129075
0 0.32189453125 0.3872750977835724 0.03005859375 0.0751825293350717