0 0.14105867585800455 0.4827883627523071 0.15354627543697974 0.9655767255046142
0 0.6389028194213369 0.48828637902441346 0.1506108037670253 0.9765727580488269
0 0.5529984840467759 0.10506111670780904 0.02942499293124197 0.2101222334156181
0 0.5293715995876241 0.31484241052540557 0.014729002129286016 0.09177275684793464
0 0.5031784258234785 0.5698702216915981 0.012682572950756976 0.05251085087483685
0 0.4916116391436388 0.6777334875302032 0.01779075663386484 0.11823851335196316
0 0.4300083891139701 0.6814786085931125 0.023513176312382117 0.019153833742038794
0 0.3695341998687148 0.7402378496265558 0.024604540344825503 0.1887613660081931
0 0.3827635318857497 0.6093409941111185 0.01068924182621267 0.014602124874675453
0 0.4781412117835595 0.8018841299389007 0.00946152428422361 0.021985554451999123
0 0.4680532813520807 0.9042854589909048 0.016695784226837727 0.12900489286162783
0 0.41315576011492317 0.2816959676525537 0.06021330246518914 0.5633919353051074
0 0.447820254901358 0.05353057738960765 0.019314821672995707 0.09262652765588227
0 0.3669054962836442 0.8845716911898636 0.01132426437391823 0.043675807534865885
0 0.3609136553593924 0.9277024927731027 0.011058774103993996 0.036909907670183886