0 0.8553377972704053 0.11042931949030592 0.05105422467064832 0.03334662525990806
0 0.7126467767854863 0.059374486873838374 0.03234146320900469 0.09416138092927694
0 0.6785293982388659 0.28536511417717775 0.06961374797305571 0.26223460340441673
0 0.6288731838257643 0.6068666225372803 0.08454950563497714 0.34294351774146464
0 0.7355857996118639 0.7622011134454166 0.0502792536726389 0.048588980089442804
0 0.84894083811316 0.4163519931656879 0.017890606762824036 0.04126887827512212
0 0.8189626151205095 0.41624277582212293 0.048329268173634435 0.05612515011012613
0 0.5209180440393639 0.7989385685456264 0.04882716286694458 0.14438558560725492
0 0.48386614219033613 0.7967779484531876 0.05030480515418993 0.1396027209568327
0 0.22609755983923643 0.4993105368954387 0.04026350145613436 0.13071941728943126
0 0.094026676196146 0.2799250931408107 0.17454413405451408 0.31171261141059353
0 0.3825819895507641 0.3696808955752975 0.041328106762824036 0.042543989186386674
0 0.5560580345098847 0.5119861974938464 0.09389634131189813 0.0731939806720898
0 0.942538035427512 0.731451977652207 0.0492873835483105 0.14093686994492133
0 0.9863862690438717 0.4644758300540267 0.027227461912256484 0.037776475675362645
0 0.6868266170828476 0.7164769915649757 0.037016840678611135 0.09372099281945744