0 0.34050603503767707 0.7702534215301662 0.17189737169448713 0.4594931569396676
0 0.2547847443640804 0.4421675330555294 0.08553516703408044 0.22321292015833707
0 0.2600232260408319 0.29721636288430764 0.03048805457547867 0.03479514242466631
0 0.19540270546717808 0.15410468261599655 0.0659443603650505 0.11991771590326307
0 0.8176833975061851 0.5774895569303368 0.23876672073954736 0.7553869105915109
0 0.811668104733854 0.8436636197998018 0.06862614980362723 0.22299799789379582
0 0.7592048306601455 0.6356455790837767 0.024830852100662527 0.07467406522278078
0 0.5056879868515552 0.1879067876355268 0.04480533145904506 0.06377528744697598
0 0.47907298987632463 0.22135775553617873 0.02499076784638879 0.030970907081212265
0 0.5590822750614095 0.4030257808816541 0.046217969338226986 0.07936280291908651
0 0.5285389067519768 0.4323853568848867 0.03291197721464568 0.05889803758388046
0 0.6095678893792987 0.35289525374870184 0.025721105422936177 0.03453579171881077
0 0.6241698664580172 0.6660179685539448 0.028377312469675606 0.025514915668872044
0 0.6929045692544135 0.9048850468463642 0.00772843477065184 0.015226102834750434
0 0.6268608088624924 0.8529973156802063 0.030801860610795043 0.09614982328365754
0 0.5697905013819677 0.601016766116757 0.038305287433915945 0.0888027250965756
0 0.45100459420804007 0.19198198193064792 0.028851034250718118 0.043166438386294595