0 0.3987548828125 0.11747066492829204 0.0185205078125 0.15661016949152542
0 0.358466796875 0.04779009126466754 0.0611865234375 0.029348109517601046
0 0.3125537109375 0.185625814863103 0.245029296875 0.0783702737940026
0 0.2656982421875 0.08250325945241199 0.064599609375 0.025052151238591915
0 0.1721337890625 0.10092568448500651 0.044873046875 0.018996088657105607
0 0.2656689453125 0.41216427640156456 0.218759765625 0.10235332464146023
0 0.388671875 0.8368578878748371 0.0370361328125 0.12436114732724902
0 0.3313232421875 0.8229465449804434 0.0462451171875 0.044830508474576265
0 0.239453125 0.8863233376792699 0.0371533203125 0.02634289439374185
0 0.1907568359375 0.9169035202086049 0.0471875 0.03469361147327249
0 0.31056640625 0.9045958279009128 0.2466015625 0.10685788787483702
0 0.246494140625 0.9904889178617993 0.03212890625 0.019022164276401566
0 0.3132373046875 0.9558018252933508 0.0239111328125 0.012366362451108214
0 0.0326513671875 0.9481290743155151 0.0143017578125 0.10374185136897
0 0.0296875 0.8010951760104303 0.0116650390625 0.10344850065189048
0 0.0125048828125 0.5445306388526727 0.014130859375 0.026016949152542372
0 0.0492529296875 0.6198305084745763 0.015107421875 0.043487614080834416
0 0.0578662109375 0.8372555410691004 0.014638671875 0.029439374185136896
0 0.022392578125 0.882522816166884 0.017421875 0.024256844850065188
0 0.0136572265625 0.2977379400260756 0.0197314453125 0.4720273794002608
0 0.0809033203125 0.17996740547588005 0.112783203125 0.02633637548891786
0 0.081396484375 0.23760756192959584 0.1117919921875 0.04480443285528032
0 0.12546875 0.05213820078226858 0.020849609375 0.021538461538461538
0 0.1145166015625 0.3334419817470665 0.058740234375 0.045026075619295954
0 0.3222509765625 0.26937418513689704 0.059453125 0.09520860495436767
0 0.450126953125 0.3623142112125163 0.020771484375 0.6781942633637549
0 0.49404296875 0.550632333767927 0.013349609375 0.10621251629726207
0 0.4684619140625 0.5553063885267275 0.0159033203125 0.09597783572359843
0 0.6773779296875 0.649941329856584 0.018369140625 0.03548891786179922
0 0.793876953125 0.33465449804432856 0.0436865234375 0.6533311603650587
0 0.73787109375 0.39145371577574967 0.173203125 0.08634941329856585
0 0.7234228515625 0.20682529335071706 0.1058056640625 0.07238591916558018
0 0.7269189453125 0.1132464146023468 0.0462939453125 0.0663754889178618
0 0.7021240234375 0.014608865710560626 0.060869140625 0.021427640156453716
0 0.5714111328125 0.0363168187744459 0.057041015625 0.03329204693611473
0 0.5631591796875 0.4609843546284224 0.0511181640625 0.031616688396349416
0 0.72587890625 0.8944784876140809 0.1589306640625 0.14907431551499348
0 0.872861328125 0.768650586701434 0.02212890625 0.026127770534550194
0 0.9349072265625 0.08676010430247719 0.02765625 0.16464797913950455
0 0.86552734375 0.029615384615384616 0.0288232421875 0.0298109517601043
0 0.887001953125 0.15338331160365057 0.0659521484375 0.025338983050847457
0 0.212177734375 0.7459973924380703 0.035068359375 0.0251238591916558
0 0.214482421875 0.7951694915254237 0.0278515625 0.031727509778357234