0 0.8901318359375 0.5082398956975228 0.213271484375 0.4858213820078227
0 0.696279296875 0.8935658409387223 0.06326171875 0.2128617992177314
0 0.4164111328125 0.881199478487614 0.00787109375 0.23760104302477186
0 0.4634619140625 0.865006518904824 0.0324755859375 0.07553455019556715
0 0.4162841796875 0.6191395045632334 0.0070361328125 0.20941981747066493
0 0.415634765625 0.3487744458930899 0.0078125 0.1829921773142112
0 0.2978173828125 0.40348761408083444 0.025791015625 0.05423728813559322
0 0.3319873046875 0.5221707953063885 0.027763671875 0.044230769230769226
0 0.1722265625 0.8461408083441981 0.032294921875 0.06277705345501955
0 0.2200927734375 0.941316818774446 0.0806201171875 0.11735984354628423
0 0.5604052734375 0.27760104302477184 0.01662109375 0.027992177314211213
0 0.61462890625 0.5036571056062582 0.0223046875 0.03711864406779661
0 0.7004931640625 0.6642764015645372 0.0575390625 0.1631812255541069
0 0.742587890625 0.5758344198174707 0.0147021484375 0.09517601043024772