0 0.6073775676410614 0.572450722883248 0.05439924335292339 0.0953328551982898
0 0.7029913110961036 0.43702623722430883 0.019450421125619018 0.061444808091467296
0 0.6612766572381668 0.4395249988518431 0.029712450046361256 0.04754557602369263
0 0.710470618173733 0.7542041396372318 0.19747428694235064 0.4044623767939686
0 0.6423842956482234 0.507014325597296 0.039974478967103495 0.03364634395591796
0 0.6231762849806343 0.461547760004414 0.018893119173470044 0.035872802707887064
0 0.532608772444222 0.3074970052330444 0.03348157114378996 0.22049308611790527
0 0.5537075854979661 0.10400759479468213 0.018876938165570966 0.10438407542974
0 0.3290716137334805 0.23951742099288315 0.04481723678039778 0.11735058182311406
0 0.3448444538095377 0.17614350644752894 0.013055447517839727 0.021939483710894474
0 0.3904030731361862 0.06677546402277176 0.007927129892118455 0.017470554291139636
0 0.36731131147905016 0.21110165849441723 0.0236787287904331 0.047701030302759385
0 0.24313638648405975 0.3363291549398927 0.024549407069648158 0.06456784249103367
0 0.29163347706459847 0.3354219944624056 0.03684610936574132 0.09786118500169182
0 0.30297538453864703 0.27841099731268243 0.010863328395429325 0.013691615846088051
0 0.3573255701991885 0.2985677913420558 0.019607866872678438 0.0225001013778409
0 0.27628088620323227 0.48378135524126603 0.025660132471699397 0.06936472393353109
0 0.3932097947373035 0.5288441815532408 0.02117862701025602 0.0253212647259745
0 0.4293754576707574 0.5376691947752062 0.02208403064046302 0.020696881027152943
0 0.45467703462525555 0.5236531141109333 0.022500067853451308 0.016702320402506635
0 0.1771476744445996 0.9081375071281768 0.11821916902906558 0.16124556116071936
0 0.2207390701011453 0.12439884822388138 0.019822460816069195 0.05543140493653831
0 0.20966081426286928 0.04187252638654833 0.01765967337535087 0.048529432091920365
0 0.6169394241188264 0.7940700788627928 0.041946610476823444 0.03179999916931104
0 0.5596993102280914 0.8717624608982489 0.02506119633220615 0.1573052255762781
0 0.6833048119345101 0.21656323505666758 0.04805366093698179 0.035009282440715425