0 0.11361328125 0.8231290743155151 0.1931982421875 0.3497131681877445
0 0.4912939453125 0.7521512385919166 0.0288037109375 0.06477835723598435
0 0.557958984375 0.8285788787483702 0.0190771484375 0.03980443285528031
0 0.54599609375 0.8495827900912647 0.017275390625 0.021414602346805738
0 0.571484375 0.9023337679269883 0.0411083984375 0.02760104302477184
0 0.377509765625 0.1817601043024772 0.02416015625 0.03725554106910039
0 0.4360009765625 0.3166427640156454 0.021767578125 0.14865058670143416
0 0.4022265625 0.8234224250325946 0.0654833984375 0.04291395045632334
0 0.6973095703125 0.11432203389830509 0.0130517578125 0.2203780964797914
0 0.683974609375 0.5679335071707954 0.0159716796875 0.2566036505867014
0 0.6782568359375 0.7885919165580183 0.012490234375 0.14035202086049545
0 0.6735595703125 0.9069491525423728 0.0061962890625 0.04001303780964798
0 0.672373046875 0.9756323337679269 0.006025390625 0.04242503259452412
0 0.7605810546875 0.9870273794002608 0.0384228515625 0.020228161668839634
0 0.9434423828125 0.8789178617992177 0.02845703125 0.050332464146023465
0 0.9871240234375 0.34534550195567143 0.0257568359375 0.15215775749674054
0 0.8657861328125 0.26765319426336376 0.026884765625 0.0756844850065189
0 0.6010595703125 0.5042503259452412 0.0357861328125 0.15670143415906126
0 0.56146484375 0.5527705345501956 0.0426708984375 0.022470664928292045