0 0.3715140176302121 0.7683805030389588 0.06813301492958977 0.13567699194992974
0 0.4829534982856095 0.583206115922503 0.051446426996079736 0.3094899952545711
0 0.35786482339718206 0.26162670377502695 0.052568680360161546 0.11340203942369129
0 0.405384320612256 0.2524180024726359 0.05721854830047657 0.10651700238093456
0 0.3911898114234232 0.3713059111931235 0.029395579762125753 0.1133850834689483
0 0.43253534219402795 0.3710758775919201 0.06903041424266684 0.12375473492933271
0 0.4851842616306672 0.35221800965494554 0.06193932204707926 0.14532586459390542
0 0.6443982131580358 0.23901762999426399 0.05923406429137091 0.09955012547054236
0 0.6654579005937902 0.2193837532677911 0.029996022606923405 0.11902733048607603
0 0.7004258073446006 0.22356954463161355 0.06193279213884081 0.10455460950132842
0 0.6747110553846056 0.2971236495139702 0.03889110998552923 0.07431492166075948
0 0.7214393238305181 0.6907294069344889 0.033848456748680096 0.010892838632036335
0 0.7082997520324404 0.6886772841910915 0.020398133647026796 0.029454613092483133
0 0.7465156501072717 0.746537784107891 0.02996843293633085 0.11691762584472581
0 0.5178580375838416 0.9546848205597431 0.017699405799557137 0.02445012906169715
0 0.44515912033670163 0.9562403660260349 0.01659968223546795 0.020901218712392474