0 0.9614087049199416 0.9029848923367453 0.06316189483202443 0.10963525018699324
0 0.40607041731438537 0.8142959814409767 0.07635106064040396 0.37140803711804665
0 0.25328928404588713 0.7427662266719239 0.05298087096324594 0.04901306261475015
0 0.16962409223779984 0.08924594864873202 0.054041347300725524 0.04763042761402203
0 0.3432965717688967 0.2066289790710557 0.06613882418184784 0.32816665530087835
0 0.41272306216757093 0.3693148971032267 0.0650397651641976 0.14051258708418202
0 0.5005527651669468 0.42178228004118695 0.03732342661927381 0.09840588275461237
0 0.45932084412215624 0.5649759782309183 0.026069817234584056 0.09931323507601161
0 0.50021510541113 0.5529086275728757 0.023474809052484884 0.10921681398184334
0 0.6645876957488744 0.4749364461222906 0.08107176058550071 0.13409970963772952
0 0.07372251119405618 0.5011325014047631 0.031079176435551532 0.12031200794522771