0 0.03594582199776774 0.17491233344340196 0.06127448406693965 0.1536718366096996
0 0.573226513638085 0.19743256300524126 0.1045682105222432 0.3948651260104825
0 0.7326009409712799 0.2631196420366475 0.05428539078545294 0.050077621752606404
0 0.8590904744821894 0.8782522666070525 0.05094637947336958 0.026171116162263038
0 0.6819809240341811 0.786138172567655 0.07827702337181228 0.2990133495284824
0 0.6048604878863026 0.6474630498801378 0.07041668832727632 0.13890605984215224
0 0.5155880903101997 0.6077648500612053 0.04211524587035277 0.09671809660621684
0 0.5452922423329872 0.46279500520323996 0.030670143055634105 0.09740014802716067
0 0.5062704952391722 0.4799556743568267 0.028564894556790614 0.1070275055497209
0 0.26910611580856075 0.053416849990413566 0.05465149974850799 0.057070628745613375
0 0.35246989392657485 0.5772208239622071 0.08631755675267327 0.13362203760787267
0 0.9244028343827729 0.47534197944893725 0.036967461142734206 0.11800557284217976