0 0.443525390625 0.2041916558018253 0.0194140625 0.12846153846153846
0 0.1606396484375 0.10522816166883962 0.0162060546875 0.11646023468057366
0 0.363701171875 0.21240547588005215 0.02947265625 0.0614341590612777
0 0.298076171875 0.3803389830508475 0.0289892578125 0.03715123859191656
0 0.63564453125 0.09933507170795305 0.008349609375 0.10005215123859192
0 0.65876953125 0.3288135593220339 0.0162158203125 0.03503259452411995
0 0.65181640625 0.2638265971316819 0.012421875 0.020984354628422422
0 0.6207177734375 0.4473272490221643 0.018984375 0.03572359843546284
0 0.65400390625 0.43776401564537154 0.0121875 0.02335071707953064
0 0.5563232421875 0.63629074315515 0.033125 0.07826597131681877
0 0.520546875 0.7489569752281617 0.019541015625 0.04925684485006519