0 0.6263357962873206 0.07803691035643569 0.08056657554153322 0.15607382071287138
0 0.5670371283852291 0.5540527001127241 0.21004203053090972 0.7985209367486351
0 0.7841109546333297 0.12939061313250183 0.052186904851347665 0.19413799887743893
0 0.7615147880993379 0.27354359150048585 0.021990385386192492 0.07027656841279772
0 0.7255958646990958 0.5231072156795152 0.10622401157826794 0.44131701614243074
0 0.6727075005224297 0.8649163495102217 0.049621291583886964 0.12058778671336531
0 0.3581178284309461 0.7251428965860031 0.048794137892082916 0.08173636020118397
0 0.40650042302663597 0.30746692413522186 0.04010914188761639 0.05984014826579964
0 0.3994037191387944 0.4009956488732866 0.06323285738273028 0.13232899802481451
0 0.38931552971157846 0.5306012217684973 0.05526327277015196 0.13094197986595077
0 0.37419629081072736 0.6758877498077276 0.0363391111857383 0.0425951005496374
0 0.21831625267952393 0.44096204222187696 0.030871275882623353 0.0675109457113725
0 0.21235722077173458 0.498572539871547 0.023380553195548933 0.03443527743604929
0 0.20591279450516534 0.580341599953635 0.041737319538120446 0.10651624444684639
0 0.1591306696926348 0.5946297040187165 0.03513323337655754 0.06858072173273334
0 0.20290463241548948 0.6540140685347123 0.022924900253622753 0.03651159786619385
0 0.18672607148074002 0.7993912371846575 0.07392767590460389 0.19670334497559877
0 0.2564446617855231 0.6735499598206609 0.10148887664524743 0.07848904137343062
0 0.11734408994415042 0.7521285577301913 0.03909915857040008 0.06116393481208602
0 0.36119861672719944 0.8819946455980185 0.07383768221350204 0.11842923928880805
0 0.1488348242690298 0.24616839553836686 0.25888242937751205 0.3063076156538301
0 0.24648104400582155 0.07863300335880753 0.3669027659777448 0.15726600671761506