0 0.618850832882817 0.22922188673478838 0.05839838707710941 0.3851076769190176
0 0.5980212533801604 0.41355558319078717 0.029687105081845803 0.048168220878579276
0 0.6577930381486485 0.4458832573261467 0.025095724293533586 0.04038942061292825
0 0.6731609613884783 0.55583210272749 0.021221463698057105 0.04355453279597749
0 0.6428111936005458 0.4936579228025864 0.02967456485531249 0.01683190281715042
0 0.6550333551402844 0.7669341775244061 0.06764431439599197 0.4661316449511878
0 0.5591596303676071 0.5095733986856738 0.05868309964310866 0.03907204674435879
0 0.5372103646885547 0.20575239800565256 0.061379035089101364 0.041283318114220986
0 0.5916965230915147 0.16520279734720378 0.011385212280449194 0.06474149143616179
0 0.5802541807610341 0.792564423817506 0.05890719970336965 0.042492019384577355
0 0.6287144856852146 0.7495964776677445 0.016450338251942986 0.08753631376162975
0 0.9435661424891759 0.9684289782796625 0.01698864300616276 0.04124768875467652
0 0.9337864393014865 0.7413193732765692 0.030748851315786023 0.1967374495206368
0 0.9263691919164382 0.5736217195418456 0.018384333493047897 0.07811967815474784
0 0.9249737337343497 0.5095014504700348 0.012346172092531828 0.017116734930266983
0 0.9197748446410894 0.4029098055452176 0.01432452273609583 0.0628806531949077
0 0.6819334930394958 0.24200043757119424 0.02848323486970244 0.04536852765211176
0 0.40068616348653574 0.2868412775567647 0.014254157661384298 0.05402058188748474
0 0.3879224449254245 0.42297023151484997 0.018173238268913185 0.05153946423247928