0 0.16896281946420708 0.46369249783059846 0.19040192976086934 0.9273849956611969
0 0.4596151575144412 0.550923665287732 0.27259112671113855 0.5146604124493518
0 0.33023568080304677 0.702310630176746 0.04817817177651491 0.028212411048069968
0 0.3587694461991652 0.7109204304923578 0.006947406140940694 0.011464541743053596
0 0.3655024626813875 0.7275934679540705 0.007468145838796781 0.010777674836130688
0 0.4892357164598556 0.9562315940580555 0.04634044066620918 0.059089273893764734
0 0.40077611350079856 0.8745686759963114 0.031693029762972676 0.19150962709301445
0 0.592664776215878 0.9716591955786678 0.03337062463150878 0.021424993865260387
0 0.5897824281514297 0.49236434034960125 0.1961426969458638 0.9847286806992025
0 0.782738866440523 0.37698726645016317 0.03299702154232389 0.03898949790298498
0 0.687541961929822 0.5804209145074223 0.18489117587676798 0.42405533676111906
0 0.9014479057522266 0.5129293321229557 0.1945188018074945 0.9242190164963904
0 0.3648657213093654 0.2918412516740893 0.011713762418009376 0.014424793026597858
0 0.40068566975589176 0.10854129151709596 0.04826400146490645 0.038057699374371035
0 0.33466477680616075 0.15244613156829154 0.012773633889805435 0.015160763854102213
0 0.30269353880495803 0.05179440178135613 0.011713762418009257 0.014424793026597918
0 0.4086017252372515 0.23069137705955572 0.016112646297921047 0.03565278322831695
0 0.3688231953632634 0.26217444290696945 0.02078704219457019 0.028064511305110156
0 0.3919566315442002 0.2860756568742924 0.00959401947441702 0.012952851371589389
0 0.4213113559852845 0.29817707963186385 0.0111562385679854 0.010892250650820504
0 0.8334035153087447 0.2642720939333949 0.009630803626584908 0.01717226065428981
0 0.872210699620821 0.18182086722687824 0.013851897437685497 0.0180064393229567
0 0.9081630116327305 0.10438230853791118 0.009600150166445021 0.013656086252039379