0 0.22264821333942253 0.4955701839346696 0.12459723823359517 0.9482251146911214
0 0.45614891564944715 0.35878616096846017 0.061127235260405456 0.6970245567759832
0 0.4847117963277395 0.24976133235462622 0.009061942397818563 0.052046964581914976
0 0.4329853989177212 0.2283281129933871 0.008421250402329565 0.04737876481262793
0 0.4923032140019293 0.11479025862394943 0.034548305125653586 0.021831725456656303
0 0.510790592201524 0.36961727270489836 0.03355129615257294 0.021816231377469766
0 0.5604273688075355 0.07758480684778617 0.018162813387753086 0.13803316211526923
0 0.572486666345742 0.301367881788815 0.021648951972654647 0.2033027414497614
0 0.5815879503322845 0.47719163039135715 0.011942098765250125 0.03212782501752321
0 0.5850068009802009 0.5647531843728508 0.008888437931732038 0.06269168092447878
0 0.5910002722711527 0.6387127518835154 0.0099277683178103 0.03143105789776531
0 0.5989670137983754 0.8181789171746908 0.019128505403696164 0.15335382526671348
0 0.6176169142202016 0.882353223294008 0.0162830588142836 0.09275244570150794
0 0.6073518580122452 0.9763253866476189 0.0105574558574397 0.04734922670476215
0 0.5021449894438984 0.9191555957895035 0.016833192759240306 0.0781208026302288
0 0.7081987818681219 0.4625226514530193 0.10533076413504745 0.9046705887757504