0 0.221611328125 0.36914602346805736 0.188671875 0.5244719687092568
0 0.6242529296875 0.449986962190352 0.102021484375 0.32109517601043025
0 0.759990234375 0.3266166883963494 0.0627001953125 0.2308083441981747
0 0.560107421875 0.11090612777053455 0.037431640625 0.12362451108213819
0 0.43921875 0.049132985658409394 0.0208642578125 0.0278748370273794
0 0.411728515625 0.44205345501955673 0.1755224609375 0.382503259452412
0 0.4339794921875 0.49485658409387223 0.010390625 0.21540417209908735
0 0.43642578125 0.6674250325945241 0.0152783203125 0.054739243807040414
0 0.4723828125 0.7237027379400262 0.06625 0.02044980443285528
0 0.31640625 0.7057561929595828 0.045849609375 0.017196870925684483
0 0.3143994140625 0.9671447196870925 0.03310546875 0.02485658409387223
0 0.309248046875 0.4377835723598435 0.04201171875 0.04298565840938722
0 0.3068896484375 0.11121903520208606 0.0634814453125 0.030840938722294656