0 0.3983447265625 0.2511929595827901 0.470517578125 0.49282920469361147
0 0.4360986328125 0.4952020860495437 0.611123046875 0.1333833116036506
0 0.649970703125 0.31569100391134286 0.029755859375 0.6313820078226857
0 0.0901220703125 0.2718318122555411 0.04287109375 0.5036766623207302
0 0.08296875 0.13245110821382008 0.1537255859375 0.02713820078226858
0 0.0152587890625 0.28346805736636244 0.0287255859375 0.27704693611473274
0 0.1345458984375 0.5877835723598436 0.167529296875 0.1594980443285528
0 0.0316943359375 0.8620143415906127 0.0269287109375 0.27596479791395045
0 0.103134765625 0.9782724902216429 0.1470263671875 0.04346153846153846
0 0.11013671875 0.9445110821382009 0.0210595703125 0.11066492829204692
0 0.351318359375 0.8626336375488918 0.389482421875 0.12509126466753584
0 0.8198828125 0.8289830508474577 0.1085498046875 0.32619947848761405
0 0.884716796875 0.5856258148631031 0.0220947265625 0.09080182529335071
0 0.952861328125 0.44152542372881354 0.031923828125 0.3336636245110821
0 0.8811181640625 0.25509778357235985 0.1559814453125 0.04880052151238592
0 0.9601416015625 0.13832464146023468 0.0228515625 0.276245110821382
0 0.9871142578125 0.3097522816166884 0.0257666015625 0.10827249022164277
0 0.7311962890625 0.12013037809647979 0.103779296875 0.043487614080834416
0 0.721591796875 0.05823989569752282 0.11458984375 0.020176010430247717
0 0.7274462890625 0.30414602346805736 0.105283203125 0.027314211212516298
0 0.7245947265625 0.4144393741851369 0.11458984375 0.03516949152542373
0 0.6605126953125 0.739302477183833 0.0854833984375 0.031460234680573664
0 0.77697265625 0.7681486310299869 0.072255859375 0.03304432855280313
0 0.75994140625 0.6493546284224251 0.02333984375 0.0880052151238592
0 0.7331494140625 0.7455215123859192 0.0206396484375 0.03224250325945241
0 0.7303759765625 0.8793285528031292 0.0466015625 0.03498044328552803
0 0.9364599609375 0.8988591916558017 0.127080078125 0.03596479791395046
0 0.933583984375 0.8944393741851369 0.03927734375 0.11529335071707954
0 0.91572265625 0.9621512385919166 0.01205078125 0.07438722294654498
0 0.9788623046875 0.9313363754889179 0.042275390625 0.12350717079530639
0 0.251083984375 0.5701238591916559 0.0155712890625 0.12592568448500652
0 0.9274560546875 0.1666232073011734 0.145087890625 0.0803715775749674
0 0.8486376953125 0.1264406779661017 0.10001953125 0.2264276401564537
0 0.7291015625 0.1807627118644068 0.118203125 0.026401564537157758