0 0.27697091891874875 0.15980586755896933 0.10467038408283266 0.23756053251456397
0 0.4642516665951847 0.13855922625025993 0.05870168837002265 0.14709630262766377
0 0.4004256859561822 0.10053327022289561 0.08215210011462237 0.12189984143173906
0 0.341404312007049 0.5585989328412327 0.1385751538756736 0.3709845367585383
0 0.44589883094743193 0.3863359842373304 0.06651363306173654 0.13847436754807615
0 0.4556147576012874 0.6143576072048427 0.08443543297712568 0.24969774851879167
0 0.027898287067210398 0.5463438139104366 0.03352189520233046 0.06992993036438064
0 0.10129164700425365 0.5989572170736477 0.05038103130510489 0.06348917508063179
0 0.07649816207720302 0.539528461945572 0.01680468060953973 0.03697299731070437
0 0.06754991219666763 0.46154055112014974 0.05539490652978307 0.11004835479652754
0 0.11824704401633834 0.5280651769410573 0.05184415949335243 0.10771268700295025
0 0.16668891378905693 0.6287801903980684 0.04903151235685862 0.1622244577555955
0 0.38829643064370484 0.7947695411392803 0.08235618748703687 0.13127065803147128
0 0.41712290026268883 0.9360688924211349 0.08290628374184937 0.11061460289351085
0 0.25070963621554065 0.8250006231323321 0.0769671480410441 0.11339966196759234
0 0.600763928828113 0.958088730655147 0.056659308588046416 0.08382253868970609
0 0.6147075310392525 0.8369629763377563 0.058776082775145636 0.08164100171456488
0 0.8260521885153101 0.09554175775294858 0.049899968212985105 0.04140082166697724
0 0.7648808497755276 0.11053439639481484 0.04828955727232383 0.05928589044356759
0 0.8324701282214871 0.2180480837834548 0.02138658699290275 0.04074096337997585
0 0.7829369508717222 0.30827401308052205 0.05573555416975101 0.10273237542031834
0 0.7754971582856588 0.42581180676267044 0.023682148398098297 0.05431506461677238
0 0.7031384813856968 0.5469704267147947 0.08920835512127699 0.19336516601766854
0 0.5401608490771459 0.3640810517495762 0.05679050761316986 0.12821425414317206
0 0.5875443317563147 0.4850706432281198 0.02987446572212265 0.040197961909453656
0 0.6210263491348686 0.5990836702297916 0.038993039422642185 0.11452788304677125
0 0.6565829137499796 0.6017374879325957 0.01596688615016179 0.09033330035770971