0 0.14394517343116697 0.956330537332556 0.01452731843867453 0.06275813446157043
0 0.17092958263790048 0.9601680319533412 0.028170228724202617 0.0796639360933175
0 0.4277073346489299 0.6421016716215705 0.026557644628975335 0.715796656756859
0 0.4603597523361625 0.30297588836784384 0.01900356913292941 0.035891402582264274
0 0.4653603744646142 0.4690751099375697 0.0074995013935096454 0.04220450701427642
0 0.41779681547134795 0.41813240715617755 0.006300129393909639 0.010385090892328983
0 0.4162960321074253 0.4986564589248644 0.007543721801166999 0.04423427697368102
0 0.4366321517388493 0.11210962547669472 0.013260519217336893 0.19047614784052316
0 0.4516361492863014 0.14485793933014124 0.01763663464573374 0.019613869391143113
0 0.3725242509980677 0.09912226242778299 0.010352814297658372 0.010542584955866251
0 0.6726672427278408 0.2624707874040151 0.02157139846239631 0.014358643562934858
0 0.150931571608604 0.728736753917775 0.015560650793349758 0.04048972518194636