0 0.23027001554355733 0.45928420696192174 0.24231969210406382 0.9151779938182827
0 0.5879425976727519 0.9781122686024922 0.049412963349940796 0.0437754627950156
0 0.6011663714735266 0.9006017874901636 0.0478675258634734 0.0969052140772839
0 0.6117649533581575 0.8201604813913799 0.041652953444519275 0.06711172285510573
0 0.6650675792405788 0.44164560577723505 0.1649497966617865 0.6679155839981471
0 0.7167197874473755 0.07866062677755864 0.027456484701565 0.03436593969372229
0 0.787110434045937 0.19712787356043066 0.0727905324113749 0.22102967401550153
0 0.6798434067471504 0.9791530115053696 0.05628931130283907 0.04169397698926083
0 0.693960087767889 0.8896697700812698 0.0661321871552628 0.15728993102528943
0 0.7125630776706378 0.7531407658794026 0.06274157990242972 0.14097464366969223
0 0.7279220442131944 0.6317633639777129 0.05882131163264726 0.12465112713908134
0 0.7417045552196526 0.5315735673184971 0.052114059266507334 0.09767826105589263
0 0.7581076355085341 0.4293032757988468 0.05305975731829208 0.12951110126343782
0 0.773585450141409 0.3372711228174296 0.03590988966504576 0.07338612413646364
0 0.5381623669605604 0.9986747042802704 0.026092068842120418 0.0026505914394592983
0 0.5224416320388441 0.9730648330102487 0.03464717174745002 0.0538703339795026
0 0.5088408815713362 0.9270966182135795 0.035195323299280726 0.05923362339143579
0 0.4952447537375489 0.8795116936662015 0.028691466816838235 0.04781945603526263
0 0.4801996622509379 0.8223588128715301 0.03187867818597399 0.04857604466384426
0 0.4683173285784487 0.784345959158952 0.0286822215493974 0.047112242456761926
0 0.4400650119650481 0.7701191481024728 0.012404089808409619 0.017162396909327606
0 0.43972548040511966 0.8454168212752645 0.026114443098794796 0.09373896358772768
0 0.4140038237351156 0.9235019551506614 0.02240681598015085 0.09368135936263305
0 0.4921046450549876 0.6595641561649748 0.03843800627306126 0.06423349349102199
0 0.5301273532051407 0.6110135422351608 0.04385480491928305 0.07350956176166595
0 0.5684287597649293 0.5635278632606049 0.03677506108268735 0.058551097337975866
0 0.5999416484125075 0.5233609475851307 0.03513985169463607 0.054990341920431875
0 0.6296192140356451 0.48457965695411076 0.03138599823878818 0.05139666980283371
0 0.5119910601459963 0.2971462470322396 0.11818781916941547 0.5745628961633937
0 0.5221609400435993 0.3054355575102542 0.02494417785560706 0.08523594229569227
0 0.5833217166510962 0.18370915887948083 0.03059746973349657 0.03158646042980045
0 0.546991493917093 0.42248788166346474 0.0316013201627501 0.027359637308823046
0 0.5141918978339466 0.668038623080793 0.022597082874614507 0.02721974133359366
0 0.46857605862934787 0.9459154597338165 0.027865957241783642 0.02518039234822662
0 0.47521747688716387 0.07667615691765581 0.03461019067768692 0.05498211274541825
0 0.4217546740858267 0.13912828175458566 0.027613654248058377 0.046388570528234294
0 0.4454705717582202 0.11015334570992044 0.027548937375972762 0.041438075478729346