0 0.2779909575143899 0.5373739626990435 0.064958038190282 0.0704636955970845
0 0.21899546362422248 0.23479696280585677 0.06916759052355281 0.06860556687599689
0 0.33862762381274103 0.82380033679302 0.046225751980804926 0.05445934538550639
0 0.25904293706862175 0.9601810135435837 0.16695804727006544 0.07963797291283276
0 0.6695917455417226 0.2112344011104409 0.03063177003043591 0.07610200984347519
0 0.6064638062676762 0.07834699882505274 0.08580896846755566 0.08659980181586974
0 0.8850983753807271 0.9280952597096969 0.04843684872300942 0.061663237177721
0 0.6286658002649871 0.9389622998168997 0.0552523635256149 0.12207540036620057
0 0.6626809598544422 0.3100873543618623 0.05782014197621774 0.09121895692688052
0 0.567978095833556 0.1706431932090123 0.14654941200609503 0.27975633105225756
0 0.4887796310236105 0.4480200640380627 0.04139408595617706 0.04921239931978559
0 0.524634787995939 0.4378836785368229 0.025273123761682656 0.030543889803213757
0 0.25965963748961846 0.43059148465553 0.05086326738917631 0.04485480630271298
0 0.3096520453159067 0.22665533683410213 0.19682486600085342 0.36061315185490295
0 0.23833853895927634 0.3582483684468395 0.02650810587695607 0.0440468257983308
0 0.29259763770949065 0.4806912871034881 0.04671575115516709 0.09194166504604419