0 0.12115667328648216 0.8827414783240173 0.06049022671244034 0.23451704335196544
0 0.1305922777840531 0.6156212826715118 0.06470337781615929 0.30106952623272504
0 0.14098394024278937 0.33550863427080196 0.05934032741896408 0.2618842765971547
0 0.14929245998355672 0.11519636669144001 0.050184907252845974 0.18352598256337946
0 0.321178982985538 0.7000059333844394 0.05047638539303418 0.031846893826866327
0 0.32618868598272155 0.39011808169530443 0.047818911325544874 0.031127251065289612
0 0.350974235268704 0.4102495380419074 0.017944117312633606 0.021109210177587715
0 0.3515303893106856 0.04960542787909881 0.039966126481401514 0.07719972897003144
0 0.3325664898854096 0.10227854409641758 0.013882465642977376 0.014087724297394329
0 0.3768034221094295 0.09807483619720096 0.011145645534750667 0.011969480137216177
0 0.564097657998323 0.8036866810489175 0.09547564770550969 0.3914786686528209
0 0.5704270504901852 0.5767127489701505 0.05411006308048193 0.06822273542786836
0 0.5679373160432368 0.4913411058810921 0.060409025780049246 0.09623137911199318
0 0.5635213895277423 0.2968154933080689 0.08266311701805315 0.30400505505340525
0 0.5633735998769868 0.0778367325280249 0.07115855940833005 0.14734135634777248
0 0.7388690489086829 0.10508598181201294 0.03392082379330732 0.035213208124803004
0 0.8912903085154188 0.8621979052522132 0.06657458412368553 0.23258281023826405
0 0.8907250247049645 0.71982308413901 0.02264053730819006 0.03931950724659241
0 0.8692707725355224 0.7332987454833926 0.021847695198032552 0.07146699735214841
0 0.8883942914881003 0.6085671441446876 0.04290254828590784 0.17508148480985328
0 0.8825062485980375 0.45845526280216925 0.03404107944884916 0.1295781184058453
0 0.8782041990768983 0.3496326358118062 0.02988384155197733 0.0931982083923881
0 0.8748302509135011 0.2429160477442558 0.032073668616889504 0.12257290617547265
0 0.870845585555312 0.12849901515948717 0.030153741749928527 0.10718015396594684
0 0.8679513099600459 0.04102540156007154 0.024306804163677913 0.06869013661722186
0 0.863772267201735 0.5209246914283807 0.031534486518205125 0.14074251911992516
0 0.858244568670088 0.4152407807599604 0.02095926686065944 0.07425606332444086
0 0.8564725449134837 0.34491630794323275 0.023378702805936038 0.07077990189021353
0 0.8545697856788278 0.26304727096936076 0.02694084539727641 0.09667030141416025
0 0.850295692761112 0.13988287702465058 0.02103861290139697 0.07565466472304234
0 0.8483532605060874 0.058713140750079294 0.022760174666514126 0.08755091343606469
0 0.7172359589989724 0.14479559041130988 0.025298011375679004 0.04003915000816928
0 0.15612739983611798 0.6410056310877805 0.021664951985449092 0.04979681249873739
0 0.17096623258886962 0.591798505273551 0.017436797289687715 0.04906496449979501
0 0.18349652836421185 0.5509687484073368 0.016841701984156254 0.03857545401028451
0 0.19524929477004807 0.519227866425804 0.01289906937560632 0.033651870227993104
0 0.20597477726722058 0.48712919726971055 0.017040067086000074 0.042071957506788014
0 0.2215394408035552 0.43897712512311504 0.024243080012200807 0.049117853861712704
0 0.24013847210088224 0.38350273769613824 0.02544108156789382 0.06101003416227976
0 0.2589199374621838 0.32942898587399044 0.021300083857500124 0.052589946883484937
0 0.2732391154778265 0.28476528039898796 0.018007841464110715 0.040681492933096954
0 0.29105671193333243 0.23383227910501053 0.028622115844807026 0.061733745336311804
0 0.5312640502524427 0.5099455727152564 0.02242655031708582 0.053996685106996754
0 0.5135071999219255 0.46748124652803846 0.021434724807866717 0.036514167624479274
0 0.49502842428014054 0.42850935542486873 0.025052162308836386 0.04493018649081901
0 0.4758634908751413 0.38778310995476445 0.020824007613074954 0.04419833849187662
0 0.45807477846888556 0.3551130619702113 0.023774814712405903 0.03163940479165039
0 0.44119042543787235 0.32035121450643905 0.021030183659548923 0.0386080013099262
0 0.4245281794912023 0.28629070194819506 0.022807040334295148 0.03302986936534145
0 0.4110508732937606 0.25610278791706376 0.019745025118488174 0.0344040602892115
0 0.39781551069084664 0.2262665584418105 0.02156155481360328 0.02952522904392745
0 0.3829697944392916 0.19711742442849225 0.02067312647623005 0.03231429501621991
0 0.36907201605566287 0.16972467898833615 0.018983426786851502 0.030204187680952135
0 0.3565228112159631 0.14164280388001743 0.016849512928786524 0.029488613331830556
0 0.7281168464025226 0.059178041490209186 0.023005405436139086 0.0365263728618449
0 0.7194706011510041 0.026928841073272744 0.02594840159083953 0.03305427984007269
0 0.7128906401337582 0.009037681260504318 0.020292018161802823 0.0071476066663051065
0 0.7449738611273303 0.062107467692206424 0.013581321666505579 0.036453141437651077
0 0.7535494987285685 0.03558896468692523 0.012415182186550881 0.03434710251483854
0 0.7613674434704849 0.017809686216675176 0.01234364709044374 0.02386166043778326
0 0.7042377070724442 0.18002483906443575 0.020712799496598693 0.033013595715520525
0 0.6927704627538195 0.21596559365422788 0.021109529700286334 0.0400066027085276
0 0.6779833285869906 0.2550287909161419 0.017809476362266773 0.03718498943659346
0 0.6645447679640911 0.2934028585098933 0.02264053730819006 0.03931950724659249
0 0.6494639916168117 0.34225829976824473 0.02310880260798484 0.05679795631665472
0 0.6311664134445656 0.3970354207021485 0.02279141844503473 0.05120355072224913
0 0.6144713779763301 0.4420304686707528 0.016183500824365697 0.05464716485683493
0 0.6013342704785111 0.4797072697714311 0.019761265304966368 0.0623638830238738