0 0.2147607421875 0.16512385919165581 0.0447607421875 0.32251629726206
0 0.2223681640625 0.5355606258148631 0.03416015625 0.16427640156453716
0 0.1967041015625 0.49641460234680573 0.0130712890625 0.08277053455019556
0 0.1983935546875 0.5863885267275097 0.0113037109375 0.04464797913950456
0 0.2255078125 0.6848696219035202 0.035927734375 0.13634289439374186
0 0.2280419921875 0.8123924380704042 0.0332763671875 0.11853976531942634
0 0.2300927734375 0.9277966101694916 0.0348046875 0.11194915254237288
0 0.2321435546875 0.9917666232073011 0.0363330078125 0.016460234680573664
0 0.4207177734375 0.02865710560625815 0.031845703125 0.05065189048239896
0 0.43435546875 0.056316818774445894 0.014091796875 0.03903520208604955
0 0.462236328125 0.03592568448500652 0.019677734375 0.06489569752281617
0 0.4533349609375 0.17915906127770534 0.007080078125 0.053670143415906126
0 0.4643359375 0.3733637548891786 0.0082421875 0.08352020860495438
0 0.5056640625 0.30533898305084745 0.02837890625 0.017053455019556716
0 0.509755859375 0.05711212516297262 0.023818359375 0.01254237288135593
0 0.5041455078125 0.5422685788787484 0.0247607421875 0.020228161668839634
0 0.502080078125 0.770651890482399 0.0246875 0.018878748370273795
0 0.4646240234375 0.8555084745762711 0.0076611328125 0.08034550195567144
0 0.50544921875 0.9879204693611473 0.01578125 0.020417209908735332
0 0.4547802734375 0.9598826597131682 0.005888671875 0.08023468057366362
0 0.454970703125 0.6571186440677966 0.006552734375 0.09858539765319425
0 0.5725146484375 0.12166883963494132 0.012177734375 0.007496740547588005
0 0.712685546875 0.07686440677966101 0.032470703125 0.14501303780964797
0 0.7119580078125 0.20248370273794003 0.0240234375 0.10533898305084746
0 0.7112890625 0.28584745762711866 0.0212841796875 0.05816166883963494
0 0.699814453125 0.5189504563233377 0.0337451171875 0.14322033898305084
0 0.692734375 0.6453194263363755 0.0368310546875 0.1089308996088657
0 0.689560546875 0.7575554106910038 0.03560546875 0.11716427640156453
0 0.687431640625 0.866212516297262 0.03228515625 0.09958279009126467
0 0.684228515625 0.9581877444589308 0.0328662109375 0.0836245110821382
0 0.6242578125 0.015071707953063887 0.029873046875 0.022209908735332465
0 0.6228857421875 0.0745632333767927 0.029716796875 0.04007822685788787
0 0.6219873046875 0.13570404172099088 0.0309228515625 0.034791395045632334
0 0.61857421875 0.3146414602346806 0.0280859375 0.108748370273794
0 0.6098974609375 0.5908539765319426 0.026806640625 0.3609191655801825
0 0.605615234375 0.8710756192959583 0.0246533203125 0.14897653194263363
0 0.6046826171875 0.9747196870925685 0.0265185546875 0.050560625814863105
0 0.58732421875 0.3044980443285528 0.01044921875 0.07835071707953063