0 0.4387646484375 0.18705345501955672 0.008037109375 0.36326597131681876
0 0.4351123046875 0.6001890482398957 0.0129541015625 0.46149934810951765
0 0.4237109375 0.3518057366362451 0.006064453125 0.0423728813559322
0 0.4725341796875 0.362529335071708 0.0050244140625 0.005195567144719687
0 0.2021630859375 0.8820338983050847 0.0187548828125 0.010202086049543677
0 0.1796728515625 0.8693937418513691 0.0082080078125 0.01532594524119948
0 0.165625 0.38131681877444595 0.0089111328125 0.014902216427640155
0 0.6989501953125 0.3667144719687092 0.008134765625 0.016610169491525426
0 0.5842041015625 0.8074511082138202 0.008203125 0.013200782268578879
0 0.591357421875 0.793722294654498 0.0102490234375 0.01302477183833116
0 0.5844091796875 0.8415449804432855 0.0072509765625 0.010449804432855281
0 0.55181640625 0.9745893089960886 0.00814453125 0.03735984354628422
0 0.42716796875 0.9514863102998695 0.0095263671875 0.089374185136897
0 0.4578857421875 0.9488200782268579 0.00693359375 0.0067340286831812255
0 0.4493017578125 0.8269165580182529 0.013603515625 0.030625814863102997
0 0.4636083984375 0.724954367666232 0.0067919921875 0.010091264667535854
0 0.44296875 0.715710560625815 0.008427734375 0.07891134289439374
0 0.4182421875 0.6908604954367666 0.00666015625 0.011564537157757496
0 0.482470703125 0.6152151238591916 0.022041015625 0.011610169491525423
0 0.381318359375 0.6004432855280313 0.016591796875 0.022079530638852672
0 0.45080078125 0.07520208604954368 0.0097900390625 0.08657105606258149