0 0.1076953125 0.4998435462842242 0.0780224609375 0.9996870925684485
0 0.4951953125 0.4955019556714472 0.055498046875 0.9909973924380704
0 0.8948974609375 0.22623207301173404 0.203857421875 0.38640156453715774
0 0.7801708984375 0.5089113428943938 0.074423828125 0.9821838331160365
0 0.5975634765625 0.8490482398956976 0.035625 0.22830508474576272
0 0.681875 0.8967861799217732 0.114765625 0.2064341590612777
0 0.28755859375 0.4659387222946545 0.04177734375 0.05494132985658409
0 0.2826416015625 0.1820664928292047 0.0388037109375 0.024595827900912644
0 0.2906494140625 0.7552542372881356 0.031943359375 0.04732724902216427
0 0.4092236328125 0.23621903520208606 0.0198046875 0.21533898305084745
0 0.4085400390625 0.5736571056062582 0.013857421875 0.25816818774445893
0 0.431865234375 0.9177053455019557 0.0147705078125 0.16458930899608865
0 0.1621240234375 0.9177053455019557 0.0859375 0.16458930899608865
0 0.284130859375 0.39695567144719685 0.030341796875 0.026897001303780962