0 0.547885576149124 0.3753861226336174 0.3348629962734191 0.09977114244907774
0 0.47387641509990863 0.5480326901085149 0.1537499000244344 0.055354740502754525
0 0.28875236589467174 0.48035638052123614 0.08677515976844803 0.0373005227926
0 0.29537733743263067 0.2818324660844834 0.054377328145489096 0.029681469406218918
0 0.38803826473752834 0.2763157999735921 0.05702996584194045 0.031841063860272446
0 0.2648117375797441 0.14909517643729547 0.06257027694627024 0.021241777624830933
0 0.5535509766760396 0.17308507815996843 0.29203263527998935 0.08691507179070015
0 0.6604935410100573 0.12989321791556419 0.4334629789314043 0.10097837325275058
0 0.8368568361251689 0.1611944047898235 0.05241187683382243 0.03094699112188759
0 0.786971118757336 0.16395651649394788 0.03448429005386826 0.028074727902696307
0 0.7636507532926503 0.2666959563059998 0.06277668690168832 0.06400389797995543
0 0.8174726071791097 0.30517345187617545 0.03017593458684023 0.042803158042208224
0 0.45589835260674655 0.07352345908003774 0.02381299849251554 0.10561710728007
0 0.7248683383464157 0.4379323152636703 0.12118800404025667 0.1610560617871891
0 0.7758062453044513 0.42130777001751946 0.02324705644289868 0.026871832032751702
0 0.6046319779264419 0.6104579371441807 0.09193778081315739 0.1359399785749129
0 0.5854547519756148 0.5545957163117072 0.020166930133718324 0.11359032758215575
0 0.4063908838506705 0.4668438222161866 0.02958136678121458 0.021738478293563197
0 0.537879467919717 0.7179571142512731 0.32044254998352323 0.11538500429618499
0 0.7046902287743334 0.5279247521989795 0.04310449025145288 0.027798301427430772
0 0.30103398031304573 0.7489807188251674 0.06015616422477491 0.03334414183098699
0 0.3689955285282085 0.5529792212072959 0.06444168638322346 0.6198639513455647
0 0.04785683178515224 0.45825937154157287 0.08244746025636987 0.6824576263899598
0 0.1706322412535662 0.8728506865952177 0.02137398649446593 0.10753914547907772
0 0.20066750333990307 0.9275229731039308 0.03929110548383339 0.022870107286994148
0 0.2933213335097799 0.9121661170403129 0.03862881837560281 0.029625317124420108
0 0.3727617737505085 0.9063719407207241 0.028420619710046436 0.01896987860717994
0 0.4150400311404748 0.9993678098455487 0.03780991986506271 0.0012643803089025711
0 0.5266593248025043 0.998486705862515 0.031144465972631756 0.003026588274970043
0 0.5331130162362607 0.9616953683006165 0.023489070681383974 0.07031422449671988
0 0.12452096820239769 0.059759227148658306 0.10056519675372577 0.09698306439758406
0 0.1358289359476495 0.2564053778554498 0.11684055502663268 0.1459237860140992
0 0.1335588663822237 0.33433972505364923 0.05166394967349067 0.11370263214575328
0 0.9217031818490051 0.5061550042375547 0.08144007253990812 0.5758687059310656
0 0.9748585822036058 0.38147517773348416 0.05028283559278839 0.5725386122633618
0 0.8356396333100448 0.6765426342409854 0.06604181315326157 0.039047630582285976
0 0.6557435867805433 0.907699062222019 0.4236427009001297 0.1656668494386107
0 0.977451952052671 0.9913055564119881 0.035719734954698955 0.01738888717602379
0 0.8466700170214225 0.08666573865123654 0.0267683912029988 0.06503833700450366