0 0.3463754818264004 0.8069573997166121 0.06561791041803365 0.13821034804308452
0 0.29690381303019725 0.6462705182827845 0.09638952174882978 0.14055613402568395
0 0.4458126121174345 0.5068612541500691 0.046719354093580044 0.13275978524697898
0 0.14743432491798267 0.2243385854642403 0.19136773520843342 0.43947158439332434
0 0.3820706277823952 0.2340682244437022 0.028080782940378888 0.03352594814637611
0 0.527572787870901 0.09545957865543132 0.045098504283860426 0.028496798998763777
0 0.5965292625096599 0.07803211240108107 0.036032114296545834 0.021267536556451895
0 0.6952523777947889 0.048563580710646724 0.13054611825087836 0.049215760829052844
0 0.683282049898663 0.023938422392342385 0.021286954879488937 0.04787684478468477
0 0.6357106892269222 0.01752264448388931 0.016940784588017267 0.03504528896777862
0 0.47794240628654333 0.05824664624216479 0.02482313176151519 0.11649329248432957
0 0.8602659064513072 0.052104841367809775 0.11071818709738561 0.10420968273561955
0 0.8265006053992973 0.01180746259959003 0.042951503954332775 0.02361492519918006
0 0.6539283817367278 0.20060871681222303 0.14634089690739696 0.055264618791964336