0 0.1787539531517694 0.49185694919239437 0.16832795995785935 0.9771239618286687
0 0.6736949003325988 0.5155298059827176 0.1718219623716679 0.9689403880345648
0 0.40576592582419607 0.7098960736673087 0.0680687111317571 0.5802078526653827
0 0.4639211289023826 0.17168515930187456 0.045815290320868104 0.3220888389010102
0 0.5981651515354833 0.09556518583706806 0.015910988438478595 0.06795424670040963
0 0.5668094214317311 0.3579834284606513 0.011313227665820439 0.035407067817074485
0 0.5534385526364696 0.4728206723670197 0.020884704363817362 0.15052184489381734
0 0.5836674893302856 0.2127468748517881 0.02130750615438894 0.10660254538410213
0 0.45613571744602915 0.7303147702185242 0.03149889513696516 0.023712654868533793
0 0.5034143795364078 0.9856882187206094 0.017684426351727133 0.028623562558781235
0 0.36959044081886794 0.9274371180743504 0.015164328372197939 0.05239267701164103
0 0.44219810529126613 0.5081587684262248 0.019709992267884335 0.09440030578338748
0 0.49093403686686565 0.2745942723536186 0.009456005930174658 0.017792108324614156
0 0.44260983282487726 0.2406163806787678 0.010371786712683899 0.01578595820949668