0 0.387578125 0.1812059973924381 0.018681640625 0.3480704041720991
0 0.4335498046875 0.11410039113428944 0.0672412109375 0.05941981747066493
0 0.3925341796875 0.6835397653194263 0.0203369140625 0.6329204693611473
0 0.4396435546875 0.3904954367666232 0.064970703125 0.057868318122555405
0 0.3915478515625 0.8013363754889179 0.212822265625 0.39732724902216426
0 0.42900390625 0.6506779661016949 0.0498876953125 0.054224250325945245
0 0.4303466796875 0.9082659713168187 0.0505078125 0.05091264667535854
0 0.740654296875 0.6013820078226858 0.0679248046875 0.03285528031290743
0 0.77025390625 0.8306714471968709 0.02751953125 0.33865710560625817
0 0.50234375 0.5882920469361148 0.0410791015625 0.014517601043024771
0 0.2615478515625 0.044641460234680574 0.0121240234375 0.051792698826597136
0 0.6689111328125 0.18883311603650588 0.2059814453125 0.3368318122555411
0 0.5338818359375 0.6430182529335071 0.041220703125 0.07871577574967406
0 0.6822509765625 0.9282659713168188 0.0904833984375 0.14346805736636245
0 0.794765625 0.029132985658409386 0.011103515625 0.05147979139504563