0 0.08017418032786885 0.4719562243502052 0.1603483606557377 0.9439124487004104
0 0.46950636049481026 0.4996580027359781 0.16447088556775655 0.9993160054719562
0 0.2874473048455415 0.20417236662106703 0.06789946561968697 0.05198358413132695
0 0.25550947314722305 0.5102599179206566 0.03814985382839685 0.03625170998632011
0 0.1844492698897944 0.38850889192886456 0.16246079946730563 0.32489740082079344
0 0.22159054943390688 0.7629958960328317 0.059883817000546576 0.1012311901504788
0 0.32306225487975887 0.4829001367989056 0.03975557160015155 0.22913816689466485
0 0.3001731369262567 0.6617647058823529 0.013118976392763274 0.038303693570451436
0 0.3754173693902484 0.6121751025991792 0.0490372406396731 0.24555403556771546
0 0.41811551655031365 0.26196990424076605 0.07315866899744151 0.40834473324213405
0 0.35637046455150034 0.7910396716826266 0.023735422446178607 0.06361149110807114
0 0.64684173806074 0.9158686730506156 0.10320575519607911 0.16826265389876882
0 0.7874142251438982 0.5208618331053352 0.17226056542796933 0.9582763337893296
0 0.8223942740245107 0.12756497948016415 0.07785346689383779 0.17578659370725033