0 0.57353515625 0.5229986962190352 0.0126171875 0.02179921773142112
0 0.54970703125 0.6376075619295959 0.0061279296875 0.042933507170795304
0 0.5874658203125 0.6763037809647979 0.026591796875 0.02936766623207301
0 0.638935546875 0.713174706649283 0.01037109375 0.02241199478487614
0 0.5638671875 0.9629921773142113 0.0069921875 0.039341590612777054
0 0.518193359375 0.9240612777053455 0.0061572265625 0.04
0 0.5446142578125 0.8894458930899609 0.00591796875 0.03870925684485007
0 0.54357421875 0.9291786179921773 0.0050537109375 0.033226857887874835
0 0.55076171875 0.7664406779661017 0.01291015625 0.015827900912646676
0 0.4482958984375 0.7684354628422425 0.0404541015625 0.07714471968709256
0 0.5213232421875 0.6254041720990874 0.0162060546875 0.031616688396349416
0 0.570498046875 0.62877444589309 0.013466796875 0.025964797913950455
0 0.5283642578125 0.5423207301173403 0.005087890625 0.010371577574967405
0 0.5441796875 0.17216427640156456 0.0099560546875 0.3365971316818775
0 0.5431298828125 0.4430704041720991 0.0075390625 0.19281616688396347
0 0.5739306640625 0.45471316818774443 0.006103515625 0.009621903520208605
0 0.77775390625 0.5741655801825293 0.0169287109375 0.012053455019556713
0 0.705830078125 0.6957366362451108 0.0049609375 0.01152542372881356
0 0.7179541015625 0.6307887874837027 0.005791015625 0.01028683181225554