0 0.5646721534258585 0.48880548127247814 0.07276658153967054 0.8935470808752746
0 0.5170295206939541 0.07249437363024087 0.036294512712844826 0.06288371493313163
0 0.8227228471086345 0.5026560784475839 0.013286175430657089 0.021924039440858224
0 0.8134900521016686 0.39193134257618156 0.009042153270659346 0.015065620738525335
0 0.8113124402323338 0.3160301172173414 0.007600150771531442 0.015606426700248891
0 0.779802399980855 0.5463268583904157 0.012574691942234375 0.017298716133210837
0 0.345790656275634 0.9542615886363696 0.012366806974641075 0.023158320741684026
0 0.33398709956841993 0.9530179183747184 0.007839510646676488 0.010402130086533163
0 0.5194473519788886 0.7239122250845469 0.027813064529861545 0.02892866437967166
0 0.5522382557479593 0.7444140723227834 0.015282286880448633 0.0227320168129943
0 0.4613021009818844 0.6900150370486471 0.020225353143599818 0.023768998251198784
0 0.4143682266968663 0.6755956410945754 0.025054959161813172 0.032631508282148766
0 0.3820915685428993 0.5842982151799037 0.01287700163248314 0.013405035509010255
0 0.4263709034992879 0.6249522461668982 0.015042927005303587 0.027936313426709953
0 0.5293463902657308 0.49193612076030657 0.011012633061156211 0.04590326383647431
0 0.5465556190882325 0.5089421186700342 0.018040392248497007 0.019029172910517343
0 0.5124581302113825 0.4867065830840422 0.024645785363639 0.024112504350300948
0 0.5477414848561993 0.37062750129095157 0.008084713770078937 0.0358828071933878
0 0.5492804572577337 0.41285669960846794 0.010540509447878545 0.036073643915111274
0 0.354624531413516 0.14996906350176162 0.01664230404219079 0.030672047438774226
0 0.3826850577330459 0.051608844380194696 0.008985046703812807 0.04443997846958044