0 0.22542968906621813 0.35135145953005426 0.13120738719958955 0.5163062571247287
0 0.3215156286474741 0.5728844189067885 0.060738187208278144 0.07328757924271882
0 0.6325507101791068 0.14369263995625792 0.11780683117985691 0.24278541735147066
0 0.5492467465548383 0.4984321062406327 0.06518342969834867 0.12364418983569612
0 0.545160731762679 0.6043283778053012 0.04059900238414247 0.06112969361384289
0 0.5353425178555478 0.742119452356006 0.03053232481512808 0.05538542282082394
0 0.6404688660835256 0.33402979715370196 0.011651299186532998 0.015173515160298485
0 0.6837847845276723 0.27582764853982655 0.008651116848591574 0.015726003668042048
0 0.6904262391747118 0.31957846035574455 0.011674617930960144 0.017850891331650562
0 0.6484298671308126 0.3855267552685465 0.009105481363745522 0.010390727247853577
0 0.6972230580065126 0.5249271687107547 0.11143954728042157 0.2592658314297165
0 0.9411394982198569 0.26743131153487154 0.07414387091177162 0.232389539535707
0 0.9479501892645785 0.359365156473869 0.05029293104349747 0.08158005742678251
0 0.9796353879241525 0.6219904642431227 0.04072922415169493 0.05331180024745983
0 0.9404808123567104 0.6805857126459645 0.019638182820127432 0.012138409706360176
0 0.9286865103599754 0.6202412125553576 0.08127962037377973 0.13163020382741805
0 0.8999003520344071 0.7940963864452971 0.08994239659458488 0.14869489558113605
0 0.6007836135797823 0.6078288932902245 0.06451336679724509 0.10421373667087783
0 0.6357178092403536 0.7660949581442945 0.06826522764178489 0.13246251792768504
0 0.6710655616133315 0.91434033827831 0.07446963133140402 0.15478458241152843
0 0.7360032669922644 0.8660117989109246 0.11310543350226158 0.22052178063517444
0 0.8106201513146986 0.807688207368607 0.13178206911594745 0.17976253503481537