0 0.2376649609822422 0.9223235997756478 0.06424273500357958 0.07732542160462859
0 0.36473930820213724 0.6277182828620421 0.02547497946447013 0.025838230876646245
0 0.4197210584095364 0.6488025279441875 0.024539054395550455 0.028650626840622154
0 0.43201148127046896 0.6146423176258026 0.03534821942324635 0.03376570539039695
0 0.44998536545018025 0.407009051199407 0.053747286304119936 0.0672680771803622
0 0.4509790007195283 0.23537809161276954 0.02307297405619052 0.10424841716507637
0 0.4733071104502937 0.22476964019892887 0.024101446848844167 0.10355766193660265
0 0.45187511147609843 0.037210164482328556 0.029151757341869297 0.02518862152324009
0 0.38695295178489864 0.0555573148572695 0.02615888668764257 0.02938252794416336
0 0.3789757045289425 0.27365065981093273 0.022446035653209247 0.04133932537856742
0 0.3254806831973151 0.1651432460338152 0.022698053498956244 0.034982632347074515
0 0.48243573321039085 0.08547984471013696 0.030549432522476622 0.17095968942027392
0 0.5270310298237993 0.703043023993071 0.0346230151272505 0.05354299806337629
0 0.576716169861707 0.7242095608253512 0.05324325061262607 0.07998146324334786
0 0.576279797948729 0.6170008702823859 0.03307010523343695 0.04221112245733806
0 0.7852222447545029 0.7775854980251573 0.04948338433608874 0.2000678756132387
0 0.7742833296486183 0.5693399012692463 0.031876938402981274 0.06339461311230528
0 0.7598604615501786 0.7429487387649796 0.061315303987157434 0.28930022412953044
0 0.7708951370274912 0.47951554762464305 0.034705115019405965 0.07969344211787538
0 0.7988414091296686 0.44581979022186063 0.026934847381058117 0.10784208928267427
0 0.7598074467579182 0.219256836148876 0.078680674159588 0.33550775280746764
0 0.7534527501882569 0.0371246521599034 0.02004974841421048 0.034941486472007045
0 0.7990253753797162 0.2374013807906662 0.02441043351478233 0.03783617418611781
0 0.7831656527322493 0.34769403007305255 0.03746065106827101 0.19140027082093328
0 0.6937785619735324 0.02389793360389416 0.028061586066726336 0.024464949594712394
0 0.20227018631625313 0.17165753207221457 0.03699318278730252 0.12001284526742931
0 0.22356671704297895 0.2406805562273182 0.028122790295724426 0.09867300028720571