0 0.45884765625 0.46941981747066497 0.0450146484375 0.13342242503259452
0 0.505400390625 0.4685397653194263 0.04431640625 0.13418513689700132
0 0.4834716796875 0.6768709256844849 0.0163330078125 0.2833376792698826
0 0.3871142578125 0.9960299869621904 0.0130908203125 0.007933507170795306
0 0.5109521484375 0.9007235984354629 0.0112158203125 0.023018252933507174
0 0.53552734375 0.8952346805736636 0.011474609375 0.025925684485006522
0 0.510810546875 0.9392112125162972 0.01376953125 0.011649282920469363
0 0.53529296875 0.9339700130378097 0.0147802734375 0.015058670143415907
0 0.543798828125 0.7950977835723599 0.028017578125 0.05659713168187744
0 0.542001953125 0.8445632333767926 0.029716796875 0.026192959582790092
0 0.5001318359375 0.8384419817470665 0.0170361328125 0.04358539765319426
0 0.5050439453125 0.3608539765319426 0.0494970703125 0.109374185136897
0 0.5462939453125 0.3394524119947849 0.0818994140625 0.1158018252933507
0 0.532314453125 0.4652737940026076 0.0141162109375 0.13483702737940026
0 0.7406396484375 0.42803780964797916 0.0508935546875 0.11501955671447196
0 0.769375 0.4170534550195567 0.0062744140625 0.13597131681877445
0 0.802177734375 0.4295501955671447 0.05857421875 0.1129986962190352
0 0.769140625 0.5191525423728813 0.0174462890625 0.06620599739243807