0 0.5054345703125 0.05546936114732725 0.0189453125 0.02999348109517601
0 0.461171875 0.059915254237288135 0.042490234375 0.06670143415906127
0 0.52939453125 0.06742503259452412 0.0248046875 0.03165580182529335
0 0.450810546875 0.15656453715775748 0.0142578125 0.012444589308996088
0 0.472890625 0.1311147327249022 0.0076025390625 0.014393741851368968
0 0.493564453125 0.10670795306388527 0.0131298828125 0.01982398956975228
0 0.387197265625 0.2290547588005215 0.0205908203125 0.03168187744458931
0 0.3378857421875 0.2885006518904824 0.0155908203125 0.023435462842242506
0 0.304208984375 0.32477835723598436 0.0101171875 0.012979139504563234
0 0.274189453125 0.36101043024771834 0.0118994140625 0.009902216427640156
0 0.28396484375 0.3476205997392438 0.01083984375 0.011551499348109517