0 0.054233014822720214 0.25108651283720973 0.07794275497144595 0.3811140822094699
0 0.4024607431942667 0.2243850698520988 0.4492983860845821 0.44047957435940144
0 0.6377538481040897 0.23764565857110623 0.09009736186167501 0.44765609932622524
0 0.7133396175650678 0.11838430380876931 0.13995177818991267 0.20677140537283453
0 0.41405114890195605 0.20606228335566934 0.6494831548622977 0.23217217685650074
0 0.12718996264274018 0.08714069416261268 0.07185086600324135 0.032099938491170814
0 0.7313379697764653 0.63366072315395 0.162640634659568 0.08762909371942938
0 0.8832044110705252 0.7497732630889755 0.17426368180653198 0.4354199666083716
0 0.9361241545900476 0.8781101258197112 0.12775169081990487 0.1618532235544906
0 0.9721609737902827 0.7443367477900927 0.05567805241943476 0.047803227245662515
0 0.06893511272880476 0.831647192590854 0.0771489083217206 0.3367056148182922
0 0.14967487429829518 0.9053017900633851 0.07169775397706593 0.18939641987322997
0 0.4502788255829344 0.8632577876377119 0.46238448160029016 0.27348442472457624
0 0.4116961941331972 0.759402410238435 0.40779279888717357 0.17515343478885861
0 0.7645902694438041 0.7612063211010655 0.07415501055615319 0.057845787743393225
0 0.3595424078640628 0.5847646609110602 0.08154565302069816 0.08438632620351957
0 0.7721468855471062 0.975708966655772 0.10745635138467546 0.037662762946499326
0 0.15289457259052044 0.9213820524389754 0.14075596830268933 0.05060902764225965
0 0.7250172972963295 0.3103333790771553 0.12313986360475411 0.03735228054648203
0 0.7710297111724097 0.39152494577798524 0.02937851773116113 0.06694355446963708
0 0.9548781657329368 0.21190938034033535 0.0718637276158229 0.38097236314374694
0 0.8373829901076534 0.17705507389007144 0.14285108659828552 0.318396943217944
0 0.7119991833853215 0.1491160035434263 0.11330659522836721 0.06349128165372656
0 0.4390660282091579 0.5862805236943688 0.03480646700018307 0.06233733370793925
0 0.2590776094448953 0.6933043846524102 0.048919479881741584 0.043735301828993496
0 0.2477495357878214 0.6372613222480555 0.03950077105481359 0.05027681317294743
0 0.38649595848005597 0.46436955362293914 0.034703258090445416 0.05895438377559825