0 0.1044384765625 0.6284224250325945 0.071513671875 0.7431551499348109
0 0.493408203125 0.6860039113428944 0.048662109375 0.6279856584093872
0 0.7775634765625 0.7120795306388527 0.037548828125 0.5758344198174707
0 0.478798828125 0.3118383311603651 0.02857421875 0.1405019556714472
0 0.51638671875 0.3088461538461538 0.029443359375 0.12431551499348109
0 0.33544921875 0.2229921773142112 0.0128662109375 0.11890482398956975
0 0.41001953125 0.14985006518904825 0.0166796875 0.29795306388526727
0 0.4119287109375 0.5451825293350717 0.0153466796875 0.3483963494132986
0 0.409521484375 0.8352868318122555 0.0113134765625 0.18808996088657104
0 0.4077197265625 0.9771186440677967 0.008798828125 0.04576271186440678
0 0.6528076171875 0.9505084745762712 0.037548828125 0.04100391134289439
0 0.609697265625 0.7167601043024772 0.0188623046875 0.04001955671447197
0 0.280048828125 0.7140026075619296 0.0320947265625 0.02722294654498044
0 0.2789013671875 0.4198956975228162 0.0396337890625 0.029837027379400263
0 0.3032666015625 0.9489765319426336 0.017626953125 0.033246414602346806
0 0.2609228515625 0.7631225554106911 0.014609375 0.020417209908735332
0 0.2815771484375 0.11312255541069101 0.0599072265625 0.03338331160365059
0 0.09166015625 0.19509778357235982 0.024658203125 0.13460234680573663