0 0.7775791997295034 0.6102520169617387 0.09599713548753219 0.2145744477931743
0 0.8348225358249384 0.3962798412188925 0.09804116290893877 0.21595911911514748
0 0.8802432563598088 0.21496112366485176 0.07039630179265706 0.15464875995827232
0 0.9204800292113027 0.06958955438089186 0.07798624350241995 0.13917910876178372
0 0.5243168981212535 0.805624037575539 0.05982759325758744 0.04354629110682213
0 0.4712675952360308 0.8730790534803534 0.016995156777872267 0.09902619597939208
0 0.4664149778317949 0.6049410256604887 0.035411652521365626 0.07428366145865892
0 0.5046778878695819 0.5062607605026787 0.05780125080571308 0.043514799757785196
0 0.4885553102026606 0.22848931671735678 0.05588101817103156 0.05160238824636682
0 0.6355129334597497 0.014523684491162599 0.04710989802477623 0.029047368982325197
0 0.6786822225305914 0.2522544343733948 0.02710034158294589 0.09715388276517138
0 0.4397040179493979 0.3428925447277488 0.020034670455683818 0.09907343300294733
0 0.4183156091544899 0.33240170052777324 0.022647180883421412 0.10520210706745714
0 0.4346216273910377 0.22797459391252425 0.014338433926304359 0.08951457198254142
0 0.126683761892086 0.09205811671113404 0.014414301767038337 0.01781177909143058
0 0.13408000710701126 0.32058413897357235 0.024806160606786722 0.11538244821351677
0 0.1472844333513367 0.6860015409369333 0.01639386781377962 0.05301807689955446
0 0.36436662443358914 0.8368590557370827 0.08803837339889725 0.14815840939766203
0 0.39908003302927736 0.4865935989161013 0.025441668969085743 0.047747068078474446
0 0.24218156712676428 0.1680552125853631 0.03417741917627675 0.05735316612243544
0 0.26957755667894445 0.10641049485388343 0.038327371412452224 0.06485863867165917
0 0.29582331649131344 0.05526866758717925 0.026463682679789036 0.04843940373946096
0 0.31747129659616913 0.026521228990628806 0.023559370254771114 0.0199832601215006