0 0.8499824313877344 0.2245727605484519 0.09526472484589292 0.4247883177682929
0 0.780750440489016 0.6893656156103513 0.11947813901813419 0.5320468991546335
0 0.5927535790393366 0.1646642967526556 0.05634812160891228 0.3293285935053112
0 0.5879864208815805 0.08173105196877796 0.020451701320383712 0.0911271635164692
0 0.5444451019052582 0.1069285974406208 0.02658422239003183 0.023081164022085165
0 0.5394472246976213 0.6926189342986299 0.080345440166141 0.553112074196384
0 0.543165871364108 0.5546919152037448 0.02043363291437584 0.08905247471978864
0 0.5032107683518118 0.9322085645839228 0.019277980186952433 0.07515679595277913
0 0.47241914576172755 0.8455566928105959 0.02766157869142096 0.02798652467014576
0 0.4957668373324269 0.6126505989801396 0.02606662404634665 0.02304895396084882
0 0.4136067915623861 0.08231956728533488 0.05081606759682194 0.16463913457066975
0 0.40264477948530664 0.20743455783128803 0.03133331214178011 0.09318670066688602
0 0.3946707315170171 0.3027262505873819 0.02477883230340643 0.05338109279512051
0 0.3809010767626856 0.4461223064019633 0.04515259982629684 0.19496014030291217
0 0.362789052706054 0.5963619955932085 0.020409541706365185 0.0862862229908813
0 0.3510301072492488 0.8219735151896922 0.048788196464640235 0.2560109387062915
0 0.33672591306192273 0.17262918777769534 0.10098805800790346 0.3452583755553907
0 0.29843557086054273 0.640153121850794 0.12896391028908433 0.6114326444695103