0 0.5585712813522123 0.46569457726577773 0.10748591034390963 0.9078573263117092
0 0.83419108703043 0.3804371495477032 0.01512757844075763 0.02470540244841698
0 0.8170436348664208 0.2614965284783803 0.010268040727179626 0.017429546012633305
0 0.8097088927295295 0.1785975916273296 0.00865859866709379 0.017392035128117107
0 0.791268129208019 0.43996069343973654 0.014032768994042655 0.019666068544508405
0 0.3514179987734151 0.9942931630245307 0.014032768994042776 0.011413673950938511
0 0.3388294295560684 0.998472372826237 0.009166988973800602 0.0030552543475259697
0 0.5228601377964949 0.7030185944953028 0.03126257403493293 0.034392832210484815
0 0.5596668061717645 0.7171272420222247 0.017276622340871014 0.025471749339328685
0 0.45812682275641614 0.6814546007103099 0.02265079266781988 0.027745782755720025
0 0.4068835537170208 0.6781115070852062 0.02859577636811678 0.037911975960741785
0 0.36598287539835594 0.5861932711238305 0.01455364391407781 0.01609691028156306
0 0.41628271092764113 0.6192391511888651 0.017301591567527457 0.03120240836511665
0 0.5182540798634329 0.4461321633190612 0.013630497900626027 0.050455857179946585
0 0.537626686497772 0.4601926091195023 0.020483021847714344 0.022681441595467183
0 0.49947257409910006 0.44462003776570336 0.02747911884807739 0.02785831540926858
0 0.5297225127209896 0.3081613459557982 0.010364796480473493 0.03963584973756167
0 0.5342141120278034 0.3541066471874786 0.013047199913949765 0.0396983678784221
0 0.3070762489061567 0.11674467736853608 0.01946312008096882 0.0348340847689225