0 0.081005859375 0.31134941329856586 0.037666015625 0.6226988265971317
0 0.0115576171875 0.3753520208604954 0.0231103515625 0.28014993481095174
0 0.0766064453125 0.22063885267275096 0.153212890625 0.03623207301173403
0 0.17380859375 0.13904823989569753 0.0269970703125 0.03209256844850065
0 0.2544970703125 0.08654498044328553 0.0521533203125 0.046897001303780966
0 0.3218408203125 0.0479986962190352 0.029912109375 0.027966101694915254
0 0.3758154296875 0.025078226857887874 0.344775390625 0.043148631029986964
0 0.4134619140625 0.29279009126466754 0.1028369140625 0.1277574967405476
0 0.28232421875 0.26904823989569754 0.1004296875 0.15249674054758802
0 0.28224609375 0.4589895697522816 0.082236328125 0.10665580182529336
0 0.40984375 0.47295306388526726 0.099755859375 0.14886571056062584
0 0.6335009765625 0.40904172099087355 0.0143212890625 0.6316297262059973
0 0.3835791015625 0.5660169491525424 0.485322265625 0.11820730117340288
0 0.69701171875 0.6222750977835724 0.070859375 0.038937418513689696
0 0.712353515625 0.9068644067796611 0.00982421875 0.045443285528031285
0 0.7236279296875 0.8461538461538461 0.02767578125 0.024947848761408084
0 0.7206884765625 0.828181225554107 0.014755859375 0.01908083441981747
0 0.861083984375 0.3444393741851369 0.1529150390625 0.0628683181225554
0 0.917373046875 0.2521968709256845 0.1652587890625 0.11759452411994784
0 0.94404296875 0.35350717079530636 0.0504638671875 0.6794524119947849
0 0.7321630859375 0.18823337679269883 0.084248046875 0.025176010430247718
0 0.720478515625 0.15870273794002607 0.1094873046875 0.029752281616688397
0 0.7149462890625 0.3934941329856584 0.10658203125 0.033024771838331156
0 0.719287109375 0.27591264667535853 0.108583984375 0.029282920469361148
0 0.6162744140625 0.22072359843546283 0.014375 0.05240547588005215
0 0.586298828125 0.21895697522816165 0.0113427734375 0.048859191655801826
0 0.5047412109375 0.1208148631029987 0.0114013671875 0.16166232073011735
0 0.5017626953125 0.3230834419817471 0.0089453125 0.14295958279009127
0 0.50052734375 0.49357887874837025 0.0064794921875 0.16846153846153847
0 0.50169921875 0.6098370273794003 0.0135009765625 0.030840938722294656
0 0.497021484375 0.72877444589309 0.0135009765625 0.08129726205997392
0 0.496494140625 0.7976336375488917 0.011748046875 0.034732724902216426
0 0.379580078125 0.8171512385919165 0.02662109375 0.020664928292046934
0 0.5721875 0.9541395045632335 0.0176123046875 0.015071707953063887
0 0.6028955078125 0.9514863102998695 0.017021484375 0.01833767926988266
0 0.83275390625 0.755645371577575 0.0205126953125 0.016453715775749674
0 0.324130859375 0.6607301173402867 0.0373876953125 0.06234680573663624
0 0.5555712890625 0.740664928292047 0.014794921875 0.07228813559322034
0 0.555283203125 0.8580704041720991 0.0060205078125 0.11967405475880052
0 0.4942236328125 0.8796284224250326 0.010244140625 0.04409387222946545
0 0.4291845703125 0.8711994784876141 0.0065087890625 0.014752281616688396
0 0.395498046875 0.8716688396349414 0.0373974609375 0.01880704041720991
0 0.4291845703125 0.9545567144719687 0.0392626953125 0.0908800521512386
0 0.3447314453125 0.9685071707953065 0.0107373046875 0.009452411994784877
0 0.701259765625 0.5132203389830509 0.101455078125 0.010958279009126467
0 0.757119140625 0.4978357235984354 0.010263671875 0.012998696219035204
0 0.684306640625 0.4591851368970013 0.0043701171875 0.09655149934810953
0 0.684189453125 0.5609061277705345 0.006474609375 0.08290743155149935
0 0.724423828125 0.5596805736636244 0.044833984375 0.07572359843546284