0 0.22881058411154542 0.0685703567847173 0.02754948258414135 0.05253795457770159
0 0.24864433186375642 0.2230284836055426 0.06629573844226028 0.2559163031562687
0 0.2775703871116023 0.449999227362311 0.05682219386279511 0.1970015722445908
0 0.3170190874684911 0.7510109001508328 0.10024203053662976 0.4351140800168193
0 0.5668451307681515 0.7487844958815211 0.10744874092324495 0.37234426235041934
0 0.4871520792471417 0.04289107876565404 0.0624021907120658 0.08578215753130808
0 0.5103982401180536 0.2191212913345001 0.08834129806774649 0.2782709821008708
0 0.5671619190080935 0.2789717108700681 0.0191400459514766 0.05247874298817538
0 0.5349862455560679 0.9390283558156628 0.013266474194823432 0.011699440865009783
0 0.6848809656443275 0.7888665997266874 0.033940821484144915 0.06563000420770634
0 0.7180534893723634 0.06107002235080882 0.05444531503079516 0.12214004470161764
0 0.7407254563668987 0.293834502297221 0.025127765304947813 0.06817736022627552
0 0.7531581325264977 0.46906423130941727 0.03863750534973557 0.10102641505699683
0 0.7684243146662639 0.6126884701287563 0.05094998975869812 0.18461421328463634
0 0.7718047717543698 0.7213446275984611 0.04590812779754053 0.1676759707641196
0 0.6663702461714872 0.46889638430055086 0.01701593301554418 0.019943533833505726