0 0.4747249368511533 0.02939751786906356 0.6664636822898349 0.05879503573812712
0 0.945790354019201 0.285938499372103 0.10619025616526417 0.571876998744206
0 0.8206787268177193 0.7520405684008106 0.07027339575769785 0.3469005195284602
0 0.847679746898515 0.8817321028053352 0.03488447324738367 0.07917755571697395
0 0.7895898771470833 0.05414822443350453 0.03527884111904287 0.10829644886700907
0 0.7580702152190394 0.32557911811257195 0.03679878600675696 0.18800450644563946
0 0.7058342093005501 0.5124058359449877 0.0687597930751023 0.04372203595029345
0 0.7251668397438253 0.328321645242464 0.09065320133397353 0.5922789195402708
0 0.3858703098794357 0.4840062345027283 0.5251359635643102 0.16811401148871696
0 0.13486450297399477 0.29340172871209724 0.12319830249994762 0.5868034574241945
0 0.09026251435248146 0.07502857993349087 0.10842117214775135 0.07556616763802675
0 0.09067471385261582 0.12417412885297745 0.061283185261369555 0.2483482577059549
0 0.05658009185329174 0.028219576604438117 0.03222292041915325 0.056439153208876235
0 0.12384621743685445 0.00770810941274356 0.045004117061599125 0.01541621882548712
0 0.19043934567421622 0.03992602399957341 0.058217575842137305 0.07985204799914682
0 0.1799922464480399 0.1720328894908164 0.06838368713738714 0.12746398848251464
0 0.35224528653226644 0.2606835264357503 0.11246438292533409 0.04714502825892551
0 0.33899933559733714 0.2982445337165703 0.07642115530823156 0.02938312965350202
0 0.48004401079411746 0.22257998272713891 0.1637260860349343 0.17824765473749338
0 0.40398156010059466 0.07455794019700665 0.1677228293314825 0.07128120318531687
0 0.2504550655731408 0.028030974050270545 0.026043608807305142 0.05606194810054109
0 0.2764173562886356 0.07598714799865325 0.038562637205139125 0.09784694476258636
0 0.6274599068734354 0.3911070615981935 0.026826257239308742 0.10067902635718375
0 0.34062751320754586 0.6799981300722471 0.16078658893143466 0.06605251683721146
0 0.3259044834579088 0.792965380349098 0.14942991631134742 0.060411418098875146
0 0.38191874314751567 0.8610443382878614 0.6119914857237181 0.207633748646029
0 0.7510610545301176 0.917581155977634 0.12160779577974411 0.033598900753634885
0 0.051347642184654076 0.7060052678407448 0.08900105681921203 0.42849774444980115
0 0.03899305067445458 0.8634807493572165 0.07798610134890915 0.075135486868791
0 0.11094451751975895 0.743969858625096 0.0836917510777296 0.06016882779715153
0 0.1521859814292331 0.7600846583569265 0.05164998366994468 0.12328475414039196
0 0.1369001631715685 0.8973212162392636 0.01910128109594256 0.03516200449138497