0 0.5365138592750534 0.7511528944293853 0.03731343283582089 0.3959365219629957
0 0.43896588486140725 0.3208085971257259 0.04317697228144989 0.0973390824554304
0 0.36593816631130066 0.38746099971565534 0.029850746268656716 0.07543867625985516
0 0.4968017057569296 0.1461344645650337 0.03837953091684435 0.2922689291300674
0 0.6703091684434968 0.6218426167956094 0.036780383795309166 0.03263885329352011
0 0.6916311300639659 0.9061751862559083 0.027185501066098083 0.02960560356774862
0 0.2126865671641791 0.4833327649818656 0.06130063965884861 0.15743702519480324
0 0.5906183368869936 0.11303743457587793 0.028784648187633263 0.22607486915175587
0 0.4256396588486141 0.5261135617258597 0.03251599147121535 0.09990422758444031
0 0.3853944562899787 0.5266687428524516 0.01812366737739872 0.11779025043168036
0 0.6234008528784648 0.7344876021595902 0.025053304904051173 0.1611727636476815