0 0.5342187193954447 0.7431208703225892 0.6806708970744041 0.49364657131648265
0 0.6297580863069042 0.1394762303519256 0.7097461224681588 0.2789524607038512
0 0.04004973243315997 0.677068803782824 0.08009946486631994 0.4623846596118881
0 0.10893080000811209 0.3792771161329615 0.08409264891002889 0.3831520341209157
0 0.32370572362196515 0.10185218715245205 0.06467871669049594 0.2037043743049041
0 0.9581035081925786 0.17330124058841323 0.055163222010007965 0.2533428964710667
0 0.6345729645570118 0.47093011658029943 0.1800729223506724 0.0671596091331189
0 0.8430032095286555 0.7229158336476385 0.04799965296428878 0.08901701043382847
0 0.9423595049738986 0.531742603055665 0.08500347104833943 0.3544959207888193
0 0.908858228003196 0.730436504465398 0.1026810703545824 0.08541682051290979
0 0.8988076478077724 0.7924020674485441 0.03597288375747156 0.10075565717267802
0 0.6572959954184889 0.3793334741969781 0.057112000570862256 0.2957983284402756
0 0.10441256979931157 0.7392449786489012 0.16140122334274803 0.07927173740179547
0 0.13647539224900165 0.6065565491953925 0.14973768657323375 0.08419432447545497