0 0.1220166015625 0.5013037809647979 0.0676025390625 0.9973924380704041
0 0.5070751953125 0.5 0.0760009765625 1
0 0.346787109375 0.021812255541069102 0.01541015625 0.031069100391134287
0 0.36119140625 0.20046936114732725 0.010859375 0.3924380704041721
0 0.348603515625 0.3853063885267275 0.0129833984375 0.05351368970013038
0 0.4248779296875 0.187522816166884 0.010849609375 0.3422490221642764
0 0.423740234375 0.502444589308996 0.013125 0.2169230769230769
0 0.42275390625 0.665645371577575 0.009638671875 0.05337679269882659
0 0.4232861328125 0.8285332464146024 0.012216796875 0.21718383311603653
0 0.362861328125 0.9379139504563233 0.0081298828125 0.12416558018252934
0 0.359375 0.5565058670143416 0.0140087890625 0.04950456323337679
0 0.2855322265625 0.5905606258148631 0.020283203125 0.02997392438070404
0 0.299931640625 0.8770860495436766 0.043017578125 0.024778357235984354
0 0.170185546875 0.9303846153846154 0.0071875 0.010423728813559323
0 0.208115234375 0.8530182529335072 0.0095361328125 0.009784876140808344
0 0.2447998046875 0.771232073011734 0.00791015625 0.01013037809647979
0 0.295703125 0.6573859191655802 0.032529296875 0.021929595827900914
0 0.336689453125 0.654986962190352 0.009365234375 0.010254237288135593
0 0.310224609375 0.6283898305084746 0.0259130859375 0.0336245110821382
0 0.27615234375 0.46415906127770534 0.0088623046875 0.020221642764015644
0 0.2919140625 0.32122555410691006 0.040390625 0.015664928292046937