0 0.7832861328125 0.21266623207301175 0.016796875 0.0711212516297262
0 0.7778662109375 0.4114471968709257 0.021259765625 0.16956323337679272
0 0.766591796875 0.7238135593220338 0.0140234375 0.14304432855280313
0 0.48216796875 0.9572881355932203 0.009990234375 0.06759452411994785
0 0.502158203125 0.9552998696219036 0.0068798828125 0.039015645371577576
0 0.47642578125 0.8903715775749673 0.00587890625 0.04546936114732725
0 0.3937353515625 0.843096479791395 0.0117333984375 0.09005867014341591
0 0.432080078125 0.7617079530638853 0.052197265625 0.04087353324641461
0 0.434169921875 0.4789439374185137 0.0485791015625 0.033839634941329855
0 0.4266552734375 0.17756844850065187 0.0448974609375 0.03311603650586701
0 0.4049267578125 0.07635593220338983 0.0673779296875 0.14683833116036507
0 0.5324951171875 0.34607561929595826 0.028271484375 0.04734028683181226
0 0.5227197265625 0.24845501955671448 0.02248046875 0.0442503259452412
0 0.5818017578125 0.17803780964797916 0.0198193359375 0.04351368970013038
0 0.5456103515625 0.08157757496740548 0.0162158203125 0.04559322033898305
0 0.59091796875 0.05479139504563233 0.0534130859375 0.10371577574967406
0 0.2428173828125 0.9748500651890483 0.0090380859375 0.0393089960886571
0 0.259833984375 0.9819491525423728 0.01470703125 0.025110821382007823
0 0.2815576171875 0.9551629726205998 0.017744140625 0.0794393741851369
0 0.3040673828125 0.97248370273794 0.0074267578125 0.05161016949152542
0 0.26912109375 0.7417275097783572 0.03052734375 0.0558148631029987
0 0.28166015625 0.27807692307692305 0.075380859375 0.022092568448500653
0 0.299462890625 0.12766623207301173 0.00955078125 0.05256844850065189
0 0.710078125 0.3047653194263364 0.054736328125 0.018676662320730116
0 0.65966796875 0.35131029986962187 0.013193359375 0.029413298565840938
0 0.6755126953125 0.38628422425032594 0.0172265625 0.04350717079530639
0 0.696103515625 0.4277379400260756 0.0208349609375 0.04311603650586701
0 0.72009765625 0.47908083441981747 0.0284130859375 0.061558018252933513
0 0.6279443359375 0.5696936114732725 0.0284423828125 0.051564537157757495
0 0.5657763671875 0.9160691003911343 0.0264013671875 0.03722946544980443
0 0.5350439453125 0.9272881355932203 0.0163525390625 0.024634941329856583
0 0.5348681640625 0.9720990873533246 0.011650390625 0.03569752281616688
0 0.561025390625 0.9791525423728813 0.0250634765625 0.03749674054758801
0 0.761962890625 0.8177379400260757 0.0133544921875 0.02419817470664928
0 0.6737060546875 0.9438461538461538 0.018291015625 0.03314863102998696