0 0.2227197265625 0.1865840938722295 0.044189453125 0.37317470664928293
0 0.22953125 0.549980443285528 0.0420068359375 0.351271186440678
0 0.23501953125 0.8607692307692308 0.039443359375 0.2705736636245111
0 0.464873046875 0.06361799217731422 0.0095654296875 0.12402868318122555
0 0.47484375 0.225625814863103 0.0084375 0.08534550195567144
0 0.4691259765625 0.43087353324641464 0.0258935546875 0.011584093872229466
0 0.4716455078125 0.6053389830508474 0.0080615234375 0.07820730117340287
0 0.507685546875 0.6244850065189048 0.024775390625 0.019035202086049544
0 0.5057275390625 0.8488396349413297 0.0226708984375 0.01966101694915254
0 0.4687548828125 0.986212516297262 0.010244140625 0.018116036505867014
0 0.643662109375 0.05573011734028683 0.021416015625 0.10924380704041722
0 0.6397509765625 0.19486962190352022 0.0225244140625 0.16046936114732724
0 0.636474609375 0.3292959582790091 0.018330078125 0.08772490221642763
0 0.633955078125 0.42248370273794006 0.0185595703125 0.04604302477183833
0 0.6322998046875 0.5404823989569753 0.02126953125 0.1403780964797914
0 0.6336572265625 0.6980573663624511 0.0061181640625 0.08078878748370275
0 0.6223291015625 0.8927770534550196 0.0135205078125 0.20498044328552803
0 0.71267578125 0.12027379400260756 0.043740234375 0.2405475880052151
0 0.7049267578125 0.35255541069100393 0.042685546875 0.22366362451108215
0 0.6995458984375 0.5383702737940026 0.0391455078125 0.14620599739243806
0 0.6941650390625 0.6819426336375488 0.0386181640625 0.1419882659713168
0 0.689951171875 0.8366101694915253 0.0380126953125 0.1670013037809648
0 0.68619140625 0.9577835723598436 0.0365087890625 0.07579530638852673
0 0.5139892578125 0.14653846153846153 0.02640625 0.012855280312907431
0 0.516123046875 0.39348761408083444 0.015732421875 0.01500651890482399