0 0.3830126953125 0.4388722294654498 0.01869140625 0.8771056062581486
0 0.4265380859375 0.8510495436766623 0.062919921875 0.0527509778357236
0 0.43236328125 0.5797913950456324 0.062685546875 0.05703389830508474
0 0.432841796875 0.29709908735332463 0.044609375 0.04102346805736636
0 0.511328125 0.041701434159061274 0.011298828125 0.07959582790091264
0 0.4995556640625 0.1490091264667536 0.07099609375 0.02746414602346806
0 0.5049072265625 0.2785071707953064 0.0222412109375 0.18483702737940028
0 0.529521484375 0.19964146023468057 0.0357958984375 0.05568448500651891
0 0.7636767578125 0.6104106910039113 0.0164990234375 0.12780964797913952
0 0.6407177734375 0.6717731421121251 0.1770849609375 0.3231812255541069
0 0.2889501953125 0.8792633637548891 0.027978515625 0.11893089960886571
0 0.302509765625 0.9045045632333768 0.016259765625 0.08367666232073012
0 0.7832958984375 0.23670143415906128 0.02845703125 0.4378031290743155
0 0.3143994140625 0.2898109517601043 0.0360595703125 0.2677900912646676