0 0.5172251402326765 0.08243227457604162 0.04565190979325537 0.16486454915208323
0 0.564998577926458 0.32016402178001757 0.05863804994826301 0.25686627118416144
0 0.601340852167056 0.502571705148535 0.018787384861412897 0.05659714708406304
0 0.6416473409257619 0.7002578070145515 0.06837846081333267 0.29843015084864194
0 0.6851930914004446 0.9244547325886937 0.019036310916853115 0.06612095660787226
0 0.6756539217225059 0.8809826197940549 0.03320402789879891 0.06283041186957761
0 0.7796989355898845 0.692040432324977 0.04838360724568316 0.039823849096883565
0 0.749995219465749 0.6759414698856097 0.016477550921679116 0.02665330117288404
0 0.8901788329525647 0.5836768492413461 0.020906479327909077 0.040290405008589894
0 0.8926761402033766 0.3285035696926405 0.026329489666545622 0.03353121870105291
0 0.8614223034537513 0.3505196338852832 0.048579192003528684 0.04730684229416248
0 0.7300642089095868 0.3712725712465331 0.032268132548594015 0.04649992354997835
0 0.7692012124694229 0.3488550265354756 0.04209744557632073 0.09146516375867654
0 0.7563807526364827 0.2577796969512066 0.048485444556263475 0.08267307653931764
0 0.7562013152300888 0.08529707684685756 0.04780494283546078 0.09559033119263607
0 0.7453068093315552 0.16532997117351017 0.032819325957068685 0.0675883589241281
0 0.7348172084495874 0.221885562330352 0.026738439614768773 0.04917747720445427
0 0.6932572423643197 0.4048987749240913 0.03460705977942887 0.0580803802297362
0 0.6588045500483888 0.3629811340075047 0.03531180950672496 0.06556733113436947
0 0.6214948753159071 0.3091785197229281 0.04001875725949575 0.07036485526246368
0 0.5863552137052116 0.26046211542526043 0.03418679697263629 0.06147778306659938
0 0.5580480618877449 0.21985752623810811 0.025157603408824003 0.04712478775586045
0 0.722430790091219 0.5176201230633675 0.05270100777211581 0.08814691506890113
0 0.7174231864830408 0.45267986176661323 0.07739469764576908 0.05909309975634852
0 0.566823516486687 0.5848294491936976 0.06078137083779972 0.04672155516182442
0 0.4965773422797813 0.6153135221587508 0.02309669552453067 0.026704751368491205
0 0.53351523942673 0.6061810721069143 0.024026123300773587 0.02331130623898222
0 0.28608449034407063 0.492094377079199 0.03463130778592203 0.07848458578768798
0 0.32409811445089765 0.6312830141457026 0.038804842562749915 0.06287394665047608
0 0.3170781097631384 0.6939353291843328 0.03278376509200586 0.06622781470644094
0 0.31046058744964056 0.7525020538625472 0.022244857052375142 0.05254321838248227
0 0.30503596561337654 0.8079976597825799 0.025809011838525738 0.05257092233396303
0 0.29953133183072106 0.8604320412128166 0.025844572703588677 0.053931466551650105
0 0.29675598364991534 0.91012356681723 0.022629558994105136 0.047785271327932165
0 0.2831847223024497 0.9656824960549326 0.045986493432645575 0.06497017087996788
0 0.34740655287645206 0.6072874780905225 0.04581515668129286 0.0778913832406409
0 0.37521100729843043 0.6676278738488461 0.04272460599952942 0.07650709277882757
0 0.4000994815769789 0.7235682682901361 0.03373097330078031 0.0635146416857758
0 0.4231347567323262 0.776801426271792 0.02904180598054081 0.05939738966652481
0 0.44707278901511943 0.8256049001312563 0.029497629652396443 0.05736053104734855
0 0.4722570630727408 0.8733780715590694 0.033695412435717366 0.062154097468088726
0 0.495712601034881 0.9232059112891532 0.030024575054378073 0.05804476086354674
0 0.5223621384869926 0.9685862572139509 0.03199011320205272 0.05533950325758999
0 0.18120139508886263 0.8827847373086384 0.0873177581207611 0.06869210571989132
0 0.10727460659759148 0.12946473654324156 0.0410306196244345 0.0506488372280643
0 0.14614733710348632 0.1846160219234421 0.05651408861370669 0.09769842854419133
0 0.18293653400794807 0.25747417067034656 0.05573821715628501 0.08749038920418385
0 0.2140360140858015 0.32697449365393166 0.05575599758881642 0.08817066131302738
0 0.25054719164372186 0.4086801375231565 0.053885829177760636 0.1140012129123099
0 0.6666117174686871 0.07714811707258726 0.052894970240608206 0.03713838002769893
0 0.1614529909757179 0.11747663600598156 0.02870397776244342 0.04647221959849768
0 0.1882649749629165 0.14958771810097563 0.029651185971217863 0.043759046577832306
0 0.21270570464119815 0.1786553853892685 0.027525623930760225 0.040341855204197065
0 0.23798130350378072 0.21043820455190398 0.03490285955850181 0.0499210726309681
0 0.26227413329252597 0.24358948334693536 0.02706980025890453 0.042378713823373326
0 0.2867415336196048 0.2736775587984936 0.029053118839110475 0.04035372832626027
0 0.30825739293819077 0.2980050887153309 0.0221317068832247 0.028737652280312963
0 0.3225382600892867 0.3183063938820684 0.018058387127623886 0.028705990621477856
0 0.3684633223610228 0.30229998400941743 0.02018394916808158 0.0321231819951131
0 0.3698962370939786 0.09408328965401068 0.02684512220995747 0.053259109857515495
0 0.3642849207161345 0.14243603843118613 0.01992371025407158 0.041643033811568274
0 0.3580456327704051 0.17650505177632447 0.02020819717457462 0.052527387553064867
0 0.3570168011176118 0.2248221811873104 0.025139822976292706 0.04644451564701692
0 0.35306309910512296 0.2683991732268407 0.02508648167869836 0.0444036993204863
0 0.3501632878965971 0.3133287940693493 0.024085932172329565 0.045076056014621065
0 0.3468165432324813 0.36064332500016466 0.025809011838525738 0.05257092233396318
0 0.33756106012209497 0.4059625532390249 0.029035338406579063 0.039673456217416574
0 0.33852120347879266 0.44269724711657593 0.022487315533853615 0.042343094457183865
0 0.33467095027451166 0.48048994737725903 0.018709795557325506 0.03415212519958066
0 0.33246053100305445 0.5128266187914534 0.0202195100331444 0.03348372621280017
0 0.3200433754807788 0.5540879606213789 0.036216989276474834 0.0417696804469087