0 0.1158349609375 0.5022359843546284 0.0617431640625 0.9949087353324642
0 0.5090283203125 0.5 0.0799072265625 1
0 0.2902197265625 0.20248370273794003 0.041826171875 0.0175619295958279
0 0.2926220703125 0.49714471968709256 0.0449755859375 0.027548891786179922
0 0.302890625 0.781173402868318 0.0323876953125 0.031734028683181224
0 0.2262109375 0.8345567144719688 0.1208349609375 0.33088657105606256
0 0.4247998046875 0.9335071707953064 0.011201171875 0.13297913950456325
0 0.4223974609375 0.7332398956975228 0.0118212890625 0.2167014341590613
0 0.690361328125 0.7207561929595828 0.1663623046875 0.29031942633637553
0 0.7941259765625 0.5012190352020861 0.0422998046875 0.9975684485006518
0 0.3867041015625 0.94622555410691 0.0616796875 0.10754889178617992
0 0.35689453125 0.3505149934810952 0.0112060546875 0.12124511082138201
0 0.41974609375 0.2994132985658409 0.0060595703125 0.05663624511082138