0 0.0139990234375 0.1355671447196871 0.0181494140625 0.0323142112125163
0 0.05103515625 0.21970013037809646 0.0197802734375 0.029067796610169495
0 0.1282470703125 0.07355280312907432 0.0322119140625 0.024341590612777055
0 0.3038916015625 0.11003911342894394 0.28498046875 0.07410039113428944
0 0.3099853515625 0.04569752281616688 0.18705078125 0.056323337679269884
0 0.1939208984375 0.5782594524119947 0.0450732421875 0.03307040417209908
0 0.2807421875 0.5363559322033898 0.0510888671875 0.03953063885267275
0 0.381611328125 0.4817535853976532 0.03962890625 0.027040417209908733
0 0.3847509765625 0.5977249022164276 0.07294921875 0.08489569752281616
0 0.27431640625 0.6282855280312907 0.032060546875 0.10216427640156453
0 0.18474609375 0.7163037809647979 0.008818359375 0.013859191655801826
0 0.21091796875 0.7056714471968709 0.0149462890625 0.01966101694915254
0 0.217333984375 0.6707953063885267 0.0162451171875 0.018252933507170794
0 0.2450048828125 0.6771773142112125 0.0126611328125 0.01683181225554107
0 0.275087890625 0.6879400260756192 0.01583984375 0.019022164276401566
0 0.37294921875 0.7196544980443286 0.1584423828125 0.061818774445893086
0 0.341875 0.7895697522816167 0.062119140625 0.08205345501955671
0 0.1998583984375 0.9028292046936115 0.03609375 0.01938722294654498
0 0.02515625 0.41739243807040416 0.0221044921875 0.08143415906127771
0 0.0660107421875 0.4474445893089961 0.017890625 0.02548239895697523
0 0.026552734375 0.49425032594524115 0.020078125 0.02882007822685789
0 0.0385302734375 0.7553911342894394 0.02470703125 0.4892112125162973
0 0.3384912109375 0.9013428943937419 0.15423828125 0.07186440677966101
0 0.14767578125 0.827529335071708 0.0276025390625 0.018376792698826597
0 0.4662255859375 0.2369947848761408 0.0239794921875 0.022392438070404173
0 0.419677734375 0.30372229465449807 0.02048828125 0.03849413298565841
0 0.3563720703125 0.30977183833116034 0.0142041015625 0.03769882659713168
0 0.258544921875 0.3959713168187744 0.044287109375 0.033435462842242504
0 0.221943359375 0.3109973924380704 0.0112451171875 0.0878748370273794
0 0.4722314453125 0.11305736636245112 0.014873046875 0.21554106910039111
0 0.589765625 0.16561277705345503 0.0676416015625 0.02482398956975228
0 0.6147802734375 0.04892438070404172 0.1238525390625 0.01893089960886571
0 0.765341796875 0.11184485006518904 0.160791015625 0.07770534550195567
0 0.8168994140625 0.10867014341590613 0.01572265625 0.21708604954367666
0 0.7039111328125 0.20899608865710562 0.0209326171875 0.030873533246414602
0 0.9024658203125 0.4208148631029987 0.0256396484375 0.02508474576271186
0 0.936025390625 0.459348109517601 0.027099609375 0.24400912646675357
0 0.7564599609375 0.5149348109517601 0.155380859375 0.11533246414602347
0 0.79333984375 0.7969817470664928 0.027529296875 0.40603650586701434
0 0.7095166015625 0.9001890482398958 0.094716796875 0.11855280312907432
0 0.7309619140625 0.720045632333768 0.121376953125 0.11161016949152543
0 0.703916015625 0.8226923076923077 0.07115234375 0.039015645371577576
0 0.799130859375 0.8568578878748371 0.0149609375 0.02157105606258149
0 0.5810400390625 0.6019035202086049 0.0566357421875 0.03819426336375489
0 0.4617919921875 0.638096479791395 0.0220654296875 0.03144067796610169