0 0.6142236328125 0.19274445893089961 0.0544970703125 0.12526727509778357
0 0.6611572265625 0.3474315514993481 0.0830029296875 0.12521512385919167
0 0.5221337890625 0.4675554106910039 0.0367041015625 0.12150586701434159
0 0.8032861328125 0.7775619295958279 0.15697265625 0.44487614080834426
0 0.7773291015625 0.9813559322033899 0.0582568359375 0.03729465449804433
0 0.7168798828125 0.9915775749674054 0.016767578125 0.01561929595827901
0 0.5831005859375 0.7284093872229466 0.0246728515625 0.02941981747066493
0 0.447294921875 0.8479530638852673 0.0409375 0.023220338983050846
0 0.382724609375 0.8592894393741852 0.03275390625 0.01739243807040417
0 0.2902783203125 0.8796610169491526 0.1202099609375 0.03707953063885267
0 0.37326171875 0.9747913950456323 0.0479638671875 0.01921773142112125
0 0.3021435546875 0.991883963494133 0.0185302734375 0.016232073011734027
0 0.301630859375 0.9123663624511081 0.016630859375 0.061029986962190357
0 0.3464013671875 0.9172620599739243 0.01353515625 0.040097783572359845
0 0.49400390625 0.8951368970013038 0.0162890625 0.12501955671447196
0 0.135576171875 0.9098109517601044 0.096513671875 0.1803780964797914
0 0.1676416015625 0.9060495436766624 0.038857421875 0.021720990873533248
0 0.32849609375 0.740045632333768 0.1347119140625 0.04154498044328553