0 0.2276513671875 0.37873533246414604 0.0306396484375 0.4014602346805737
0 0.4336376953125 0.8906649282920469 0.02603515625 0.12995436766623206
0 0.143369140625 0.7046153846153846 0.022685546875 0.11177314211212516
0 0.1521826171875 0.9172620599739243 0.0155029296875 0.02101043024771838
0 0.3466162109375 0.7839308996088656 0.0204443359375 0.036779661016949156
0 0.3653515625 0.6984550195567145 0.0226611328125 0.048748370273794
0 0.6308984375 0.07840938722294655 0.020830078125 0.05709256844850065
0 0.56326171875 0.6423924380704041 0.0058203125 0.18780964797913952
0 0.629462890625 0.7029139504563233 0.01546875 0.08569752281616688
0 0.46421875 0.9005280312907432 0.023203125 0.10086049543676662
0 0.6555126953125 0.9739113428943937 0.0333544921875 0.04190352020860495
0 0.433515625 0.04380052151238592 0.0229150390625 0.025541069100391132