0 0.47750431620021055 0.09438299844037326 0.061351277110845245 0.035830968865924774
0 0.485838442059001 0.4012302004847497 0.05905600263030921 0.04693588593724451
0 0.49319275477366825 0.694697825719763 0.05596055032462617 0.04068788495811434
0 0.5451486985833615 0.7912173823704503 0.024694001521169837 0.045989334064731824
0 0.5012075946606631 0.9689431911835056 0.053085551612540104 0.047089684245296054
0 0.5574812127424954 0.9909537440901988 0.011547656543901667 0.01809251181960241
0 0.5796640371871945 0.949540747394763 0.018481558485299705 0.10091850521047407
0 0.606721679700499 0.9254556423579948 0.030444415749573628 0.0617715657754718
0 0.3346347700043762 0.7648904923775814 0.016949986150836403 0.0586222724213168
0 0.3542191878151217 0.6176545999501599 0.009843292311399233 0.050701393083861575
0 0.3097613077174589 0.3372986801857409 0.026166309339359643 0.04478577130529543
0 0.2961730135424173 0.2573585794277506 0.03800320279268863 0.06707199432183213
0 0.3879303551047192 0.10998421976161854 0.00921715679698676 0.04333515945418417
0 0.5336960893306857 0.09121480205597839 0.01155967616884898 0.0920650187986094
0 0.5650022398449543 0.4166477381121978 0.050243761843448066 0.7408829682977146
0 0.6295838605145234 0.5664335720110381 0.03337742856523757 0.058698661295214186
0 0.6318921966305864 0.656044839898963 0.017564102040301333 0.03673689680450681
0 0.851378406207722 0.9936983629436635 0.01278832475201049 0.01260327411267289
0 0.8522964540101811 0.7786149842488866 0.017333296038684103 0.10917880843211868
0 0.8601908553966989 0.34618260759445435 0.012057347046926063 0.034936023282848214
0 0.8599753696049962 0.27669403623862954 0.013680491534419066 0.042387587021414555
0 0.8604945789075773 0.10655327750522671 0.018097831793220356 0.06736272902820854