0 0.7198442287631924 0.24441014789003276 0.15412470620920893 0.4089012898331549
0 0.722951191044832 0.441110719109926 0.06839618691659596 0.0799125636949912
0 0.24699417099278131 0.2195683601292181 0.130372878431252 0.2694141613465974
0 0.4859560880678491 0.5051906990090704 0.07627760830578743 0.1315434931865029
0 0.5367450814989844 0.6018729961263929 0.04654722636446214 0.06594418820841604
0 0.6070174621262959 0.7253369918728457 0.03562274608839528 0.058960000465128545
0 0.33126072082064495 0.40450087000835816 0.013107204189873684 0.016927737142474118
0 0.26622454892607195 0.37523759455125283 0.009945981850569153 0.01673121499670301
0 0.2797348992673915 0.4202128426843252 0.01323622834933542 0.019037441783824327
0 0.34708820611125174 0.4573263397447477 0.010128787815222027 0.011138089644064377
0 0.36523795236217865 0.6167814817818532 0.1344480436388257 0.2759725511073809
0 0.051653497910288976 0.5184738948275769 0.05470789575667071 0.24229237474657436
0 0.06714756209520893 0.608758662213236 0.05784800536687687 0.08766355475019325
0 0.15075799998623876 0.8773674497055792 0.058192156747103346 0.05896193941558808
0 0.21678340058084913 0.905641380223933 0.021322090162249622 0.013935621795613225
0 0.20028929046635696 0.8419157698405674 0.09369656547307896 0.14173366474313306
0 0.3019158461677905 0.9540691822110795 0.10120186204591314 0.09186163557784092
0 0.4885739750467302 0.6381097950992594 0.07401964203771014 0.1117874091519774
0 0.5277662591144064 0.8069295322090527 0.08004094338924665 0.14158530365857516
0 0.5619963260088353 0.9420439387187799 0.08789021743231684 0.11591212256244021
0 0.4810787565859715 0.9209998486259274 0.13065264816424044 0.15800030274814506
0 0.3890860917460068 0.9255747011330598 0.14814693464079776 0.1488505977338804