0 0.33713355048859933 0.4325131963123942 0.035830618892508145 0.8650263926247884
0 0.3952225841476656 0.019090260118302536 0.08686210640608034 0.03818052023660507
0 0.3927795874049946 0.33070381197422793 0.05808903365906623 0.06657079126617346
0 0.1739956568946797 0.9031925012250045 0.05971769815418024 0.13834786749427846
0 0.44245385450597174 0.8672276246981905 0.04451682953311618 0.11480530095950268
0 0.4522258414766558 0.9481593702281121 0.021715526601520086 0.08166536420081796
0 0.7209554831704669 0.939362082445889 0.04777415852334419 0.088794236024408
0 0.6739956568946797 0.6574851716605926 0.05808903365906623 0.034686733295158964
0 0.754614549402823 0.6719112027172301 0.03908794788273615 0.3487367859962548
0 0.6316503800217155 0.19187267645638728 0.21009771986970685 0.38374535291277456
0 0.7795874049945711 0.040157968571169766 0.0249728555917481 0.08031593714233953
0 0.23968512486427795 0.43318376002477677 0.01248642779587405 0.07130541050242685
0 0.42643865363735073 0.7444123525354239 0.018458197611292075 0.05115469000547786
0 0.22285559174809988 0.019887944664899942 0.06568946796959826 0.039775889329799884
0 0.5366449511400652 0.4929316437090267 0.13572204125950055 0.2444664972696046