0 0.0983740234375 0.0796870925684485 0.040458984375 0.15302477183833116
0 0.107880859375 0.5923272490221643 0.0535302734375 0.8153455019556715
0 0.4078076171875 0.5033963494132986 0.0561962890625 0.9932007822685789
0 0.4540478515625 0.09353976531942634 0.0117041015625 0.1806910039113429
0 0.45228515625 0.3178357235984355 0.0092431640625 0.16318774445893092
0 0.448759765625 0.6689243807040418 0.0100341796875 0.46673402868318126
0 0.448896484375 0.9652542372881356 0.0120361328125 0.0694980443285528
0 0.519404296875 0.12000000000000001 0.0126611328125 0.0835658409387223
0 0.513388671875 0.36423076923076925 0.010546875 0.24354628422425034
0 0.5158837890625 0.5414471968709257 0.013056640625 0.02267926988265971
0 0.5114599609375 0.6319882659713169 0.0160009765625 0.05817470664928292
0 0.50966796875 0.7280443285528031 0.0155126953125 0.06916558018252933
0 0.5069384765625 0.8434615384615384 0.01759765625 0.07271838331160364
0 0.5028125 0.9539308996088657 0.017333984375 0.09213820078226859
0 0.602900390625 0.911297262059974 0.02189453125 0.03439374185136897
0 0.583486328125 0.9772359843546283 0.023486328125 0.045528031290743155
0 0.6269091796875 0.8511016949152542 0.0374365234375 0.08090612777053455
0 0.645595703125 0.7937940026075619 0.017080078125 0.022216427640156453
0 0.8356396484375 0.10672750977835724 0.0286328125 0.2070599739243807
0 0.817685546875 0.5970338983050848 0.058681640625 0.8059256844850065