0 0.5798795019781644 0.4652071351288313 0.2039684509534908 0.9304142702576625
0 0.5230455252595417 0.2599687492277597 0.07927664009645959 0.0840830109675753
0 0.5357766774411646 0.5603129132936573 0.06970763813021581 0.06735601147159821
0 0.48034646050593116 0.49337128283609233 0.07521775143890715 0.17433410377252878
0 0.7268269555053521 0.47818730795057246 0.07221832567689446 0.13614250847971074
0 0.20810013237359262 0.6660556221068664 0.0710848256816149 0.1340565066490949
0 0.22492344426392177 0.919133061450582 0.03873272350552943 0.11955226826180668
0 0.24480352617706655 0.8819586853719679 0.02231321204521634 0.021048340986438475
0 0.624821266328836 0.2890084945866911 0.03863892761968352 0.10289663689295783
0 0.5481628511833901 0.7974202569494009 0.07046550021441395 0.05609411729650463
0 0.4869121766543173 0.7965259692645335 0.06677702630900317 0.03782690388462376