0 0.59060546875 0.26239895697522814 0.0289599609375 0.1422685788787484
0 0.5501123046875 0.26696219035202085 0.03734375 0.14953063885267276
0 0.4701806640625 0.12033246414602347 0.0185107421875 0.23096479791395047
0 0.3437548828125 0.07676010430247718 0.043525390625 0.046883963494132985
0 0.38759765625 0.15315514993481094 0.008330078125 0.14001955671447197
0 0.404072265625 0.1730052151238592 0.0133544921875 0.11820078226857887
0 0.341591796875 0.40108213820078226 0.0377978515625 0.02441981747066493
0 0.4694140625 0.47383311603650585 0.021162109375 0.40668187744458933
0 0.5227490234375 0.4074511082138201 0.032880859375 0.06698826597131682
0 0.345986328125 0.6779335071707954 0.0424072265625 0.020723598435462842
0 0.3330712890625 0.8798500651890483 0.0291455078125 0.03867666232073012
0 0.3626708984375 0.9838526727509779 0.038076171875 0.03229465449804433
0 0.7256396484375 0.8647783572359843 0.0207275390625 0.0458148631029987
0 0.7747265625 0.629980443285528 0.0384521484375 0.12802477183833116
0 0.8635205078125 0.11810299869621903 0.0218505859375 0.12584745762711866
0 0.7997119140625 0.15683833116036505 0.086923828125 0.3002607561929596
0 0.2649951171875 0.6354237288135594 0.0874609375 0.16495436766623206
0 0.5798388671875 0.5407235984354629 0.0144091796875 0.011029986962190354
0 0.6107080078125 0.3784354628422425 0.0244873046875 0.08052803129074315