0 0.4942673436291487 0.0630825531215438 0.025183901917983288 0.1261651062430876
0 0.41437645042773613 0.0168043044127282 0.029415380664909445 0.0336086088254564
0 0.42475125683999193 0.09413227818892184 0.028923765828751547 0.10664647888196453
0 0.3372098572524447 0.09918587425010172 0.03602929987837652 0.07796825318055874
0 0.35111114077840216 0.014038883679099726 0.05558277148125194 0.028077767358199453
0 0.38950203065266126 0.002305558428442986 0.024617949497793633 0.004611116856885972
0 0.36096217095953104 0.186571526095242 0.028902612927709372 0.021039789143992335
0 0.39102427476894747 0.1318872926446518 0.02119874904122284 0.03992780505518838
0 0.35857398862215367 0.22926614986514746 0.02070722061374604 0.04893725489089471
0 0.40123874945410454 0.24737718061330924 0.028785019046100715 0.044693824037411935
0 0.44551157572804634 0.2702814921875724 0.025760992445121457 0.12310385864437025
0 0.5043108237280047 0.17366335638421018 0.010289460334297236 0.04047108427416064
0 0.5191249698351196 0.36011190051808784 0.03118852600500259 0.2801206789662164
0 0.45385611845781926 0.4154271169200689 0.02213880882464283 0.12351805195046127
0 0.6150803287481057 0.5142510376168206 0.03537735331511989 0.14403525296571273
0 0.656772825197327 0.5078458142618565 0.03381737875039031 0.13556218531890166
0 0.3828765844931806 0.3127445534227318 0.05544385188123879 0.04607173434578202
0 0.41410771873065166 0.6430081123619837 0.05364877596197324 0.0508039207304814
0 0.44054146500534735 0.920596657386837 0.05329616713450958 0.05356039390008254
0 0.5541864942757265 0.7487467030351477 0.042001373731361716 0.38883812437863613
0 0.19236455900934646 0.41469072085893727 0.03290917793155529 0.12922774939759388
0 0.16560488265736295 0.15328791598700345 0.01922210208513516 0.01611085165136326
0 0.3225281976050573 0.3409772229062689 0.020461499604348246 0.03639057193108354
0 0.2883896801527232 0.4451623552805268 0.019852463703944008 0.034951240904880644
0 0.3355356544382118 0.9024169826143349 0.042664544810248076 0.10980335129750249
0 0.3674726543957187 0.9687897808829299 0.013462939781470238 0.015662825747748067
0 0.7352632114742976 0.8625379235718158 0.024372142079714627 0.049222362284104315
0 0.9134343168359689 0.7049904535111275 0.0440322422746125 0.09807815791979627
0 0.8981653790499872 0.790844643253316 0.037386291279198264 0.0745939385668595
0 0.8860217866295766 0.8718886358706409 0.044523770702089294 0.08906870808409018
0 0.9450567408448393 0.5209017580923838 0.02136970042318315 0.042725007852391174
0 0.9307823004511437 0.28733532452595023 0.028816878010685568 0.1219496350113772
0 0.9095140052012332 0.28793592339485535 0.02167939858779453 0.10747486549414652
0 0.6751680156400313 0.0556805732453365 0.017020973429372845 0.0312510892703703
0 0.7845438789193816 0.10232792855116053 0.03183019854812215 0.051890479168425936