0 0.50060546875 0.39365710560625816 0.025478515625 0.38099087353324645
0 0.440263671875 0.5014797913950456 0.027978515625 0.022255541069100392
0 0.5043359375 0.7420013037809648 0.0095263671875 0.09380052151238591
0 0.4999560546875 0.8380312907431551 0.008818359375 0.0921316818774446
0 0.4807373046875 0.8273598435462842 0.00875 0.09134289439374185
0 0.4433447265625 0.7629335071707952 0.020166015625 0.024165580182529334
0 0.4126708984375 0.7510299869621903 0.02271484375 0.03911342894393742
0 0.3904052734375 0.7148891786179923 0.005224609375 0.07277705345501956
0 0.49744140625 0.635078226857888 0.0544677734375 0.05601043024771839
0 0.4759423828125 0.6996284224250326 0.02189453125 0.06598435462842242
0 0.5245849609375 0.7065906127770535 0.021494140625 0.03245762711864407
0 0.4614013671875 0.5814471968709257 0.0313427734375 0.05496740547588005
0 0.3455078125 0.5963233376792699 0.027509765625 0.05941981747066493
0 0.34029296875 0.6584680573663625 0.0189794921875 0.019237288135593222
0 0.2202197265625 0.43830508474576274 0.048291015625 0.13635593220338982
0 0.1847119140625 0.5498370273794003 0.0298779296875 0.0913689700130378
0 0.1580029296875 0.6306453715775749 0.022880859375 0.08219687092568449
0 0.13322265625 0.7014080834419818 0.0268408203125 0.08297913950456323
0 0.10931640625 0.7789048239895697 0.027275390625 0.0711342894393742
0 0.0877001953125 0.8451564537157757 0.0195654296875 0.0613102998696219
0 0.071298828125 0.9014602346805736 0.015654296875 0.05372881355932203
0 0.0567919921875 0.9416558018252934 0.012685546875 0.05426988265971317
0 0.0427880859375 0.9738657105606259 0.01404296875 0.052268578878748376
0 0.126279296875 0.16396349413298567 0.0205859375 0.028885267275097784
0 0.31705078125 0.12695567144719688 0.06423828125 0.13514993481095175
0 0.28162109375 0.2718057366362451 0.0534130859375 0.15285528031290743
0 0.427412109375 0.22065189048239897 0.052783203125 0.03576271186440678
0 0.419140625 0.791877444589309 0.0160595703125 0.0290612777053455
0 0.365400390625 0.8884485006518905 0.0189453125 0.03213168187744459
0 0.252890625 0.8708930899608865 0.02841796875 0.11533246414602347
0 0.9489404296875 0.3148305084745763 0.1021142578125 0.191251629726206
0 0.8200732421875 0.06466753585397654 0.0725244140625 0.12382007822685788
0 0.7634130859375 0.09187744458930899 0.01634765625 0.11807692307692308
0 0.773544921875 0.5433116036505867 0.0160205078125 0.05472620599739244
0 0.7593408203125 0.8977379400260757 0.016181640625 0.10463494132985658
0 0.73400390625 0.9104367666232073 0.0219873046875 0.11117340286831812
0 0.627177734375 0.4257431551499348 0.0223681640625 0.03519556714471969
0 0.5695849609375 0.5257431551499349 0.0245166015625 0.043631029986962194
0 0.69486328125 0.7238591916558019 0.0433447265625 0.08938070404172099
0 0.7109423828125 0.6654758800521513 0.0159814453125 0.012040417209908734
0 0.687880859375 0.3217014341590613 0.0227587890625 0.04025423728813559