0 0.766347417863539 0.17909312867974772 0.11032784332751233 0.2697598362036246
0 0.8296938956700796 0.5368249461353999 0.06950977739165642 0.19334925258584673
0 0.8496100065588766 0.4873659537952119 0.030680068920185304 0.0960591783841493
0 0.8656636804016162 0.586137055939659 0.02108457972300435 0.053456433655662584
0 0.8558166492154348 0.7014040740766482 0.06599344829706766 0.1634366044037552
0 0.877927563569034 0.8414715859020746 0.05930822927227671 0.14346638050333999
0 0.8917022944644477 0.9277888452971078 0.044977976060392715 0.05566609520356194
0 0.5164382547683268 0.04948807019486163 0.04264849650733772 0.03741515100487276
0 0.5062970992147979 0.06877434612065349 0.02321191285314356 0.048518972057250316
0 0.47285578192137384 0.06053926747160527 0.032573670248827985 0.06431012258283852
0 0.5099561330328212 0.20841897718475846 0.01843962673069161 0.06125869543628675
0 0.5362496377957854 0.4237058675359532 0.02524487019408901 0.09499703527873098
0 0.4781823335551776 0.3603457013431551 0.034448320350322595 0.030387153738049406
0 0.42509128918487776 0.0897987212785069 0.0284196968534596 0.02349415864092968
0 0.5265609138490546 0.6193739177392121 0.030667054422204902 0.032324812984546314
0 0.5737715958285461 0.8689143431953449 0.030654420270772604 0.030875537622227636
0 0.6309236847834129 0.9517722256945954 0.02412750848543263 0.09130634578808222
0 0.6024207249060002 0.7320025070867405 0.02646330511420328 0.11028192766793045
0 0.3699666011883361 0.17726444439414593 0.014765370743199975 0.013230105225209567
0 0.21064155890111466 0.1688079355544617 0.062205865293233874 0.16464962596909266
0 0.2351417748537979 0.3028679045309495 0.0466701916592157 0.125298813679718
0 0.25221173719373624 0.39373549326749485 0.03481471074185733 0.0724161392452957
0 0.31057057778365516 0.6461417178868368 0.06497084272415277 0.17061548013049743
0 0.3432299089011987 0.7825195392026117 0.06139765994811903 0.13418109281797114
0 0.3687085108967839 0.9043281686842413 0.06147346485671245 0.14287674499188419
0 0.392002735907511 0.980669145849427 0.05319078636884002 0.03866170830114592
0 0.29394905341176164 0.07766245803627406 0.036064350694004425 0.029039130003008288
0 0.30614862478237437 0.1388953410752426 0.04009829965076672 0.05608697800288815
0 0.31920990646841485 0.2056136325365457 0.04059065121007578 0.050323627096038735
0 0.35807808791400475 0.40067916788112595 0.052136975763892375 0.12998414519093354
0 0.42200813453119024 0.7008697907694561 0.10012111917206018 0.40600759655181107
0 0.47784204656740253 0.9595067715788775 0.04872171988076162 0.08098645684224497
0 0.3899221359176214 0.3812936382900514 0.026829315159190223 0.09002582313789267