0 0.320126953125 0.21419817470664929 0.020087890625 0.047001303780964794
0 0.640126953125 0.3214276401564537 0.0143505859375 0.042001303780964803
0 0.690703125 0.1401303780964798 0.0238134765625 0.05113428943937418
0 0.543232421875 0.1271838331160365 0.009892578125 0.057470664928292045
0 0.5407763671875 0.3103259452411995 0.0055029296875 0.028911342894393743
0 0.5389697265625 0.38685788787483705 0.00705078125 0.03713168187744459
0 0.4021435546875 0.44981095176010427 0.0214013671875 0.01647327249022164
0 0.2544091796875 0.3831877444589309 0.042333984375 0.029791395045632336
0 0.277265625 0.3227640156453716 0.0230126953125 0.06930247718383312
0 0.4015576171875 0.9650912646675359 0.020224609375 0.02803780964797914
0 0.344609375 0.9720860495436767 0.0187646484375 0.05582138200782268
0 0.7514697265625 0.8516492829204694 0.0258984375 0.04114732724902216
0 0.238974609375 0.1930769230769231 0.015341796875 0.12890482398956976