0 0.0979296875 0.15260104302477184 0.128798828125 0.30086049543676663
0 0.4286181640625 0.14004563233376793 0.4281982421875 0.087496740547588
0 0.0181884765625 0.44689048239895696 0.03572265625 0.6886505867014342
0 0.31078125 0.3511212516297262 0.0336474609375 0.30338983050847457
0 0.4117919921875 0.49410691003911344 0.1380517578125 0.04493481095176011
0 0.5041455078125 0.32264667535853975 0.2951318359375 0.069374185136897
0 0.502578125 0.6149413298565841 0.38224609375 0.1551760104302477
0 0.744130859375 0.6053520208604954 0.0905517578125 0.04386571056062582
0 0.1188720703125 0.5658409387222947 0.10705078125 0.23354628422425033
0 0.153212890625 0.886864406779661 0.040830078125 0.03228161668839635
0 0.343916015625 0.9597522816166884 0.0630810546875 0.028057366362451108
0 0.585908203125 0.9879791395045632 0.1065087890625 0.02403520208604954
0 0.7342578125 0.9542112125162973 0.1015087890625 0.07844850065189049
0 0.8866796875 0.9206062581486311 0.0250927734375 0.15878096479791395
0 0.7572021484375 0.0970664928292047 0.097666015625 0.0485593220338983
0 0.091865234375 0.9777835723598436 0.024306640625 0.044439374185136896
0 0.01267578125 0.983826597131682 0.010859375 0.032346805736636244