0 0.4495849609375 0.0738135593220339 0.1001318359375 0.1420664928292047
0 0.4453515625 0.21295306388526727 0.019619140625 0.1339374185136897
0 0.563837890625 0.03091916558018253 0.060478515625 0.05520860495436766
0 0.5603564453125 0.12088005215123859 0.0175 0.12228161668839636
0 0.7711279296875 0.07119947848761408 0.11484375 0.13470013037809647
0 0.772734375 0.16929595827900912 0.0188037109375 0.06073011734028683
0 0.517470703125 0.5670664928292047 0.023046875 0.01714471968709257
0 0.56978515625 0.5676857887874838 0.0125341796875 0.015000000000000001
0 0.320166015625 0.6516036505867014 0.0161962890625 0.02346805736636245
0 0.3721826171875 0.6832529335071708 0.011015625 0.023461538461538464
0 0.37375 0.777503259452412 0.01330078125 0.02207301173402868
0 0.3193212890625 0.7445632333767928 0.017890625 0.022874837027379403
0 0.4079931640625 0.6427249022164276 0.0443603515625 0.024921773142112122
0 0.3582177734375 0.6257757496740548 0.0186376953125 0.022666232073011737