0 0.2030064192505807 0.5859450326226732 0.06639664157167363 0.06285869741753519
0 0.21984068599531165 0.31136542498027614 0.0368897402381912 0.06739289610251971
0 0.23830618995197772 0.22121889591142233 0.04993091536154884 0.059332127215949125
0 0.27317497776777777 0.16544970354880673 0.04891216008868074 0.08536306870440262
0 0.403100468707271 0.0944995760227179 0.049845005211152205 0.1889991520454358
0 0.44055760276160627 0.1759262826087055 0.06259654508362743 0.05829817380902801
0 0.38396987928905546 0.24559889847817115 0.022043820202047905 0.0654167139740078
0 0.3642962551494364 0.43858597841445157 0.04656323389271366 0.268694755450296
0 0.3296579398430308 0.772788630486778 0.05214132788463689 0.3305848992227178
0 0.37677634040921226 0.9260511197219378 0.043904293874737106 0.049639827336506806
0 0.02980975021298784 0.7226321095034989 0.030337533448655637 0.10636237222355384
0 0.06642526676186357 0.6252643212718043 0.050335691676516574 0.12642677656280119
0 0.10828832483369441 0.5373669802382228 0.046597241434738486 0.12469510726829688
0 0.1519386783996311 0.43408326604544606 0.04813024616298872 0.09800227250670024
0 0.06354524741533331 0.2861237945744264 0.08239435301111728 0.0691688016277663
0 0.4386019266520413 0.021133561540111513 0.02928954726209891 0.042267123080223026
0 0.37452631730564806 0.011737133993607577 0.04142551596722835 0.023474267987215153
0 0.30228197460524064 0.10096259787193614 0.033166701557980106 0.06636844038651622
0 0.33080536996026977 0.03571387316728771 0.032292318262885956 0.07142774633457542
0 0.6296497702313444 0.023817564029586527 0.032138202647215966 0.047635128059173054
0 0.642246493574039 0.10482037369071286 0.025674389512856978 0.062197888219007055
0 0.6695886113456356 0.32460571757298895 0.05055712146212542 0.11232782529814461
0 0.6869985185255734 0.41735083465821426 0.032400199193854874 0.07971485776731443
0 0.7462063978457399 0.930576079696624 0.02680669364036486 0.01711750041639206
0 0.7276385856911637 0.7603457554602138 0.049919579514207106 0.1073320099432821
0 0.7070255572100677 0.6423675510757507 0.0343744712838779 0.09753115814590478
0 0.8040065724819125 0.441702886189518 0.019062128686498626 0.02563147235653806
0 0.46828644170599226 0.9369971870307091 0.03753295010978025 0.048388770093715734