0 0.11987014727752686 0.40983626731965084 0.23974029455505372 0.5573556238536824
0 0.18538472811938464 0.8475878194484906 0.10740173893474438 0.22157311349901773
0 0.4630874873792873 0.9089024200416146 0.05639151104863051 0.18219515991677085
0 0.41818134988916933 0.9071797243678056 0.049534855025191914 0.08731374275682384
0 0.5186039848756134 0.6805203398796302 0.053278406435141784 0.21356367219198924
0 0.578723962453537 0.4132602719687967 0.048201865004155776 0.18738122862352427
0 0.6822757742157675 0.5079185949099971 0.038140525528176206 0.06339129603847857
0 0.6227810643060578 0.6134864848260683 0.03806933410823324 0.05410139973258485
0 0.7081432584888374 0.9760522238535494 0.04676767834880317 0.04789555229290115
0 0.644233035073267 0.9964204758123467 0.09963973505074755 0.0071590483753065075
0 0.4522307094641592 0.2927815684158522 0.022931124107387277 0.03392555355459753
0 0.3493917991829984 0.4975705680078171 0.03105977244147386 0.0450431542391623
0 0.2299036691933634 0.6268073243818865 0.09419654916967178 0.18427306924598807
0 0.2078623966985271 0.5248555735210689 0.03597346133999461 0.10106161445596866