0 0.47984194019493204 0.33972617414511974 0.09131044219880081 0.4024388941147913
0 0.4286295665338076 0.4685676283665269 0.03244647058566419 0.03245814650208725
0 0.518366627131321 0.690578452471612 0.025710984569110203 0.10001329371997622
0 0.5235219730471036 0.7889618019302153 0.02462702953079036 0.09789680804774945
0 0.5024577287395706 0.7846935220212664 0.024603434926662882 0.09722021806128125
0 0.4575923035887523 0.7315322698827278 0.024847686391135198 0.03180777865592126
0 0.4248294009746866 0.7296144006441702 0.02994963280278575 0.04775956905238964
0 0.39831763415982857 0.7005159694478021 0.01784016405134135 0.07707881417677072
0 0.5005882806364336 0.5848433535206389 0.06577704045033729 0.07578509064407693
0 0.4849396212658592 0.6570126063664877 0.03393293064569867 0.07508331564958386
0 0.5357633447916111 0.6479406908201031 0.027687344309635927 0.04082023776206329
0 0.458131562690902 0.5422690729553304 0.04173157059953825 0.06698137152807448
0 0.3403601098504481 0.5955214601356363 0.0383270389335232 0.07073740645200624
0 0.34114633883408035 0.6598756567048831 0.022632587106240675 0.026221627338531308
0 0.19550650452751867 0.4767152754088379 0.073144068858231 0.1566895197414924
0 0.16994748813369068 0.6013373879220814 0.0465753731173326 0.10449732577870295
0 0.15063405807592525 0.6916964225478041 0.03756230942669852 0.09225821244975539
0 0.1319514344906846 0.7712083384618299 0.041685778142829796 0.09463484526044837
0 0.11505920731604306 0.8573127228148937 0.04024790404259705 0.08236950979119859
0 0.09933976413308619 0.9315117456201473 0.03072825473899438 0.07008703860584024
0 0.0886639792272344 0.9769471261424477 0.024175938549273926 0.027028290894232768
0 0.07151732529585313 0.23031592787236024 0.02602601984596515 0.03663062427402075
0 0.2644008637688252 0.1304978683893852 0.08944918688973608 0.16078333109251952
0 0.24222138768533796 0.28855925951833894 0.08087332175123466 0.17556445936588885
0 0.3873741533575434 0.18877897754740114 0.06048633720566646 0.0544205803558631
0 0.4355835767403446 0.7688309162851622 0.02144315472512026 0.03556381357985285
0 0.3898971539893929 0.8840452872063288 0.02510722703653802 0.03925026850707146
0 0.2723040574314423 0.9032165957828128 0.04892094110070201 0.12830804887432323
0 0.9204625293420228 0.1168445399153094 0.11130594556286141 0.2226907962882212
0 0.719609015933483 0.006042175142147617 0.034946101871635854 0.012084350284295234
0 0.7759370407204338 0.4014034681887791 0.025885848972746817 0.061577738060522066
0 0.7966188076454297 0.7642387373517104 0.03477123746799947 0.1136055870218605
0 0.7716420493073664 0.7852644340805516 0.04163998568612134 0.12228831899282241
0 0.613497960904194 0.3306477650052352 0.02879489395208348 0.04361331342075811
0 0.5641120739356332 0.4505634758333226 0.03267131770064922 0.053389078226190365
0 0.7128573546450171 0.6098480972491309 0.05977019365864346 0.10630122003185909
0 0.7236872028534713 0.5455115549621319 0.018296766952961528 0.01775568464962437
0 0.6658470282750384 0.20541916106837546 0.030503407624009528 0.04915610688173697