0 0.43362354575056755 0.079509078021073 0.06684887902963886 0.05028229304856797
0 0.4740487958126698 0.39555822671978774 0.06595823774540047 0.061274813409172416
0 0.512062231053913 0.6979406818525169 0.06172710386896047 0.05406923786680426
0 0.5746562138727567 0.7843488124554311 0.031197836304223684 0.052622447425795096
0 0.5485260787604348 0.9750333974529882 0.05973802290848118 0.049933205094023624
0 0.6088772865796123 0.9889706841114813 0.016614735554077442 0.02205863177703748
0 0.6271170948663117 0.9431350478829524 0.034307221638977634 0.11372990423409518
0 0.6512731452546093 0.90773302730449 0.03866104622051631 0.0697273636844133
0 0.35800327055335435 0.8117483644259224 0.024622647952142675 0.06390785466598879
0 0.36265569412276316 0.6539074507996535 0.01674122153181827 0.05437388738435287
0 0.28833488962564835 0.3745939163722001 0.03222399827889836 0.05200337104859306
0 0.2660548519817355 0.29550792047473334 0.047032966846438595 0.07722288544688145
0 0.344263656126966 0.1185907279885408 0.015089044661108846 0.04665796529732032
0 0.491226034659116 0.07212129344321518 0.021688717431250386 0.07683009071322382
0 0.5565560407106486 0.40514262561027536 0.14568709042135308 0.7412055642817702
0 0.6373002067729396 0.5298541310777745 0.041730497431844885 0.06717857162058101
0 0.6490475832892313 0.6220465200695282 0.022263143771137063 0.041632867724680236
0 0.9088925650067564 0.9368471864213329 0.019374386813723454 0.05801291843304919
0 0.8856662336350196 0.6922601900565782 0.032019995159538 0.11555467425843671
0 0.8488098293951422 0.24182890251103822 0.016533423139815533 0.03846793994313572
0 0.8414633486601891 0.16967224658536142 0.019220796697895323 0.04625634858519327