0 0.754951171875 0.4547262059973924 0.05537109375 0.06944589308996088
0 0.578125 0.7540026075619297 0.0307421875 0.12071056062581485
0 0.9488427734375 0.8651303780964797 0.102314453125 0.20351368970013037
0 0.4883837890625 0.9748109517601042 0.027177734375 0.015039113428943937
0 0.1020751953125 0.9107822685788788 0.0897119140625 0.17843546284224251
0 0.1705126953125 0.3140808344198175 0.018017578125 0.029295958279009125
0 0.1667431640625 0.418715775749674 0.0129931640625 0.06241851368970013
0 0.367744140625 0.033174706649282924 0.10787109375 0.043070404172099085
0 0.4993798828125 0.04082138200782268 0.0945458984375 0.05627118644067796
0 0.4375341796875 0.3214276401564537 0.0165771484375 0.02092568448500652
0 0.5787890625 0.07384615384615385 0.0235107421875 0.1251238591916558
0 0.5748095703125 0.2183572359843546 0.02591796875 0.13415906127770535
0 0.5742919921875 0.3230573663624511 0.0229638671875 0.05931551499348109
0 0.556787109375 0.39220990873533246 0.0177783203125 0.01983050847457627