0 0.3846337890625 0.5073598435462842 0.044755859375 0.08241851368970013
0 0.3063671875 0.35662320730117336 0.0131640625 0.056603650586701436
0 0.3460400390625 0.36803780964797916 0.024580078125 0.040352020860495434
0 0.2685009765625 0.6592177314211213 0.1560986328125 0.35634941329856584
0 0.35748046875 0.4368187744458931 0.0363134765625 0.02452411994784876
0 0.380322265625 0.39753585397653196 0.0152685546875 0.031010430247718383
0 0.48158203125 0.269387222946545 0.0115869140625 0.21071707953063887
0 0.48158203125 0.061153846153846156 0.0081640625 0.11636897001303781
0 0.6826416015625 0.24855932203389833 0.0329736328125 0.10623859191655802
0 0.6736962890625 0.18441329856584093 0.0108056640625 0.019067796610169493
0 0.640888671875 0.06965449804432855 0.0059375 0.01571707953063885
0 0.6489306640625 0.2130704041720991 0.0185986328125 0.04211864406779661
0 0.75544921875 0.3600782268578879 0.0181982421875 0.058552803129074314
0 0.709033203125 0.348767926988266 0.0267236328125 0.08848109517601042
0 0.703818359375 0.2916297262059974 0.0093798828125 0.010945241199478487
0 0.650048828125 0.29922425032594524 0.0174072265625 0.017913950456323338
0 0.709462890625 0.49417209908735327 0.0186181640625 0.06287483702737941
0 0.5933251953125 0.5119947848761408 0.01861328125 0.02026727509778357
0 0.5580810546875 0.5127900912646676 0.019990234375 0.015593220338983051
0 0.5352392578125 0.4937222946544981 0.0205078125 0.011720990873533246
0 0.763447265625 0.9266818774445893 0.101328125 0.141251629726206
0 0.79720703125 0.1616818774445893 0.013984375 0.05039113428943937
0 0.8157275390625 0.0849413298565841 0.0125244140625 0.04395045632333768
0 0.3539794921875 0.7177705345501956 0.038720703125 0.022333767926988265
0 0.4012451171875 0.8044719687092569 0.00919921875 0.15005215123859192
0 0.34642578125 0.14960886571056062 0.044052734375 0.023702737940026076