0 0.28312931176532863 0.8538445780162999 0.04428430211016357 0.28115536714486605
0 0.42493718407363223 0.7300133249304056 0.09667600151520996 0.5399733501391888
0 0.639631210327636 0.7101294241648889 0.03168606930599371 0.046806843933748454
0 0.8924030280084699 0.8142712282262701 0.02171942664001432 0.05519888430145793
0 0.8502852818500951 0.764437591714442 0.027607334106657232 0.026544322293841852
0 0.9119080540291761 0.7576239291545885 0.02342978976150183 0.031164932483154755
0 0.9726929178669512 0.6721522059905866 0.023715147406586055 0.04754669886492113
0 0.9917891862321135 0.6378723397054697 0.01085949047638011 0.012308873387116281
0 0.44887450444200444 0.3008640362998104 0.05349323529945524 0.16815375827541226
0 0.49434206502209194 0.11522556509430067 0.08250076117424786 0.15285786094468293
0 0.6211849285482589 0.26227924023646204 0.34093029098936295 0.16929675853097162
0 0.6236255133146412 0.15794353033204925 0.10968537086583752 0.09402338396754971
0 0.638240269408363 0.11083413178610296 0.0432890796559109 0.04068848500145674
0 0.8267365127561838 0.6500534336468421 0.028289265396778018 0.03513697394040566
0 0.8238096093986736 0.5584151093737375 0.03406729392523089 0.12239670563143447
0 0.8143622718573088 0.4743971295470755 0.03483562750703623 0.10539397473652774
0 0.6485512565683018 0.7638767487208956 0.025363921944657752 0.050532631012589764